0 0.34921875 0.09375 0.0421875 0.11328125
0 0.346875 0.046875 0.04140625 0.09296875
0 0.28984375 0.53828125 0.04921875 0.21640625
0 0.26328125 0.65546875 0.05390625 0.2375
0 0.6765625 0.80546875 0.0515625 0.21875
0 0.5546875 0.35625 0.05390625 0.1953125
0 0.5875 0.33046875 0.040625 0.2
0 0.5828125 0.1828125 0.05 0.16015625
0 0.63515625 0.25234375 0.0359375 0.1015625
0 0.59921875 0.66484375 0.05 0.2328125
0 0.79375 0.32578125 0.04609375 0.190625
0 0.771875 0.21875 0.03671875 0.17421875
0 0.7609375 0.1734375 0.028125 0.15546875
0 0.83203125 0.21953125 0.0359375 0.171875
0 0.86015625 0.18984375 0.03046875 0.17421875
0 0.83203125 0.13359375 0.034375 0.13671875
0 0.78828125 0.14765625 0.034375 0.15546875
0 0.7453125 0.065625 0.03828125 0.10390625
0 0.7734375 0.040625 0.034375 0.08125
0 0.80703125 0.04765625 0.0421875 0.0953125
0 0.25 0.04453125 0.02890625 0.08828125
0 0.0609375 0.54453125 0.053125 0.228125
0 0.03671875 0.51875 0.0453125 0.2375
0 0.1296875 0.3609375 0.040625 0.1953125
0 0.0984375 0.3546875 0.03828125 0.18359375
0 0.1 0.275 0.02890625 0.10390625
0 0.07109375 0.2984375 0.03203125 0.18359375
0 0.03984375 0.3234375 0.03046875 0.1859375
0 0.01328125 0.30546875 0.0265625 0.16953125
0 0.13515625 0.13359375 0.0359375 0.14609375
0 0.509375 0.203125 0.0421875 0.153125
0 0.54296875 0.19453125 0.03828125 0.16953125
0 0.3375 0.915625 0.075 0.16875
0 0.44609375 0.22109375 0.04609375 0.20234375
0 0.7109375 0.04765625 0.028125 0.0953125
0 0.1703125 0.096875 0.03203125 0.125
0 0.946875 0.5359375 0.0453125 0.22578125
0 0.5453125 0.8796875 0.06796875 0.23984375
0 0.39765625 0.30234375 0.0453125 0.1953125
0 0.23125 0.15390625 0.0421875 0.1484375
0 0.45 0.9109375 0.071875 0.178125
0 0.4484375 0.7609375 0.06484375 0.228125
0 0.1015625 0.2453125 0.0453125 0.134375
0 0.034375 0.21171875 0.0421875 0.14140625