0 0.9828125 0.58671875 0.034375 0.2015625
0 0.96953125 0.478125 0.05390625 0.18046875
0 0.91171875 0.41875 0.040625 0.20625
0 0.8703125 0.43359375 0.05 0.19453125
0 0.8453125 0.30390625 0.03984375 0.1875
0 0.87734375 0.29453125 0.03828125 0.1546875
0 0.8828125 0.253125 0.0328125 0.14296875
0 0.965625 0.26015625 0.04609375 0.16640625
0 0.92421875 0.246875 0.03828125 0.14765625
0 0.91171875 0.23515625 0.0265625 0.14296875
0 0.88515625 0.0859375 0.03046875 0.1453125
0 0.853125 0.08828125 0.03671875 0.16875
0 0.83515625 0.078125 0.034375 0.15625
0 0.79609375 0.07890625 0.03671875 0.13125
0 0.75703125 0.06875 0.03828125 0.1375
0 0.71484375 0.06484375 0.0359375 0.1296875
0 0.65546875 0.09765625 0.0421875 0.1125
0 0.65625 0.0484375 0.040625 0.096875
0 0.7140625 0.540625 0.0484375 0.215625
0 0.740625 0.65625 0.05390625 0.23671875
0 0.77734375 0.95703125 0.05546875 0.08515625
0 0.69921875 0.94609375 0.0578125 0.1078125
0 0.6421875 0.9625 0.053125 0.075
0 0.63359375 0.85625 0.06484375 0.234375
0 0.55 0.93203125 0.05625 0.1359375
0 0.55859375 0.87265625 0.0671875 0.1640625
0 0.4265625 0.9546875 0.05546875 0.08984375
0 0.41015625 0.69921875 0.06171875 0.225
0 0.3296875 0.80625 0.0515625 0.21796875
0 0.046875 0.659375 0.04609375 0.234375
0 0.53515625 0.37890625 0.0484375 0.1921875
0 0.45078125 0.35859375 0.05390625 0.19453125
0 0.41796875 0.3328125 0.040625 0.19921875
0 0.42265625 0.18671875 0.05 0.159375
0 0.44375 0.1515625 0.034375 0.16875
0 0.47578125 0.16953125 0.03828125 0.15234375
0 0.54609375 0.134375 0.0421875 0.18984375
0 0.3703125 0.25546875 0.03515625 0.10078125
0 0.28984375 0.21953125 0.0421875 0.159375
0 0.22734375 0.271875 0.03828125 0.17109375
0 0.2375 0.22421875 0.03828125 0.16875
0 0.18828125 0.28984375 0.0421875 0.178125
0 0.1453125 0.259375 0.03515625 0.1875
0 0.27265625 0.12109375 0.03984375 0.159375
0 0.2328125 0.1203125 0.03515625 0.13828125
0 0.2015625 0.125 0.034375 0.16171875
0 0.1703125 0.1484375 0.034375 0.15234375
0 0.1375 0.16484375 0.040625 0.14296875
0 0.22421875 0.07421875 0.034375 0.140625