0 0.35078125 0.1015625 0.0421875 0.11328125
0 0.34921875 0.05 0.0421875 0.1
0 0.29140625 0.54609375 0.04921875 0.21640625
0 0.26484375 0.6625 0.05390625 0.2375
0 0.678125 0.81328125 0.0515625 0.21875
0 0.55625 0.3640625 0.05390625 0.1953125
0 0.5890625 0.3375 0.040625 0.2
0 0.584375 0.190625 0.05 0.16015625
0 0.63671875 0.26015625 0.0359375 0.1015625
0 0.60078125 0.671875 0.05 0.2328125
0 0.7953125 0.3328125 0.04609375 0.190625
0 0.7734375 0.22578125 0.03671875 0.17421875
0 0.7625 0.18125 0.028125 0.15546875
0 0.834375 0.22734375 0.0359375 0.171875
0 0.86171875 0.19765625 0.03046875 0.17421875
0 0.83359375 0.14140625 0.034375 0.13671875
0 0.78984375 0.15546875 0.034375 0.15546875
0 0.746875 0.07265625 0.03828125 0.10390625
0 0.7765625 0.04453125 0.034375 0.0890625
0 0.80859375 0.0515625 0.0421875 0.103125
0 0.25234375 0.04765625 0.0296875 0.0953125
0 0.0625 0.55234375 0.053125 0.228125
0 0.03828125 0.52578125 0.0453125 0.2375
0 0.13125 0.36875 0.040625 0.1953125
0 0.1 0.3625 0.03828125 0.18359375
0 0.1015625 0.2828125 0.02890625 0.10390625
0 0.07265625 0.30625 0.03203125 0.18359375
0 0.04140625 0.33046875 0.03046875 0.1859375
0 0.0140625 0.3125 0.028125 0.16953125
0 0.13671875 0.14140625 0.0359375 0.14609375
0 0.5109375 0.2109375 0.0421875 0.153125
0 0.54453125 0.20234375 0.03828125 0.16953125
0 0.3390625 0.91953125 0.075 0.1609375
0 0.44765625 0.228125 0.04609375 0.20234375
0 0.7125 0.0515625 0.028125 0.103125
0 0.171875 0.1046875 0.03203125 0.125
0 0.9484375 0.54375 0.0453125 0.22578125
0 0.546875 0.88359375 0.06796875 0.2328125
0 0.39921875 0.309375 0.0453125 0.1953125
0 0.2328125 0.1609375 0.0421875 0.1484375
0 0.4515625 0.91484375 0.071875 0.1703125
0 0.45078125 0.76875 0.06484375 0.228125
0 0.103125 0.253125 0.0453125 0.134375
0 0.0359375 0.21875 0.0421875 0.14140625