0 0.01328125 0.61875 0.0265625 0.21484375
0 0.02578125 0.50234375 0.0515625 0.19296875
0 0.084375 0.4390625 0.04375 0.2203125
0 0.12890625 0.45546875 0.053125 0.2078125
0 0.15546875 0.31640625 0.0421875 0.2
0 0.12109375 0.30625 0.040625 0.16484375
0 0.115625 0.2625 0.03515625 0.15234375
0 0.0265625 0.2703125 0.04921875 0.17734375
0 0.0703125 0.25546875 0.040625 0.1578125
0 0.08359375 0.24296875 0.028125 0.15234375
0 0.1125 0.084375 0.03203125 0.1546875
0 0.146875 0.08828125 0.0390625 0.17578125
0 0.165625 0.0796875 0.03671875 0.159375
0 0.20703125 0.0765625 0.0390625 0.13984375
0 0.24921875 0.06953125 0.040625 0.1390625
0 0.29296875 0.065625 0.0390625 0.13125
0 0.3578125 0.096875 0.0453125 0.1203125
0 0.35625 0.04765625 0.04375 0.0953125
0 0.2953125 0.56875 0.05234375 0.2296875
0 0.2671875 0.69296875 0.0578125 0.25234375
0 0.22734375 0.984375 0.059375 0.03125
0 0.3109375 0.97265625 0.06171875 0.05390625
0 0.37109375 0.990625 0.0578125 0.01875
0 0.38125 0.890625 0.06875 0.21875
0 0.46953125 0.9578125 0.06015625 0.084375
0 0.4609375 0.91796875 0.07109375 0.1640625
0 0.60234375 0.98203125 0.059375 0.0359375
0 0.61953125 0.7390625 0.065625 0.23984375
0 0.70546875 0.853125 0.0546875 0.2328125
0 0.99140625 0.69609375 0.0171875 0.25
0 0.4859375 0.396875 0.05234375 0.2046875
0 0.57578125 0.375 0.0578125 0.2078125
0 0.6109375 0.34765625 0.04375 0.2125
0 0.60625 0.19140625 0.053125 0.1703125
0 0.58359375 0.15390625 0.03671875 0.1796875
0 0.54921875 0.17265625 0.040625 0.1625
0 0.47421875 0.13515625 0.0453125 0.20234375
0 0.66171875 0.265625 0.03828125 0.1078125
0 0.74765625 0.2265625 0.0453125 0.1703125
0 0.81484375 0.2828125 0.040625 0.1828125
0 0.803125 0.23125 0.040625 0.1796875
0 0.85625 0.3015625 0.0453125 0.18984375
0 0.9015625 0.26875 0.03828125 0.2
0 0.76640625 0.121875 0.0421875 0.1703125
0 0.809375 0.1203125 0.03828125 0.14765625
0 0.8421875 0.125 0.03671875 0.17265625
0 0.87578125 0.15 0.03671875 0.1625
0 0.91015625 0.16796875 0.04375 0.15234375
0 0.81875 0.07265625 0.0375 0.1453125