0 0.6484375 0.09453125 0.04375 0.11640625
0 0.65 0.046875 0.0421875 0.09375
0 0.70859375 0.5515625 0.05 0.22265625
0 0.7359375 0.67109375 0.05546875 0.24453125
0 0.31171875 0.82578125 0.053125 0.225
0 0.43671875 0.3640625 0.05546875 0.20078125
0 0.403125 0.3375 0.0421875 0.20546875
0 0.4078125 0.1859375 0.0515625 0.1640625
0 0.35390625 0.2578125 0.03671875 0.10390625
0 0.39140625 0.68046875 0.0515625 0.2390625
0 0.190625 0.3328125 0.04765625 0.19609375
0 0.25703125 0.18046875 0.040625 0.171875
0 0.21328125 0.22265625 0.03828125 0.17890625
0 0.225 0.1765625 0.02890625 0.159375
0 0.1515625 0.2234375 0.03671875 0.1765625
0 0.12265625 0.19375 0.03125 0.17890625
0 0.15234375 0.13515625 0.03515625 0.13984375
0 0.196875 0.15 0.03515625 0.159375
0 0.24140625 0.065625 0.0390625 0.10625
0 0.21171875 0.04140625 0.03515625 0.08203125
0 0.17734375 0.0484375 0.04375 0.096875
0 0.75 0.04453125 0.0296875 0.0890625
0 0.753125 0.12578125 0.03671875 0.15
0 0.94453125 0.55703125 0.0546875 0.234375
0 0.96875 0.53046875 0.04609375 0.24453125
0 0.87265625 0.36875 0.0421875 0.20078125
0 0.90546875 0.3625 0.0390625 0.18828125
0 0.90390625 0.28046875 0.0296875 0.10625
0 0.93359375 0.3046875 0.0328125 0.18828125
0 0.965625 0.3296875 0.03125 0.190625
0 0.98984375 0.31171875 0.0203125 0.17421875
0 0.87265625 0.22578125 0.04453125 0.16171875
0 0.8671875 0.13515625 0.03671875 0.15
0 0.48359375 0.20703125 0.04375 0.15703125
0 0.44921875 0.1984375 0.0390625 0.17421875
0 0.66015625 0.9265625 0.07578125 0.146875
0 0.54375 0.82421875 0.06484375 0.2609375
0 0.57578125 0.325 0.04765625 0.20078125
0 0.5484375 0.225 0.04765625 0.2078125
0 0.2765625 0.0484375 0.0296875 0.096875
0 0.83125 0.09765625 0.0328125 0.128125
0 0.03359375 0.54921875 0.04609375 0.23203125
0 0.5578125 0.93359375 0.0703125 0.1328125
0 0.44609375 0.8890625 0.06953125 0.22109375