0 0.2921875 0.06484375 0.0375 0.1296875
0 0.353125 0.09765625 0.0421875 0.11328125
0 0.3515625 0.0484375 0.040625 0.096875
0 0.29375 0.54453125 0.04921875 0.2171875
0 0.2671875 0.66171875 0.0546875 0.23828125
0 0.2296875 0.9609375 0.05546875 0.07734375
0 0.309375 0.95 0.05859375 0.09921875
0 0.68203125 0.8125 0.0515625 0.21953125
0 0.559375 0.3609375 0.0546875 0.19609375
0 0.59296875 0.33515625 0.04140625 0.20078125
0 0.58828125 0.1875 0.05078125 0.1609375
0 0.5671875 0.15234375 0.034375 0.1703125
0 0.534375 0.16953125 0.03828125 0.15390625
0 0.640625 0.25703125 0.0359375 0.1015625
0 0.7859375 0.27421875 0.03828125 0.17265625
0 0.775 0.22578125 0.03828125 0.1703125
0 0.825 0.29140625 0.0421875 0.1796875
0 0.73984375 0.12109375 0.03984375 0.1609375
0 0.78046875 0.1203125 0.0359375 0.1390625
0 0.81171875 0.125 0.034375 0.16328125
0 0.84375 0.1484375 0.034375 0.15390625
0 0.8765625 0.16484375 0.04140625 0.14375
0 0.7890625 0.07421875 0.034375 0.14140625
0 0.590625 0.690625 0.0515625 0.2359375
0 0.4765625 0.9234375 0.0609375 0.153125
0 0.45234375 0.87421875 0.06953125 0.2484375
0 0.46171875 0.3578125 0.053125 0.203125
0 0.45078125 0.16015625 0.0515625 0.18671875
0 0.015625 0.2890625 0.03125 0.175
0 0.01875 0.51875 0.0375 0.175
0 0.096875 0.49921875 0.0515625 0.23125
0 0.06796875 0.4734375 0.0453125 0.2265625
0 0.03828125 0.28125 0.028125 0.16796875
0 0.0640625 0.28203125 0.03359375 0.1703125
0 0.08828125 0.27734375 0.03984375 0.184375
0 0.1171875 0.33671875 0.03203125 0.175
0 0.1453125 0.33515625 0.0453125 0.19140625
0 0.1171875 0.25390625 0.0265625 0.10390625
0 0.11484375 0.11171875 0.02890625 0.1703125
0 0.1421875 0.115625 0.03828125 0.17265625
0 0.15546875 0.19453125 0.04140625 0.165625
0 0.16015625 0.0859375 0.034375 0.15625
0 0.19453125 0.1015625 0.03203125 0.134375
0 0.25234375 0.0953125 0.04140625 0.1515625
0 0.9546875 0.603125 0.0546875 0.221875
0 0.7296875 0.1984375 0.03359375 0.16328125
0 0.85390625 0.23125 0.04765625 0.16328125
0 0.3640625 0.8890625 0.06953125 0.221875