0 0.37109375 0.08671875 0.046875 0.12421875
0 0.36875 0.04296875 0.0453125 0.0859375
0 0.30625 0.5765625 0.05390625 0.23828125
0 0.2765625 0.70546875 0.059375 0.26171875
0 0.73125 0.87109375 0.05703125 0.24140625
0 0.59765625 0.37578125 0.059375 0.215625
0 0.63359375 0.346875 0.0453125 0.2203125
0 0.62890625 0.18515625 0.05546875 0.1765625
0 0.68671875 0.26171875 0.0390625 0.11171875
0 0.478125 0.15546875 0.05703125 0.2046875
0 0.3828125 0.91640625 0.07578125 0.1671875
0 0.471875 0.35625 0.0625 0.21796875
0 0.484375 0.8765625 0.07890625 0.246875
0 0.64609375 0.715625 0.05546875 0.25703125
0 0.8609375 0.3421875 0.05078125 0.21015625
0 0.790625 0.17890625 0.04375 0.184375
0 0.8375 0.22421875 0.040625 0.1921875
0 0.825 0.175 0.03046875 0.17109375
0 0.903125 0.225 0.0390625 0.1890625
0 0.934375 0.19296875 0.03359375 0.1921875
0 0.90234375 0.13046875 0.0375 0.15078125
0 0.8546875 0.14609375 0.0375 0.17109375
0 0.80703125 0.05625 0.0421875 0.11171875
0 0.8390625 0.03671875 0.0375 0.0734375
0 0.875 0.04453125 0.046875 0.0890625
0 0.55390625 0.9421875 0.07421875 0.11484375
0 0.45546875 0.98515625 0.0703125 0.02890625
0 0.26171875 0.040625 0.03203125 0.08125
0 0.2578125 0.1203125 0.0390625 0.1609375
0 0.053125 0.58359375 0.05859375 0.2515625
0 0.02734375 0.5546875 0.04921875 0.26171875
0 0.1296875 0.38125 0.0453125 0.215625
0 0.09453125 0.37421875 0.0421875 0.20234375
0 0.096875 0.2859375 0.03203125 0.1140625
0 0.06484375 0.3125 0.03515625 0.20234375
0 0.03046875 0.33984375 0.03359375 0.2046875
0 0.0078125 0.31953125 0.015625 0.18671875
0 0.1296875 0.228125 0.0484375 0.1734375
0 0.1359375 0.13046875 0.0390625 0.1609375
0 0.546875 0.20703125 0.046875 0.16875
0 0.584375 0.1984375 0.0421875 0.18671875