0 0.7203125 0.06328125 0.03671875 0.1265625
0 0.66015625 0.09375 0.0421875 0.11328125
0 0.66171875 0.046875 0.04140625 0.09296875
0 0.71875 0.53828125 0.04921875 0.21640625
0 0.7453125 0.65546875 0.05390625 0.2375
0 0.3328125 0.80546875 0.0515625 0.21875
0 0.4546875 0.35625 0.05390625 0.1953125
0 0.42109375 0.33046875 0.040625 0.2
0 0.42578125 0.1828125 0.05 0.16015625
0 0.446875 0.14765625 0.034375 0.16953125
0 0.4796875 0.165625 0.03828125 0.153125
0 0.3734375 0.25234375 0.0359375 0.1015625
0 0.2296875 0.26875 0.03828125 0.171875
0 0.23984375 0.22109375 0.03828125 0.16953125
0 0.190625 0.28671875 0.0421875 0.17890625
0 0.275 0.1171875 0.03984375 0.16015625
0 0.23515625 0.11640625 0.0359375 0.1390625
0 0.20390625 0.12109375 0.034375 0.1625
0 0.171875 0.14453125 0.034375 0.153125
0 0.13984375 0.1609375 0.040625 0.14375
0 0.2265625 0.0703125 0.034375 0.140625
0 0.42421875 0.684375 0.0515625 0.23515625
0 0.53671875 0.91953125 0.0609375 0.1609375
0 0.5609375 0.8671875 0.06875 0.246875
0 0.5515625 0.35234375 0.053125 0.20234375
0 0.5625 0.15625 0.0515625 0.1859375
0 0.98984375 0.28359375 0.0203125 0.17421875
0 0.98671875 0.51171875 0.0265625 0.1734375
0 0.91484375 0.49375 0.0515625 0.23046875
0 0.94296875 0.46796875 0.0453125 0.22578125
0 0.97265625 0.27578125 0.028125 0.1671875
0 0.94765625 0.27734375 0.0328125 0.16953125
0 0.9234375 0.27265625 0.03984375 0.18359375
0 0.89453125 0.33125 0.03203125 0.17421875
0 0.86640625 0.33046875 0.0453125 0.190625
0 0.89453125 0.24921875 0.0265625 0.10390625
0 0.896875 0.1078125 0.02890625 0.16953125
0 0.86953125 0.11171875 0.03828125 0.171875
0 0.85625 0.18984375 0.040625 0.16484375
0 0.8515625 0.08203125 0.034375 0.15546875
0 0.8171875 0.096875 0.03203125 0.134375
0 0.76015625 0.09140625 0.040625 0.15078125
0 0.06171875 0.59765625 0.05390625 0.22109375
0 0.28515625 0.19375 0.0328125 0.1625
0 0.16171875 0.2265625 0.04765625 0.1625
0 0.6484375 0.88515625 0.06875 0.2296875