0 0.7234375 0.0609375 0.03984375 0.12109375
0 0.65859375 0.08671875 0.0453125 0.12109375
0 0.66015625 0.04296875 0.04453125 0.0859375
0 0.721875 0.56484375 0.05234375 0.2328125
0 0.75 0.68984375 0.05859375 0.25546875
0 0.30625 0.85234375 0.05546875 0.23515625
0 0.4375 0.36875 0.05859375 0.21015625
0 0.4015625 0.340625 0.04375 0.21484375
0 0.40703125 0.1828125 0.05390625 0.171875
0 0.4296875 0.14453125 0.03671875 0.18203125
0 0.4640625 0.1640625 0.04140625 0.16484375
0 0.35078125 0.25703125 0.03828125 0.10859375
0 0.55390625 0.15390625 0.05546875 0.2
0 0.98984375 0.28203125 0.0203125 0.18046875
0 0.96796875 0.28359375 0.0359375 0.18203125
0 0.94140625 0.27890625 0.04296875 0.19765625
0 0.91015625 0.3421875 0.034375 0.1875
0 0.88046875 0.340625 0.0484375 0.2046875
0 0.91015625 0.25390625 0.028125 0.11171875
0 0.91328125 0.1015625 0.03125 0.18203125
0 0.88359375 0.10546875 0.04140625 0.184375
0 0.86953125 0.190625 0.04375 0.17734375
0 0.86328125 0.078125 0.0359375 0.15625
0 0.82734375 0.090625 0.034375 0.14453125
0 0.765625 0.084375 0.04375 0.16171875
0 0.646875 0.90703125 0.07421875 0.18515625
0 0.559375 0.35 0.0609375 0.2125
0 0.49609375 0.9375 0.059375 0.12421875
0 0.54765625 0.86796875 0.0765625 0.2640625
0 0.596875 0.97421875 0.0625 0.0515625
0 0.95390625 0.5421875 0.0453125 0.253125
0 0.97890625 0.51484375 0.04140625 0.23515625
0 0.38984375 0.7 0.05390625 0.25078125
0 0.0234375 0.59375 0.046875 0.24609375
0 0.1796875 0.3359375 0.05 0.2046875
0 0.24921875 0.1765625 0.04296875 0.1796875
0 0.203125 0.2203125 0.03984375 0.1875
0 0.215625 0.17265625 0.0296875 0.1671875
0 0.13828125 0.221875 0.03828125 0.184375
0 0.10859375 0.190625 0.0328125 0.1875
0 0.1390625 0.1296875 0.03671875 0.146875
0 0.1859375 0.14453125 0.03671875 0.1671875
0 0.2328125 0.05625 0.04140625 0.11171875
0 0.20078125 0.03671875 0.0359375 0.0734375
0 0.16640625 0.04453125 0.0453125 0.0890625