0 0.67421875 0.05390625 0.0453125 0.1078125
0 0.67578125 0.0234375 0.0453125 0.046875
0 0.73828125 0.5265625 0.05234375 0.2328125
0 0.76640625 0.6515625 0.05859375 0.25546875
0 0.32265625 0.81328125 0.05546875 0.23515625
0 0.45390625 0.33046875 0.05859375 0.21015625
0 0.41796875 0.30234375 0.04375 0.21484375
0 0.4234375 0.14453125 0.05390625 0.171875
0 0.3671875 0.21875 0.03828125 0.10859375
0 0.5703125 0.11484375 0.05546875 0.2
0 0.66328125 0.88828125 0.07421875 0.2234375
0 0.57578125 0.3109375 0.0609375 0.2125
0 0.5640625 0.8390625 0.0765625 0.28125
0 0.40625 0.66171875 0.05390625 0.25078125
0 0.03125 0.5546875 0.0625 0.246875
0 0.19609375 0.29765625 0.05 0.2046875
0 0.265625 0.13828125 0.04296875 0.1796875
0 0.21953125 0.18203125 0.03984375 0.1875
0 0.23203125 0.134375 0.0296875 0.1671875
0 0.15546875 0.18359375 0.03828125 0.184375
0 0.125 0.1515625 0.0328125 0.1875
0 0.15546875 0.09140625 0.03671875 0.146875
0 0.203125 0.10625 0.03671875 0.1671875
0 0.24921875 0.03671875 0.04140625 0.07265625
0 0.21796875 0.01796875 0.03671875 0.03515625
0 0.18203125 0.025 0.0453125 0.05
0 0.49609375 0.91328125 0.071875 0.1734375
0 0.5921875 0.95546875 0.06796875 0.0890625
0 0.78125 0.02109375 0.03125 0.0421875
0 0.78515625 0.08125 0.03828125 0.15703125
0 0.978125 0.53203125 0.04375 0.2453125
0 0.99296875 0.5046875 0.01328125 0.25625
0 0.91015625 0.33515625 0.04375 0.21015625
0 0.94453125 0.32890625 0.04140625 0.19765625
0 0.9421875 0.24296875 0.03125 0.11171875
0 0.9734375 0.26796875 0.034375 0.19765625
0 0.9953125 0.29453125 0.009375 0.20078125
0 0.91015625 0.1859375 0.046875 0.16953125
0 0.9046875 0.09140625 0.03828125 0.15703125
0 0.503125 0.165625 0.0453125 0.16484375
0 0.46640625 0.15703125 0.04140625 0.18203125