0 0.27265625 0.06640625 0.0390625 0.13203125
0 0.33671875 0.09765625 0.04453125 0.11953125
0 0.334375 0.0484375 0.04375 0.096875
0 0.27421875 0.56796875 0.0515625 0.22890625
0 0.246875 0.690625 0.05703125 0.25078125
0 0.68203125 0.85 0.0546875 0.23125
0 0.55390625 0.375 0.05703125 0.20625
0 0.5890625 0.34765625 0.04296875 0.2109375
0 0.58359375 0.1921875 0.053125 0.16875
0 0.56171875 0.1546875 0.0359375 0.17890625
0 0.52734375 0.1734375 0.040625 0.16171875
0 0.6390625 0.265625 0.0375 0.10703125
0 0.79140625 0.2828125 0.040625 0.18125
0 0.7796875 0.23203125 0.040625 0.17890625
0 0.83203125 0.3015625 0.04453125 0.1890625
0 0.74296875 0.12265625 0.0421875 0.16875
0 0.7859375 0.121875 0.0375 0.146875
0 0.81875 0.1265625 0.0359375 0.17109375
0 0.85234375 0.1515625 0.0359375 0.16171875
0 0.8859375 0.16875 0.04296875 0.1515625
0 0.79453125 0.0734375 0.0359375 0.146875
0 0.5859375 0.721875 0.0546875 0.2484375
0 0.46640625 0.94296875 0.0640625 0.1140625
0 0.44140625 0.89140625 0.07265625 0.21640625
0 0.45078125 0.37109375 0.05625 0.2140625
0 0.4390625 0.1640625 0.0546875 0.19609375
0 0.06796875 0.5203125 0.0546875 0.24375
0 0.0375 0.49296875 0.04765625 0.23828125
0 0.0109375 0.290625 0.02109375 0.1765625
0 0.0328125 0.29140625 0.03515625 0.17890625
0 0.05859375 0.28671875 0.0421875 0.19375
0 0.0890625 0.34921875 0.03359375 0.18359375
0 0.11875 0.34765625 0.04765625 0.2015625
0 0.0890625 0.26171875 0.028125 0.109375
0 0.08671875 0.1125 0.03046875 0.17890625
0 0.11484375 0.11640625 0.040625 0.18125
0 0.12890625 0.2 0.04296875 0.17421875
0 0.134375 0.08515625 0.0359375 0.1640625
0 0.1703125 0.1015625 0.03359375 0.14140625
0 0.23125 0.0953125 0.04296875 0.159375
0 0.96875 0.6296875 0.05703125 0.23359375
0 0.7328125 0.20390625 0.03515625 0.17109375
0 0.86328125 0.23828125 0.05 0.17109375
0 0.34765625 0.90625 0.07265625 0.18671875