0 0.28046875 0.0734375 0.03828125 0.14140625
0 0.34375 0.11015625 0.04375 0.1171875
0 0.3421875 0.0546875 0.04375 0.109375
0 0.2828125 0.57109375 0.05078125 0.225
0 0.25546875 0.6921875 0.05625 0.246875
0 0.21640625 0.98046875 0.0578125 0.0390625
0 0.2984375 0.96953125 0.06015625 0.0609375
0 0.68359375 0.8484375 0.05390625 0.22734375
0 0.55703125 0.38203125 0.05625 0.20234375
0 0.59140625 0.35546875 0.04296875 0.2078125
0 0.58671875 0.20234375 0.05234375 0.165625
0 0.56484375 0.165625 0.0359375 0.17578125
0 0.53125 0.184375 0.03984375 0.15859375
0 0.64140625 0.275 0.03671875 0.1046875
0 0.790625 0.29140625 0.03984375 0.178125
0 0.7796875 0.24140625 0.03984375 0.17578125
0 0.83125 0.31015625 0.04375 0.1859375
0 0.74375 0.134375 0.04140625 0.165625
0 0.78515625 0.1328125 0.03671875 0.14375
0 0.81796875 0.13828125 0.0359375 0.16875
0 0.85078125 0.1625 0.0359375 0.15859375
0 0.884375 0.1796875 0.04296875 0.14921875
0 0.79453125 0.08515625 0.0359375 0.146875
0 0.5890625 0.72265625 0.05390625 0.24375
0 0.47265625 0.94140625 0.0640625 0.1171875
0 0.446875 0.89140625 0.07109375 0.2171875
0 0.45625 0.378125 0.0546875 0.21015625
0 0.44453125 0.17421875 0.05390625 0.19296875
0 0.00625 0.30625 0.0125 0.18125
0 0.00859375 0.54453125 0.0171875 0.18046875
0 0.07890625 0.525 0.05390625 0.2390625
0 0.05 0.4984375 0.046875 0.234375
0 0.01875 0.29921875 0.02890625 0.1734375
0 0.04453125 0.3 0.034375 0.17578125
0 0.0703125 0.2953125 0.04140625 0.190625
0 0.10078125 0.35625 0.0328125 0.18046875
0 0.1296875 0.35546875 0.046875 0.19765625
0 0.10078125 0.27109375 0.02734375 0.1078125
0 0.09765625 0.12421875 0.03046875 0.17578125
0 0.12578125 0.128125 0.03984375 0.178125
0 0.13984375 0.21015625 0.04296875 0.17109375
0 0.14453125 0.09765625 0.0359375 0.1609375
0 0.18046875 0.11328125 0.0328125 0.1390625
0 0.23984375 0.1078125 0.04296875 0.15625
0 0.965625 0.63203125 0.05625 0.2296875
0 0.7328125 0.21328125 0.034375 0.16875
0 0.86171875 0.24765625 0.04921875 0.16875
0 0.3546875 0.90625 0.07109375 0.1875