0 0.6484375 0.090625 0.04375 0.11640625
0 0.65 0.0453125 0.04296875 0.090625
0 0.709375 0.54921875 0.05078125 0.2234375
0 0.73671875 0.66953125 0.05625 0.2453125
0 0.31015625 0.825 0.053125 0.22578125
0 0.4359375 0.36171875 0.05625 0.2015625
0 0.4015625 0.334375 0.0421875 0.20625
0 0.40625 0.1828125 0.0515625 0.16484375
0 0.35234375 0.2546875 0.03671875 0.1046875
0 0.38984375 0.6796875 0.0515625 0.240625
0 0.18828125 0.3296875 0.04765625 0.196875
0 0.2546875 0.1765625 0.040625 0.17265625
0 0.2109375 0.21953125 0.03828125 0.1796875
0 0.22265625 0.1734375 0.02890625 0.16015625
0 0.14921875 0.2203125 0.03671875 0.17734375
0 0.1203125 0.190625 0.03125 0.1796875
0 0.15 0.13203125 0.03515625 0.140625
0 0.19453125 0.146875 0.03515625 0.16015625
0 0.2390625 0.06171875 0.03984375 0.10703125
0 0.20859375 0.0390625 0.0359375 0.078125
0 0.17578125 0.046875 0.04375 0.09296875
0 0.75078125 0.04296875 0.0296875 0.08515625
0 0.75390625 0.12265625 0.03671875 0.15078125
0 0.94609375 0.55546875 0.0546875 0.23515625
0 0.97109375 0.52890625 0.04609375 0.2453125
0 0.87421875 0.36640625 0.0421875 0.2015625
0 0.90703125 0.36015625 0.03984375 0.1890625
0 0.90546875 0.27734375 0.0296875 0.10703125
0 0.93515625 0.3015625 0.0328125 0.1890625
0 0.9671875 0.32734375 0.03125 0.19140625
0 0.990625 0.30859375 0.01875 0.175
0 0.87421875 0.2234375 0.0453125 0.1625
0 0.86875 0.13203125 0.03671875 0.15078125
0 0.4828125 0.20390625 0.04375 0.1578125
0 0.4484375 0.1953125 0.03984375 0.175
0 0.46328125 0.903125 0.0640625 0.19296875
0 0.56171875 0.94765625 0.0765625 0.1046875
0 0.66015625 0.92578125 0.0765625 0.1484375
0 0.54296875 0.8234375 0.065625 0.2625
0 0.575 0.32265625 0.04765625 0.2015625
0 0.54765625 0.221875 0.04765625 0.20859375
0 0.275 0.046875 0.0296875 0.09296875
0 0.8328125 0.09453125 0.0328125 0.12890625
0 0.03125 0.546875 0.04609375 0.2328125