0 0.27578125 0.0625 0.0375 0.125
0 0.33671875 0.0921875 0.0421875 0.11328125
0 0.33515625 0.04609375 0.04140625 0.09140625
0 0.278125 0.5390625 0.04921875 0.2171875
0 0.2515625 0.65546875 0.0546875 0.23828125
0 0.66640625 0.80703125 0.0515625 0.21953125
0 0.54375 0.35546875 0.0546875 0.19609375
0 0.57734375 0.3296875 0.04140625 0.20078125
0 0.57265625 0.18203125 0.05078125 0.1609375
0 0.55078125 0.146875 0.034375 0.1703125
0 0.51875 0.1640625 0.03828125 0.15390625
0 0.625 0.2515625 0.0359375 0.1015625
0 0.434375 0.1546875 0.0515625 0.18671875
0 0.0078125 0.2828125 0.015625 0.175
0 0.02265625 0.275 0.028125 0.16796875
0 0.04765625 0.2765625 0.03359375 0.1703125
0 0.07265625 0.271875 0.03984375 0.184375
0 0.1015625 0.33046875 0.03203125 0.175
0 0.1296875 0.3296875 0.0453125 0.19140625
0 0.1015625 0.2484375 0.0265625 0.10390625
0 0.09921875 0.10625 0.02890625 0.1703125
0 0.1265625 0.11015625 0.03828125 0.17265625
0 0.13984375 0.1890625 0.04140625 0.165625
0 0.14453125 0.08046875 0.034375 0.15625
0 0.17890625 0.0953125 0.03203125 0.134375
0 0.23671875 0.08984375 0.04140625 0.1515625
0 0.34765625 0.8859375 0.06953125 0.228125
0 0.4296875 0.33828125 0.05703125 0.1984375
0 0.4890625 0.9140625 0.05625 0.171875
0 0.440625 0.83046875 0.071875 0.2625
0 0.3953125 0.9484375 0.059375 0.103125
0 0.06015625 0.5171875 0.0421875 0.2359375
0 0.0359375 0.49296875 0.04140625 0.21953125
0 0.58828125 0.66484375 0.05078125 0.23359375
0 0.9390625 0.565625 0.06015625 0.22890625
0 0.784375 0.325 0.046875 0.19140625
0 0.7203125 0.17578125 0.03984375 0.16796875
0 0.7625 0.2171875 0.0375 0.175
0 0.7515625 0.17265625 0.028125 0.15625
0 0.82265625 0.21875 0.0359375 0.17265625
0 0.85078125 0.1890625 0.03046875 0.175
0 0.82265625 0.13203125 0.034375 0.13671875
0 0.778125 0.146875 0.034375 0.15625
0 0.73515625 0.0640625 0.03828125 0.10390625
0 0.7640625 0.03984375 0.034375 0.0796875
0 0.79765625 0.046875 0.0421875 0.09375