0 0.28359375 0.025 0.040625 0.05
0 0.35 0.0375 0.046875 0.075
0 0.28515625 0.50390625 0.05390625 0.23828125
0 0.25625 0.6328125 0.059375 0.26171875
0 0.21484375 0.959375 0.0609375 0.08125
0 0.3015625 0.94765625 0.0640625 0.1046875
0 0.71015625 0.7984375 0.05703125 0.24140625
0 0.5765625 0.303125 0.059375 0.215625
0 0.61328125 0.275 0.0453125 0.2203125
0 0.6078125 0.1125 0.05546875 0.1765625
0 0.58515625 0.08359375 0.0375 0.1671875
0 0.5484375 0.09296875 0.0421875 0.16875
0 0.665625 0.1890625 0.0390625 0.11171875
0 0.82421875 0.20703125 0.0421875 0.1890625
0 0.8125 0.15390625 0.0421875 0.18671875
0 0.8671875 0.2265625 0.046875 0.196875
0 0.77421875 0.0640625 0.04375 0.12734375
0 0.81875 0.0578125 0.0390625 0.11484375
0 0.853125 0.06640625 0.0375 0.1328125
0 0.8875 0.0765625 0.0375 0.153125
0 0.9234375 0.08828125 0.0453125 0.1578125
0 0.828125 0.0328125 0.0375 0.065625
0 0.61015625 0.66484375 0.05703125 0.259375
0 0.4859375 0.91796875 0.0671875 0.1640625
0 0.46015625 0.8640625 0.0765625 0.271875
0 0.46953125 0.29921875 0.05859375 0.22265625
0 0.45703125 0.0921875 0.05625 0.184375
0 0.06953125 0.4546875 0.05703125 0.25390625
0 0.03828125 0.4265625 0.04921875 0.24921875
0 0.0109375 0.2140625 0.021875 0.184375
0 0.0328125 0.21640625 0.03671875 0.18671875
0 0.06015625 0.2109375 0.04375 0.20234375
0 0.0921875 0.27578125 0.03515625 0.1921875
0 0.12265625 0.275 0.04921875 0.21015625
0 0.0921875 0.18515625 0.02890625 0.1140625
0 0.08984375 0.0609375 0.0328125 0.121875
0 0.11953125 0.0640625 0.0421875 0.12734375
0 0.13359375 0.1203125 0.0453125 0.18125
0 0.1390625 0.04296875 0.0375 0.0859375
0 0.17734375 0.0453125 0.0359375 0.090625
0 0.23984375 0.046875 0.0453125 0.09375
0 0.98984375 0.56875 0.0203125 0.24375
0 0.76328125 0.12421875 0.03671875 0.17890625
0 0.89921875 0.16015625 0.05234375 0.17890625
0 0.3625 0.8796875 0.075 0.240625