0 0.09921875 0.29609375 0.04453125 0.2125
0 0.0625 0.2859375 0.04375 0.17578125
0 0.05625 0.2390625 0.0375 0.1625
0 0.015625 0.23046875 0.03046875 0.16796875
0 0.02265625 0.21796875 0.0296875 0.1625
0 0.05390625 0.065625 0.034375 0.13046875
0 0.090625 0.0734375 0.0421875 0.146875
0 0.11015625 0.0640625 0.0390625 0.128125
0 0.1546875 0.0578125 0.0421875 0.11484375
0 0.1984375 0.05390625 0.04296875 0.1078125
0 0.24609375 0.04921875 0.0421875 0.0984375
0 0.315625 0.0625 0.046875 0.125
0 0.3125 0.03046875 0.046875 0.0609375
0 0.24765625 0.56484375 0.05546875 0.24453125
0 0.21796875 0.696875 0.0609375 0.26875
0 0.26484375 0.9828125 0.065625 0.034375
0 0.3390625 0.8953125 0.07265625 0.209375
0 0.684375 0.86640625 0.05859375 0.24765625
0 0.546875 0.35859375 0.0609375 0.22109375
0 0.584375 0.3296875 0.04609375 0.22578125
0 0.57890625 0.16328125 0.05703125 0.18046875
0 0.5546875 0.1234375 0.0390625 0.19140625
0 0.51875 0.14296875 0.04375 0.17265625
0 0.63828125 0.24140625 0.040625 0.1140625
0 0.7296875 0.20078125 0.04765625 0.18046875
0 0.80078125 0.26015625 0.04375 0.19453125
0 0.7890625 0.20546875 0.04375 0.19140625
0 0.8453125 0.28046875 0.04765625 0.20234375
0 0.89375 0.24609375 0.040625 0.2125
0 0.75078125 0.0890625 0.0453125 0.178125
0 0.7953125 0.0875 0.040625 0.15703125
0 0.83046875 0.09296875 0.0390625 0.18359375
0 0.86640625 0.11953125 0.0390625 0.17265625
0 0.90234375 0.13828125 0.04609375 0.1625
0 0.8046875 0.0578125 0.0390625 0.11484375
0 0.58125 0.7296875 0.05859375 0.265625
0 0.45390625 0.95234375 0.06875 0.09453125
0 0.4265625 0.89765625 0.078125 0.20390625
0 0.98125 0.665625 0.0375 0.265625
0 0.43671875 0.3546875 0.06015625 0.22890625
0 0.42421875 0.1328125 0.05859375 0.21015625
0 0.0390625 0.47578125 0.05703125 0.2421875
0 0.01484375 0.43984375 0.0296875 0.2265625