0 0.984375 0.5859375 0.03046875 0.20234375
0 0.84765625 0.3015625 0.03984375 0.18828125
0 0.88046875 0.2921875 0.03828125 0.15546875
0 0.8859375 0.2515625 0.0328125 0.14375
0 0.96875 0.25859375 0.04609375 0.1671875
0 0.928125 0.24375 0.03828125 0.1484375
0 0.915625 0.23203125 0.0265625 0.14375
0 0.88828125 0.0828125 0.03046875 0.14609375
0 0.85546875 0.08515625 0.03671875 0.16953125
0 0.83828125 0.0765625 0.034375 0.153125
0 0.79921875 0.07578125 0.03671875 0.13203125
0 0.76015625 0.0671875 0.03828125 0.134375
0 0.7171875 0.06328125 0.0375 0.1265625
0 0.65703125 0.09453125 0.0421875 0.11328125
0 0.65859375 0.046875 0.0421875 0.09375
0 0.71640625 0.53984375 0.04921875 0.21640625
0 0.74296875 0.65625 0.05390625 0.2375
0 0.78046875 0.9578125 0.05546875 0.08359375
0 0.70078125 0.946875 0.0578125 0.10625
0 0.64453125 0.96328125 0.0546875 0.0734375
0 0.6359375 0.85703125 0.06484375 0.23515625
0 0.3296875 0.80703125 0.0515625 0.21875
0 0.4515625 0.35703125 0.05390625 0.1953125
0 0.41875 0.33125 0.040625 0.2
0 0.4234375 0.184375 0.05 0.16015625
0 0.44453125 0.1484375 0.034375 0.16953125
0 0.4765625 0.16640625 0.03828125 0.153125
0 0.37109375 0.25390625 0.0359375 0.1015625
0 0.28984375 0.2171875 0.0421875 0.16015625
0 0.2265625 0.2703125 0.03828125 0.171875
0 0.2375 0.221875 0.03828125 0.16953125
0 0.1875 0.2875 0.0421875 0.17890625
0 0.14453125 0.25703125 0.0359375 0.18828125
0 0.27265625 0.11796875 0.03984375 0.16015625
0 0.23203125 0.1171875 0.0359375 0.1390625
0 0.20078125 0.121875 0.034375 0.1625
0 0.16953125 0.1453125 0.034375 0.153125
0 0.13671875 0.16171875 0.040625 0.14375
0 0.2234375 0.07109375 0.034375 0.14140625
0 0.42109375 0.68515625 0.0515625 0.23515625
0 0.534375 0.9203125 0.0609375 0.159375
0 0.5578125 0.86796875 0.06875 0.246875
0 0.0546875 0.62890625 0.059375 0.23515625
0 0.54921875 0.35390625 0.053125 0.20234375
0 0.56015625 0.15703125 0.0515625 0.1859375
0 0.98828125 0.28515625 0.02265625 0.17421875
0 0.90078125 0.4609375 0.05 0.2140625
0 0.93125 0.43046875 0.0421875 0.2
0 0.98515625 0.5109375 0.02890625 0.23046875