0 0.69609375 0.04296875 0.046875 0.0859375
0 0.69765625 0.01171875 0.0453125 0.0234375
0 0.7609375 0.51484375 0.05390625 0.23828125
0 0.78984375 0.64296875 0.059375 0.26171875
0 0.33515625 0.80859375 0.05703125 0.24140625
0 0.46953125 0.31328125 0.059375 0.215625
0 0.4328125 0.28515625 0.0453125 0.2203125
0 0.43828125 0.12265625 0.05546875 0.1765625
0 0.38046875 0.19921875 0.0390625 0.11171875
0 0.42109375 0.653125 0.05546875 0.25703125
0 0.20546875 0.2796875 0.05078125 0.21015625
0 0.2765625 0.11640625 0.04375 0.184375
0 0.2296875 0.16171875 0.040625 0.1921875
0 0.2421875 0.1125 0.03046875 0.17109375
0 0.16328125 0.16328125 0.0390625 0.1890625
0 0.1328125 0.13046875 0.03359375 0.1921875
0 0.1640625 0.071875 0.0375 0.14296875
0 0.2125 0.084375 0.0375 0.16875
0 0.259375 0.025 0.0421875 0.05
0 0.190625 0.01328125 0.046875 0.0265625
0 0.8078125 0.06875 0.040625 0.1375
0 0.9921875 0.52109375 0.015625 0.25078125
0 0.9375 0.31875 0.0453125 0.215625
0 0.971875 0.3125 0.0421875 0.20234375
0 0.9703125 0.22421875 0.03203125 0.1140625
0 0.9921875 0.24921875 0.015625 0.20234375
0 0.9375 0.165625 0.0484375 0.1734375
0 0.93125 0.07421875 0.03984375 0.1484375
0 0.51953125 0.1453125 0.046875 0.16875
0 0.4828125 0.1359375 0.0421875 0.18671875
0 0.4984375 0.89453125 0.06796875 0.2109375
0 0.6046875 0.9421875 0.08125 0.11484375
0 0.709375 0.91875 0.08125 0.16171875
0 0.58359375 0.8078125 0.0703125 0.28046875
0 0.61796875 0.271875 0.05078125 0.215625
0 0.5890625 0.1640625 0.05078125 0.22265625
0 0.29765625 0.01328125 0.0328125 0.0265625
0 0.89296875 0.0484375 0.03515625 0.09609375
0 0.0375 0.51171875 0.04921875 0.24921875