0 0.32109375 0.06640625 0.04609375 0.1234375
0 0.31953125 0.0328125 0.0453125 0.065625
0 0.25703125 0.55234375 0.05390625 0.23671875
0 0.228125 0.6796875 0.059375 0.26015625
0 0.6796875 0.84453125 0.05625 0.2390625
0 0.54609375 0.353125 0.059375 0.21328125
0 0.5828125 0.325 0.04453125 0.21875
0 0.57734375 0.1640625 0.0546875 0.175
0 0.634375 0.23984375 0.0390625 0.1109375
0 0.59453125 0.68984375 0.0546875 0.2546875
0 0.80859375 0.31953125 0.05078125 0.20859375
0 0.73828125 0.1578125 0.04375 0.1828125
0 0.784375 0.20234375 0.040625 0.190625
0 0.771875 0.15390625 0.03046875 0.16953125
0 0.85 0.20390625 0.0390625 0.1875
0 0.88046875 0.171875 0.03359375 0.190625
0 0.84921875 0.11015625 0.0375 0.14921875
0 0.8015625 0.12578125 0.0375 0.16953125
0 0.7546875 0.04609375 0.0421875 0.09140625
0 0.7859375 0.0265625 0.0375 0.053125
0 0.82265625 0.034375 0.04609375 0.06875
0 0.21328125 0.03046875 0.03203125 0.0609375
0 0.209375 0.1 0.0390625 0.159375
0 0.01796875 0.55859375 0.03515625 0.24921875
0 0.08203125 0.35859375 0.04453125 0.21328125
0 0.04765625 0.3515625 0.0421875 0.20078125
0 0.04921875 0.2640625 0.03203125 0.11328125
0 0.01796875 0.28984375 0.034375 0.20078125
0 0.08203125 0.20625 0.04765625 0.17265625
0 0.0875 0.11015625 0.0390625 0.159375
0 0.496875 0.1859375 0.04609375 0.1671875
0 0.53359375 0.17734375 0.0421875 0.18515625
0 0.30859375 0.93671875 0.08125 0.1265625
0 0.4328125 0.84296875 0.06953125 0.278125
0 0.39921875 0.31171875 0.05078125 0.21328125
0 0.428125 0.20546875 0.05078125 0.22109375
0 0.71640625 0.034375 0.03203125 0.06875
0 0.12578125 0.0703125 0.034375 0.1359375
0 0.97578125 0.55 0.0484375 0.246875
0 0.4171875 0.94453125 0.075 0.1109375
0 0.53671875 0.896875 0.07421875 0.20546875