0 0.64296875 0.0578125 0.0453125 0.115625
0 0.6453125 0.02734375 0.04375 0.0546875
0 0.70625 0.53125 0.05234375 0.23125
0 0.734375 0.65546875 0.0578125 0.25390625
0 0.29375 0.81640625 0.05546875 0.23359375
0 0.4234375 0.3359375 0.0578125 0.20859375
0 0.38828125 0.30859375 0.04375 0.2140625
0 0.39296875 0.1515625 0.05390625 0.17109375
0 0.3375 0.22578125 0.03828125 0.1078125
0 0.3765625 0.665625 0.05390625 0.24921875
0 0.16796875 0.30390625 0.04921875 0.20390625
0 0.23671875 0.1453125 0.0421875 0.17890625
0 0.19140625 0.1890625 0.03984375 0.1859375
0 0.203125 0.14140625 0.0296875 0.165625
0 0.12734375 0.190625 0.03828125 0.18359375
0 0.09765625 0.15859375 0.0328125 0.1859375
0 0.12734375 0.0984375 0.03671875 0.14609375
0 0.17421875 0.1140625 0.03671875 0.165625
0 0.2203125 0.040625 0.04140625 0.08046875
0 0.18984375 0.021875 0.03671875 0.04296875
0 0.15390625 0.02890625 0.0453125 0.0578125
0 0.74921875 0.025 0.03125 0.05
0 0.75234375 0.08828125 0.03828125 0.15625
0 0.95078125 0.5375 0.05625 0.24375
0 0.97578125 0.50859375 0.0484375 0.2546875
0 0.87734375 0.34140625 0.04375 0.20859375
0 0.9109375 0.33515625 0.040625 0.19609375
0 0.90859375 0.24921875 0.03125 0.1109375
0 0.93984375 0.275 0.03359375 0.19609375
0 0.97265625 0.30078125 0.0328125 0.1984375
0 0.99375 0.28203125 0.0125 0.18125
0 0.87734375 0.19296875 0.046875 0.16875
0 0.87109375 0.0984375 0.03828125 0.15625
0 0.47265625 0.17265625 0.0453125 0.16328125
0 0.4359375 0.1640625 0.040625 0.18125
0 0.45078125 0.8984375 0.0671875 0.203125
0 0.55390625 0.9453125 0.07890625 0.109375
0 0.65625 0.92265625 0.07890625 0.1546875
0 0.534375 0.815625 0.06796875 0.271875
0 0.56796875 0.29609375 0.04921875 0.20859375
0 0.5390625 0.19140625 0.04921875 0.21640625
0 0.25625 0.02890625 0.03125 0.0578125
0 0.8328125 0.0625 0.034375 0.125
0 0.0140625 0.52734375 0.028125 0.2421875