0 0.984375 0.5859375 0.03046875 0.20859375
0 0.971875 0.4734375 0.05625 0.1875
0 0.91328125 0.41171875 0.0421875 0.21328125
0 0.8703125 0.42734375 0.0515625 0.2015625
0 0.84375 0.29296875 0.040625 0.19453125
0 0.87734375 0.2828125 0.03984375 0.16015625
0 0.8828125 0.240625 0.034375 0.1484375
0 0.96875 0.24765625 0.04765625 0.17265625
0 0.9265625 0.23359375 0.03984375 0.153125
0 0.91328125 0.22109375 0.02734375 0.1484375
0 0.88515625 0.07109375 0.03125 0.14140625
0 0.8515625 0.078125 0.03828125 0.15625
0 0.83359375 0.06953125 0.0359375 0.1390625
0 0.79296875 0.06328125 0.0390625 0.1265625
0 0.753125 0.06015625 0.0390625 0.1203125
0 0.71015625 0.05625 0.03828125 0.1125
0 0.64765625 0.07890625 0.04375 0.11640625
0 0.6484375 0.0390625 0.04375 0.078125
0 0.7078125 0.5375 0.05078125 0.2234375
0 0.73515625 0.6578125 0.05625 0.2453125
0 0.77421875 0.96328125 0.05703125 0.0734375
0 0.6921875 0.9515625 0.06015625 0.09609375
0 0.634375 0.96875 0.05625 0.0625
0 0.625 0.865625 0.0671875 0.24296875
0 0.53828125 0.9375 0.05859375 0.125
0 0.546875 0.8828125 0.06953125 0.16953125
0 0.3921875 0.703125 0.0640625 0.2328125
0 0.309375 0.81328125 0.053125 0.22578125
0 0.01953125 0.6609375 0.0390625 0.24296875
0 0.52265625 0.3703125 0.05078125 0.19921875
0 0.43515625 0.35 0.05625 0.2015625
0 0.40078125 0.3234375 0.0421875 0.20625
0 0.40546875 0.17109375 0.0515625 0.16484375
0 0.42734375 0.13515625 0.03515625 0.175
0 0.4609375 0.153125 0.03984375 0.1578125
0 0.53359375 0.11640625 0.04375 0.196875
0 0.3515625 0.24296875 0.03671875 0.1046875
0 0.2671875 0.20546875 0.04375 0.16484375
0 0.20234375 0.26015625 0.03984375 0.17734375
0 0.21328125 0.21015625 0.03984375 0.175
0 0.1625 0.278125 0.04375 0.184375
0 0.11796875 0.246875 0.03671875 0.19453125
0 0.25 0.103125 0.040625 0.16484375
0 0.2078125 0.10234375 0.03671875 0.14296875
0 0.17578125 0.10703125 0.03515625 0.1671875
0 0.14296875 0.13125 0.03515625 0.1578125
0 0.109375 0.1484375 0.0421875 0.1484375
0 0.1984375 0.06328125 0.034375 0.1265625
0 0.390625 0.96875 0.05078125 0.0625