0 0.0921875 0.340625 0.04375 0.20859375
0 0.05625 0.33046875 0.0421875 0.171875
0 0.05078125 0.284375 0.03671875 0.159375
0 0.0125 0.2765625 0.025 0.16484375
0 0.01796875 0.2640625 0.0296875 0.159375
0 0.04765625 0.0984375 0.03359375 0.16171875
0 0.08359375 0.10078125 0.04140625 0.18828125
0 0.103125 0.08828125 0.03828125 0.1765625
0 0.146875 0.090625 0.04140625 0.14609375
0 0.18984375 0.07890625 0.0421875 0.15390625
0 0.2359375 0.0734375 0.04140625 0.146875
0 0.303125 0.1109375 0.046875 0.125
0 0.3015625 0.05546875 0.04609375 0.1109375
0 0.23828125 0.6046875 0.05390625 0.23984375
0 0.20859375 0.73359375 0.06015625 0.26328125
0 0.32734375 0.9125 0.071875 0.17421875
0 0.66640625 0.8890625 0.05703125 0.22109375
0 0.53125 0.40234375 0.06015625 0.21640625
0 0.56796875 0.3734375 0.0453125 0.221875
0 0.5625 0.21015625 0.05546875 0.17734375
0 0.5390625 0.17109375 0.03828125 0.18828125
0 0.503125 0.190625 0.0421875 0.16953125
0 0.6203125 0.2875 0.03984375 0.1125
0 0.7109375 0.246875 0.046875 0.17734375
0 0.78046875 0.30546875 0.0421875 0.190625
0 0.76875 0.25234375 0.0421875 0.18828125
0 0.8234375 0.325 0.046875 0.1984375
0 0.87109375 0.29140625 0.03984375 0.20859375
0 0.7296875 0.1375 0.04375 0.17734375
0 0.77421875 0.1359375 0.03984375 0.15390625
0 0.80859375 0.14140625 0.03828125 0.1796875
0 0.84375 0.1671875 0.03828125 0.16953125
0 0.8796875 0.18515625 0.0453125 0.159375
0 0.784375 0.08515625 0.03828125 0.15625
0 0.56484375 0.76640625 0.05703125 0.2609375
0 0.43984375 0.96875 0.0671875 0.0625
0 0.41328125 0.915625 0.0765625 0.16875
0 0.96875 0.70390625 0.0625 0.2609375
0 0.4234375 0.3984375 0.05859375 0.22421875
0 0.4109375 0.18046875 0.05703125 0.20625
0 0.03359375 0.5171875 0.05546875 0.2375
0 0.01171875 0.4828125 0.0234375 0.22265625