0 0.68671875 0.1 0.046875 0.12421875
0 0.6890625 0.05 0.0453125 0.09921875
0 0.7515625 0.590625 0.05390625 0.23828125
0 0.78046875 0.71875 0.059375 0.26171875
0 0.325 0.88125 0.05625 0.2375
0 0.46015625 0.3890625 0.059375 0.215625
0 0.4234375 0.3609375 0.0453125 0.2203125
0 0.42890625 0.1984375 0.05546875 0.1765625
0 0.37109375 0.275 0.0390625 0.11171875
0 0.41171875 0.72890625 0.05546875 0.25703125
0 0.196875 0.35546875 0.05078125 0.21015625
0 0.2203125 0.2375 0.040625 0.1921875
0 0.2328125 0.18828125 0.03046875 0.17109375
0 0.15390625 0.2390625 0.0390625 0.1890625
0 0.1234375 0.20625 0.03359375 0.1921875
0 0.1546875 0.14453125 0.0375 0.15078125
0 0.203125 0.159375 0.0375 0.17109375
0 0.25078125 0.06875 0.0421875 0.1140625
0 0.21875 0.04375 0.0375 0.0875
0 0.18203125 0.0515625 0.046875 0.10234375
0 0.7953125 0.046875 0.03125 0.09375
0 0.9875 0.59609375 0.025 0.25078125
0 0.928125 0.39453125 0.0453125 0.215625
0 0.9625 0.38828125 0.0421875 0.20234375
0 0.9609375 0.3 0.03203125 0.1140625
0 0.9875 0.325 0.025 0.20234375
0 0.921875 0.14453125 0.0390625 0.1609375
0 0.51015625 0.2203125 0.046875 0.16875
0 0.4734375 0.21171875 0.0421875 0.18671875
0 0.7 0.95703125 0.08125 0.0859375
0 0.5796875 0.23984375 0.05078125 0.22265625
0 0.2890625 0.0515625 0.03203125 0.10234375
0 0.88359375 0.10390625 0.03515625 0.1375
0 0.028125 0.5875 0.04921875 0.24921875
0 0.4703125 0.9171875 0.07421875 0.165625
0 0.6328125 0.3296875 0.04921875 0.215625
0 0.81640625 0.16640625 0.046875 0.16328125
0 0.57578125 0.9515625 0.07890625 0.09609375
0 0.5765625 0.83515625 0.07109375 0.2515625
0 0.959375 0.2671875 0.04921875 0.14765625