0 0.2859375 0.0671875 0.03671875 0.13359375
0 0.346875 0.1015625 0.0421875 0.1125
0 0.34453125 0.05078125 0.04140625 0.10078125
0 0.28828125 0.54375 0.0484375 0.215625
0 0.26171875 0.66015625 0.05390625 0.23671875
0 0.671875 0.809375 0.0515625 0.21796875
0 0.5515625 0.3625 0.05390625 0.19453125
0 0.584375 0.33671875 0.040625 0.19921875
0 0.5796875 0.190625 0.05 0.159375
0 0.55859375 0.15546875 0.034375 0.16875
0 0.5265625 0.17265625 0.03828125 0.15234375
0 0.63125 0.259375 0.03515625 0.10078125
0 0.44296875 0.16328125 0.0515625 0.18515625
0 0.0140625 0.290625 0.028125 0.1734375
0 0.03515625 0.2828125 0.02734375 0.16640625
0 0.06015625 0.284375 0.0328125 0.16875
0 0.084375 0.2796875 0.03984375 0.1828125
0 0.1140625 0.33828125 0.03125 0.1734375
0 0.14140625 0.33671875 0.04453125 0.18984375
0 0.1140625 0.25625 0.0265625 0.103125
0 0.1109375 0.115625 0.02890625 0.16875
0 0.13828125 0.11953125 0.03828125 0.17109375
0 0.1515625 0.19765625 0.040625 0.1640625
0 0.15546875 0.08984375 0.034375 0.1546875
0 0.18984375 0.10546875 0.03125 0.13359375
0 0.246875 0.09921875 0.040625 0.15
0 0.35703125 0.8875 0.06875 0.225
0 0.43828125 0.3453125 0.05625 0.196875
0 0.496875 0.915625 0.05546875 0.16875
0 0.44921875 0.8328125 0.07109375 0.26015625
0 0.403125 0.95 0.0578125 0.1
0 0.07265625 0.52265625 0.0421875 0.234375
0 0.0484375 0.4984375 0.040625 0.21796875
0 0.5953125 0.66953125 0.05 0.23203125
0 0.9421875 0.57109375 0.059375 0.22734375
0 0.7890625 0.33203125 0.04609375 0.18984375
0 0.72578125 0.184375 0.03984375 0.16640625
0 0.76796875 0.22578125 0.03671875 0.1734375
0 0.75625 0.18125 0.02734375 0.1546875
0 0.82734375 0.2265625 0.03515625 0.17109375
0 0.85546875 0.19765625 0.03046875 0.1734375
0 0.8265625 0.14140625 0.034375 0.1359375
0 0.78359375 0.15546875 0.034375 0.1546875
0 0.740625 0.0734375 0.03828125 0.103125
0 0.76953125 0.0453125 0.034375 0.08984375
0 0.80234375 0.05234375 0.0421875 0.10390625