0 0.71171875 0.078125 0.046875 0.12421875
0 0.7140625 0.0390625 0.0453125 0.078125
0 0.7765625 0.56875 0.05390625 0.23828125
0 0.80546875 0.696875 0.059375 0.26171875
0 0.3515625 0.8625 0.05703125 0.24140625
0 0.48515625 0.3671875 0.059375 0.215625
0 0.44921875 0.3390625 0.0453125 0.2203125
0 0.45390625 0.1765625 0.05546875 0.1765625
0 0.39609375 0.253125 0.0390625 0.11171875
0 0.43671875 0.70703125 0.05546875 0.25703125
0 0.221875 0.33359375 0.05078125 0.21015625
0 0.2921875 0.1703125 0.04375 0.184375
0 0.2453125 0.215625 0.040625 0.1921875
0 0.2578125 0.16640625 0.03046875 0.17109375
0 0.1796875 0.2171875 0.0390625 0.1890625
0 0.1484375 0.184375 0.03359375 0.1921875
0 0.1796875 0.12265625 0.0375 0.15078125
0 0.228125 0.13828125 0.0375 0.17109375
0 0.27421875 0.0515625 0.0421875 0.103125
0 0.24375 0.0328125 0.0375 0.065625
0 0.2078125 0.040625 0.046875 0.08125
0 0.8203125 0.0359375 0.03125 0.071875
0 0.825 0.11171875 0.0390625 0.1609375
0 0.953125 0.37265625 0.0453125 0.215625
0 0.9828125 0.36484375 0.034375 0.2015625
0 0.984375 0.27734375 0.03125 0.1140625
0 0.953125 0.21953125 0.0484375 0.1734375
0 0.946875 0.12265625 0.0390625 0.1609375
0 0.5359375 0.19921875 0.046875 0.16875
0 0.4984375 0.18984375 0.0421875 0.18671875
0 0.725 0.94609375 0.08125 0.1078125
0 0.6 0.86015625 0.0703125 0.27890625
0 0.63359375 0.32578125 0.05078125 0.215625
0 0.6046875 0.21875 0.05078125 0.22265625
0 0.3140625 0.040625 0.03203125 0.08125
0 0.90859375 0.08203125 0.03515625 0.1375
0 0.053125 0.565625 0.04921875 0.24921875
0 0.615625 0.95390625 0.07578125 0.0921875
0 0.4953125 0.90625 0.07421875 0.1875