0 0.2796875 0.834375 0.08515625 0.28359375
0 0.3640625 0.890625 0.065625 0.21875
0 0.496875 0.9125 0.05 0.175
0 0.46171875 0.85 0.078125 0.265625
0 0.61015625 0.65625 0.05625 0.23125
0 0.7015625 0.784375 0.06015625 0.22890625
0 0.07265625 0.47734375 0.0546875 0.2359375
0 0.046875 0.44609375 0.04453125 0.22890625
0 0.26484375 0.62890625 0.053125 0.22109375
0 0.29296875 0.51328125 0.05 0.23359375
0 0.1359375 0.3046875 0.04296875 0.1984375
0 0.10390625 0.30078125 0.03203125 0.19609375
0 0.10234375 0.22265625 0.0265625 0.12421875
0 0.07734375 0.2390625 0.03515625 0.18671875
0 0.04609375 0.24765625 0.03046875 0.1984375
0 0.01953125 0.2265625 0.028125 0.146875
0 0.01015625 0.22890625 0.01953125 0.1765625
0 0.1421875 0.153125 0.03359375 0.159375
0 0.10234375 0.07890625 0.0375 0.1578125
0 0.13671875 0.071875 0.04453125 0.14296875
0 0.45546875 0.30703125 0.04921875 0.20859375
0 0.45078125 0.13828125 0.05859375 0.1890625
0 0.35390625 0.06015625 0.05234375 0.1203125
0 0.35234375 0.0203125 0.0546875 0.040625
0 0.25078125 0.06875 0.0421875 0.1375
0 0.56875 0.32578125 0.04921875 0.19609375
0 0.60546875 0.29453125 0.04921875 0.22890625
0 0.6546875 0.21015625 0.053125 0.134375
0 0.60390625 0.13828125 0.04609375 0.159375
0 0.56640625 0.1328125 0.0359375 0.17890625
0 0.53515625 0.1390625 0.04609375 0.17109375
0 0.97734375 0.57421875 0.04453125 0.24140625
0 0.83046875 0.2859375 0.04765625 0.2015625
0 0.80546875 0.1953125 0.0390625 0.18359375
0 0.75234375 0.15078125 0.0421875 0.18359375
0 0.790625 0.146875 0.03515625 0.16640625
0 0.8734375 0.1765625 0.0375 0.19609375
0 0.8578125 0.090625 0.03515625 0.1390625
0 0.82421875 0.090625 0.03203125 0.134375
0 0.8078125 0.07578125 0.03203125 0.134375
0 0.76640625 0.04296875 0.0421875 0.08515625
0 0.83125 0.02421875 0.04296875 0.0484375
0 0.7921875 0.03203125 0.04296875 0.06328125