0 0.04765625 0.27578125 0.0453125 0.2140625
0 0.01640625 0.26484375 0.0328125 0.1765625
0 0.0125 0.21796875 0.025 0.1640625
0 0.01015625 0.0546875 0.0203125 0.109375
0 0.0390625 0.0625 0.0421875 0.125
0 0.05859375 0.05390625 0.0390625 0.10703125
0 0.103125 0.046875 0.0421875 0.09296875
0 0.14765625 0.04296875 0.04296875 0.0859375
0 0.19609375 0.03828125 0.0421875 0.0765625
0 0.26484375 0.0515625 0.0484375 0.103125
0 0.2625 0.01953125 0.046875 0.0390625
0 0.19765625 0.54609375 0.05546875 0.24609375
0 0.1671875 0.67890625 0.06171875 0.2703125
0 0.12578125 0.98671875 0.0640625 0.0265625
0 0.21484375 0.975 0.06640625 0.05
0 0.28984375 0.8859375 0.0734375 0.228125
0 0.63671875 0.85 0.05859375 0.24921875
0 0.4984375 0.33828125 0.06171875 0.221875
0 0.5359375 0.309375 0.046875 0.22734375
0 0.53046875 0.1421875 0.05703125 0.18203125
0 0.50625 0.1015625 0.0390625 0.19296875
0 0.46953125 0.121875 0.04375 0.17421875
0 0.58984375 0.22109375 0.040625 0.11484375
0 0.6828125 0.1796875 0.0484375 0.18203125
0 0.75390625 0.23984375 0.04375 0.1953125
0 0.7421875 0.184375 0.04375 0.19296875
0 0.7984375 0.259375 0.0484375 0.203125
0 0.84765625 0.225 0.040625 0.2140625
0 0.70234375 0.07890625 0.0453125 0.15703125
0 0.7484375 0.07265625 0.040625 0.14453125
0 0.78359375 0.08125 0.0390625 0.1625
0 0.81953125 0.09765625 0.0390625 0.17421875
0 0.85625 0.11640625 0.046875 0.16328125
0 0.7578125 0.046875 0.0390625 0.09296875
0 0.5328125 0.71171875 0.05859375 0.26796875
0 0.40546875 0.94375 0.0703125 0.1125
0 0.37734375 0.8890625 0.078125 0.221875
0 0.94921875 0.64765625 0.06796875 0.26796875
0 0.3875 0.334375 0.06015625 0.23046875
0 0.375 0.1109375 0.05859375 0.21171875
0 0.00859375 0.45625 0.0171875 0.24375