0 0.01484375 0.5859375 0.02890625 0.20703125
0 0.153125 0.2953125 0.040625 0.1921875
0 0.1203125 0.2859375 0.0390625 0.15859375
0 0.11484375 0.24375 0.03359375 0.146875
0 0.0296875 0.2515625 0.04765625 0.1703125
0 0.071875 0.23671875 0.0390625 0.1515625
0 0.084375 0.225 0.02734375 0.146875
0 0.1125 0.0734375 0.03046875 0.14609375
0 0.1453125 0.08046875 0.0375 0.1609375
0 0.1640625 0.071875 0.034375 0.14375
0 0.203125 0.065625 0.0375 0.13125
0 0.24296875 0.0625 0.0390625 0.125
0 0.2859375 0.05859375 0.0375 0.1171875
0 0.34765625 0.084375 0.04296875 0.115625
0 0.34609375 0.0421875 0.0421875 0.08359375
0 0.2875 0.53828125 0.05 0.22109375
0 0.2609375 0.6578125 0.05546875 0.24296875
0 0.22265625 0.96171875 0.05703125 0.0765625
0 0.303125 0.95 0.059375 0.1
0 0.3609375 0.9671875 0.05546875 0.065625
0 0.3703125 0.86328125 0.06640625 0.240625
0 0.68203125 0.8109375 0.05234375 0.2234375
0 0.5578125 0.35234375 0.05546875 0.19921875
0 0.59140625 0.32578125 0.0421875 0.2046875
0 0.58671875 0.17578125 0.0515625 0.16328125
0 0.565625 0.1390625 0.03515625 0.1734375
0 0.53203125 0.1578125 0.0390625 0.15625
0 0.640625 0.24609375 0.03671875 0.103125
0 0.7234375 0.209375 0.04296875 0.16328125
0 0.7875 0.26328125 0.0390625 0.17578125
0 0.7765625 0.2140625 0.0390625 0.1734375
0 0.82734375 0.28125 0.04296875 0.1828125
0 0.871875 0.25 0.03671875 0.1921875
0 0.74140625 0.1078125 0.040625 0.16328125
0 0.78203125 0.10703125 0.03671875 0.1421875
0 0.8140625 0.11171875 0.03515625 0.165625
0 0.846875 0.1359375 0.03515625 0.15625
0 0.8796875 0.15234375 0.0421875 0.146875
0 0.7921875 0.065625 0.034375 0.13125
0 0.5890625 0.6875 0.05234375 0.240625
0 0.4734375 0.92265625 0.0625 0.1546875
0 0.44921875 0.8734375 0.0703125 0.25234375
0 0.96328125 0.6296875 0.0609375 0.240625
0 0.45859375 0.3484375 0.05390625 0.20703125
0 0.446875 0.14765625 0.05234375 0.18984375
0 0.0109375 0.278125 0.021875 0.178125
0 0.09921875 0.4578125 0.0515625 0.21875
0 0.06796875 0.4265625 0.04296875 0.2046875
0 0.0140625 0.509375 0.02734375 0.2359375