0 0.29296875 0.06875 0.03828125 0.1375
0 0.35546875 0.10390625 0.04375 0.11640625
0 0.353125 0.0515625 0.0421875 0.103125
0 0.29453125 0.5609375 0.05 0.22265625
0 0.2671875 0.68046875 0.05546875 0.24453125
0 0.69140625 0.83515625 0.053125 0.225
0 0.56640625 0.3734375 0.05546875 0.20078125
0 0.60078125 0.346875 0.0421875 0.20546875
0 0.5953125 0.19609375 0.0515625 0.1640625
0 0.57421875 0.159375 0.03515625 0.17421875
0 0.540625 0.17734375 0.0390625 0.15703125
0 0.64921875 0.2671875 0.03671875 0.10390625
0 0.79765625 0.284375 0.0390625 0.1765625
0 0.78671875 0.234375 0.0390625 0.17421875
0 0.8375 0.30234375 0.04375 0.18359375
0 0.75078125 0.128125 0.040625 0.1640625
0 0.7921875 0.1265625 0.03671875 0.14296875
0 0.82421875 0.13203125 0.03515625 0.1671875
0 0.85625 0.15625 0.03515625 0.15703125
0 0.88984375 0.17265625 0.0421875 0.14765625
0 0.80078125 0.0796875 0.03515625 0.1453125
0 0.59765625 0.7109375 0.053125 0.24140625
0 0.48203125 0.93515625 0.0625 0.1296875
0 0.45703125 0.88515625 0.0703125 0.22890625
0 0.46640625 0.3703125 0.0546875 0.2078125
0 0.4546875 0.16796875 0.053125 0.190625
0 0.01328125 0.29921875 0.0265625 0.17890625
0 0.01640625 0.534375 0.03203125 0.17890625
0 0.09375 0.51484375 0.053125 0.23671875
0 0.0640625 0.48828125 0.04609375 0.23203125
0 0.03359375 0.29140625 0.02890625 0.171875
0 0.059375 0.2921875 0.03359375 0.17421875
0 0.08515625 0.2875 0.040625 0.18828125
0 0.11484375 0.3484375 0.0328125 0.17890625
0 0.14296875 0.346875 0.04609375 0.19609375
0 0.11484375 0.26328125 0.02734375 0.10625
0 0.11171875 0.11875 0.0296875 0.17421875
0 0.13984375 0.121875 0.0390625 0.1765625
0 0.153125 0.203125 0.0421875 0.16953125
0 0.1578125 0.0921875 0.03515625 0.159375
0 0.19375 0.1078125 0.0328125 0.1375
0 0.25234375 0.1015625 0.0421875 0.1546875
0 0.9703125 0.62109375 0.05546875 0.22734375
0 0.740625 0.20703125 0.03359375 0.1671875
0 0.8671875 0.240625 0.04921875 0.1671875
0 0.36640625 0.9 0.0703125 0.2