0 0.32578125 0.0625 0.0484375 0.125
0 0.3234375 0.03046875 0.046875 0.0609375
0 0.25859375 0.5671875 0.05546875 0.24609375
0 0.22890625 0.7 0.06171875 0.2703125
0 0.6984375 0.87109375 0.05859375 0.24921875
0 0.559375 0.36015625 0.06171875 0.221875
0 0.59765625 0.33046875 0.046875 0.22734375
0 0.5921875 0.16328125 0.05703125 0.18203125
0 0.6515625 0.2421875 0.040625 0.11484375
0 0.43671875 0.1328125 0.05859375 0.21171875
0 0.33828125 0.915625 0.078125 0.16796875
0 0.43046875 0.33984375 0.06484375 0.225
0 0.44375 0.87421875 0.08125 0.2515625
0 0.61015625 0.7109375 0.05703125 0.26484375
0 0.98671875 0.596875 0.0265625 0.259375
0 0.83203125 0.325 0.05234375 0.2171875
0 0.759375 0.15625 0.0453125 0.18984375
0 0.80703125 0.203125 0.0421875 0.1984375
0 0.79453125 0.15234375 0.03125 0.1765625
0 0.87578125 0.2046875 0.040625 0.1953125
0 0.90703125 0.17109375 0.034375 0.1984375
0 0.875 0.10703125 0.0390625 0.15546875
0 0.825 0.1234375 0.0390625 0.1765625
0 0.7765625 0.04375 0.04375 0.0875
0 0.80859375 0.02421875 0.0390625 0.0484375
0 0.846875 0.03203125 0.0484375 0.0640625
0 0.51484375 0.9421875 0.0765625 0.115625
0 0.4140625 0.98671875 0.071875 0.0265625
0 0.21328125 0.028125 0.0328125 0.05546875
0 0.209375 0.09609375 0.040625 0.165625
0 0.0140625 0.57421875 0.028125 0.259375
0 0.0765625 0.365625 0.046875 0.221875
0 0.040625 0.35859375 0.04375 0.20859375
0 0.04296875 0.26796875 0.0328125 0.11796875
0 0.0140625 0.29375 0.028125 0.20859375
0 0.0765625 0.2078125 0.05 0.1796875
0 0.0828125 0.10703125 0.040625 0.165625
0 0.5078125 0.1859375 0.0484375 0.17421875
0 0.54609375 0.1765625 0.04375 0.19296875