0 0.359375 0.07890625 0.04375 0.1171875
0 0.35703125 0.0390625 0.04296875 0.078125
0 0.29765625 0.53984375 0.05078125 0.225
0 0.2703125 0.6609375 0.05625 0.246875
0 0.69921875 0.8171875 0.05390625 0.22734375
0 0.57265625 0.35078125 0.05625 0.20234375
0 0.60703125 0.32421875 0.04296875 0.2078125
0 0.60234375 0.17109375 0.05234375 0.165625
0 0.65625 0.24375 0.03671875 0.1046875
0 0.61875 0.6703125 0.05234375 0.24140625
0 0.82109375 0.31875 0.0484375 0.19765625
0 0.7546875 0.165625 0.04140625 0.1734375
0 0.7984375 0.2078125 0.03828125 0.18046875
0 0.78671875 0.16171875 0.02890625 0.1609375
0 0.8609375 0.209375 0.03671875 0.178125
0 0.88984375 0.17890625 0.03125 0.18046875
0 0.86015625 0.1203125 0.0359375 0.14140625
0 0.81484375 0.134375 0.0359375 0.1609375
0 0.7703125 0.0515625 0.03984375 0.10234375
0 0.80078125 0.0328125 0.0359375 0.065625
0 0.834375 0.040625 0.04375 0.08125
0 0.25625 0.03671875 0.03046875 0.0734375
0 0.25234375 0.11015625 0.03671875 0.1515625
0 0.059375 0.54609375 0.0546875 0.23671875
0 0.03515625 0.51953125 0.046875 0.246875
0 0.13203125 0.35546875 0.04296875 0.20234375
0 0.0984375 0.35 0.03984375 0.190625
0 0.10078125 0.26640625 0.03046875 0.1078125
0 0.0703125 0.290625 0.0328125 0.190625
0 0.03828125 0.31640625 0.03125 0.19296875
0 0.0125 0.296875 0.025 0.175
0 0.13203125 0.21171875 0.0453125 0.16328125
0 0.1375 0.1203125 0.03671875 0.1515625
0 0.525 0.1921875 0.04375 0.15859375
0 0.56015625 0.18359375 0.03984375 0.17578125
0 0.34765625 0.921875 0.0765625 0.15625
0 0.46484375 0.815625 0.065625 0.2640625
0 0.46015625 0.21015625 0.0484375 0.21015625
0 0.734375 0.040625 0.03046875 0.08125
0 0.1734375 0.08203125 0.0328125 0.1296875
0 0.978125 0.5375 0.04375 0.234375
0 0.45 0.9296875 0.07109375 0.140625
0 0.56328125 0.884375 0.0703125 0.23046875
0 0.41015625 0.29453125 0.046875 0.20234375