0 0.01953125 0.59453125 0.0390625 0.20546875
0 0.0359375 0.48359375 0.05546875 0.184375
0 0.09453125 0.42265625 0.04140625 0.21015625
0 0.13671875 0.43828125 0.05078125 0.1984375
0 0.1625 0.30546875 0.040625 0.19140625
0 0.1296875 0.29609375 0.0390625 0.1578125
0 0.12421875 0.25390625 0.03359375 0.14609375
0 0.03984375 0.2609375 0.046875 0.16953125
0 0.08125 0.246875 0.0390625 0.15078125
0 0.09375 0.23515625 0.0265625 0.14609375
0 0.121875 0.0828125 0.03125 0.1484375
0 0.1546875 0.0859375 0.0375 0.17109375
0 0.17265625 0.07734375 0.03515625 0.1546875
0 0.2125 0.07578125 0.0375 0.13359375
0 0.25234375 0.06796875 0.0390625 0.1359375
0 0.29453125 0.0640625 0.0375 0.128125
0 0.35625 0.0953125 0.04296875 0.11484375
0 0.3546875 0.04765625 0.0421875 0.09453125
0 0.29609375 0.546875 0.05 0.21953125
0 0.26953125 0.66484375 0.05546875 0.24140625
0 0.23125 0.9640625 0.05625 0.071875
0 0.3125 0.953125 0.059375 0.09375
0 0.36875 0.9703125 0.05546875 0.059375
0 0.378125 0.86953125 0.065625 0.2390625
0 0.46328125 0.9390625 0.0578125 0.12109375
0 0.4546875 0.8859375 0.06875 0.1671875
0 0.60703125 0.709375 0.06328125 0.2296875
0 0.6890625 0.81796875 0.05234375 0.22265625
0 0.97734375 0.66796875 0.0453125 0.2390625
0 0.47890625 0.38203125 0.05 0.19609375
0 0.56484375 0.36171875 0.05546875 0.1984375
0 0.5984375 0.33515625 0.04140625 0.203125
0 0.59375 0.1859375 0.05078125 0.1625
0 0.57265625 0.15 0.03515625 0.171875
0 0.53984375 0.16796875 0.0390625 0.15546875
0 0.46796875 0.13203125 0.04296875 0.19375
0 0.646875 0.25625 0.0359375 0.103125
0 0.7296875 0.21953125 0.04296875 0.1625
0 0.79375 0.2734375 0.0390625 0.17421875
0 0.7828125 0.22421875 0.0390625 0.171875
0 0.83359375 0.29140625 0.04296875 0.18203125
0 0.87734375 0.26015625 0.0359375 0.19140625
0 0.74765625 0.11875 0.040625 0.1625
0 0.78828125 0.11796875 0.0359375 0.140625
0 0.81953125 0.12265625 0.03515625 0.16484375
0 0.85234375 0.146875 0.03515625 0.15546875
0 0.88515625 0.16328125 0.04140625 0.14609375
0 0.796875 0.07109375 0.03515625 0.1421875
0 0.60859375 0.9703125 0.05 0.059375