0 0.67421875 0.10234375 0.04453125 0.11796875
0 0.67578125 0.05078125 0.0421875 0.1015625
0 0.7359375 0.5671875 0.05078125 0.22578125
0 0.76328125 0.68828125 0.05625 0.24765625
0 0.3328125 0.8453125 0.05390625 0.228125
0 0.459375 0.3765625 0.05625 0.20390625
0 0.425 0.34921875 0.04296875 0.20859375
0 0.4296875 0.19609375 0.05234375 0.1671875
0 0.375 0.26875 0.0375 0.10546875
0 0.57265625 0.16796875 0.05390625 0.19375
0 0.66328125 0.9046875 0.071875 0.190625
0 0.578125 0.3578125 0.059375 0.20625
0 0.565625 0.86640625 0.075 0.2671875
0 0.41328125 0.6984375 0.05234375 0.24296875
0 0.04921875 0.5953125 0.0625 0.23828125
0 0.209375 0.34453125 0.0484375 0.19921875
0 0.2765625 0.18984375 0.04140625 0.17421875
0 0.23203125 0.2328125 0.0390625 0.18203125
0 0.24375 0.1859375 0.02890625 0.16171875
0 0.16953125 0.234375 0.0375 0.17890625
0 0.140625 0.203125 0.03203125 0.18203125
0 0.1703125 0.14453125 0.0359375 0.1421875
0 0.215625 0.159375 0.0359375 0.16171875
0 0.2609375 0.0734375 0.03984375 0.1078125
0 0.23046875 0.0453125 0.0359375 0.090625
0 0.1953125 0.05234375 0.04375 0.1046875
0 0.50078125 0.92890625 0.0703125 0.14140625
0 0.59296875 0.96953125 0.0671875 0.0609375
0 0.77734375 0.0484375 0.03046875 0.096875
0 0.78125 0.134375 0.0375 0.15234375
0 0.9734375 0.57265625 0.05234375 0.2375
0 0.98828125 0.5453125 0.0234375 0.2484375
0 0.903125 0.38125 0.04296875 0.20390625
0 0.9359375 0.375 0.03984375 0.19140625
0 0.93359375 0.29140625 0.03046875 0.1078125
0 0.9640625 0.31640625 0.0328125 0.19140625
0 0.98984375 0.34140625 0.0203125 0.1953125
0 0.903125 0.23671875 0.0453125 0.16484375
0 0.89765625 0.14453125 0.0375 0.15234375
0 0.50703125 0.2171875 0.04453125 0.159375
0 0.471875 0.20859375 0.03984375 0.1765625