0 0.98984375 0.59375 0.0203125 0.20625
0 0.978125 0.48359375 0.04375 0.184375
0 0.925 0.42265625 0.04140625 0.21015625
0 0.8828125 0.43828125 0.05078125 0.1984375
0 0.85703125 0.30546875 0.040625 0.19140625
0 0.88984375 0.29609375 0.0390625 0.1578125
0 0.8953125 0.25390625 0.03359375 0.14609375
0 0.978125 0.2609375 0.04375 0.1703125
0 0.93828125 0.246875 0.0390625 0.15078125
0 0.92578125 0.23515625 0.0265625 0.14609375
0 0.8984375 0.0828125 0.03125 0.1484375
0 0.86484375 0.0859375 0.0375 0.17109375
0 0.84765625 0.07734375 0.03515625 0.1546875
0 0.8078125 0.07578125 0.0375 0.13359375
0 0.76796875 0.06796875 0.0390625 0.1359375
0 0.725 0.0640625 0.0375 0.128125
0 0.6640625 0.0953125 0.04296875 0.11484375
0 0.665625 0.04765625 0.0421875 0.09453125
0 0.7234375 0.546875 0.05 0.21953125
0 0.75078125 0.66484375 0.05546875 0.24140625
0 0.7875 0.9640625 0.05625 0.071875
0 0.7078125 0.953125 0.059375 0.09375
0 0.65078125 0.9703125 0.05546875 0.059375
0 0.64140625 0.86953125 0.065625 0.2390625
0 0.55703125 0.9390625 0.0578125 0.12109375
0 0.56484375 0.8859375 0.06875 0.1671875
0 0.4296875 0.96171875 0.05625 0.0765625
0 0.41328125 0.709375 0.06328125 0.2296875
0 0.33125 0.81796875 0.05234375 0.22265625
0 0.0421875 0.66875 0.046875 0.2390625
0 0.540625 0.38203125 0.05 0.19609375
0 0.4546875 0.36171875 0.05546875 0.1984375
0 0.42109375 0.33515625 0.04140625 0.203125
0 0.42578125 0.1859375 0.05078125 0.1625
0 0.44765625 0.15 0.03515625 0.171875
0 0.48046875 0.16796875 0.0390625 0.15546875
0 0.55234375 0.13203125 0.04296875 0.19375
0 0.37265625 0.25625 0.0359375 0.103125
0 0.28984375 0.21953125 0.04296875 0.1625
0 0.2265625 0.2734375 0.0390625 0.17421875
0 0.23671875 0.22421875 0.0390625 0.171875
0 0.18671875 0.29140625 0.04296875 0.18203125
0 0.14296875 0.26015625 0.0359375 0.19140625
0 0.27265625 0.11875 0.040625 0.1625
0 0.23125 0.11796875 0.0359375 0.140625
0 0.2 0.12265625 0.03515625 0.16484375
0 0.16796875 0.146875 0.03515625 0.15546875
0 0.13515625 0.16328125 0.04140625 0.14609375
0 0.22265625 0.07109375 0.03515625 0.1421875