0 0.990625 0.44375 0.01796875 0.196875
0 0.9484375 0.37890625 0.04453125 0.22421875
0 0.903125 0.3953125 0.0546875 0.2109375
0 0.87578125 0.25390625 0.04296875 0.20390625
0 0.9109375 0.24375 0.04140625 0.16796875
0 0.9171875 0.19921875 0.0359375 0.15546875
0 0.990625 0.20703125 0.01796875 0.18125
0 0.9625 0.19140625 0.04140625 0.16015625
0 0.94921875 0.17890625 0.02890625 0.15546875
0 0.91953125 0.04765625 0.0328125 0.0953125
0 0.884375 0.05546875 0.03984375 0.1109375
0 0.865625 0.046875 0.0375 0.09375
0 0.82265625 0.03984375 0.0390625 0.0796875
0 0.78125 0.03671875 0.04140625 0.0734375
0 0.7359375 0.0328125 0.03984375 0.06484375
0 0.66953125 0.0453125 0.04609375 0.090625
0 0.671875 0.01484375 0.04453125 0.0296875
0 0.73359375 0.5109375 0.053125 0.234375
0 0.7625 0.6375 0.05859375 0.25703125
0 0.803125 0.959375 0.06015625 0.08125
0 0.7171875 0.94765625 0.06328125 0.1046875
0 0.65546875 0.96484375 0.0578125 0.0703125
0 0.646875 0.8546875 0.0703125 0.2546875
0 0.55625 0.93203125 0.0609375 0.13515625
0 0.56484375 0.87265625 0.07265625 0.178125
0 0.4203125 0.95625 0.059375 0.0875
0 0.403125 0.684375 0.0671875 0.24453125
0 0.31640625 0.8 0.05546875 0.23671875
0 0.0171875 0.640625 0.03359375 0.2546875
0 0.5390625 0.33515625 0.053125 0.20859375
0 0.44765625 0.3140625 0.05859375 0.2109375
0 0.41171875 0.2859375 0.04453125 0.21640625
0 0.4171875 0.1265625 0.0546875 0.1734375
0 0.4390625 0.08984375 0.0375 0.1796875
0 0.475 0.1078125 0.04140625 0.165625
0 0.5515625 0.0859375 0.04609375 0.171875
0 0.3609375 0.2015625 0.03828125 0.109375
0 0.27265625 0.1625 0.04609375 0.1734375
0 0.2046875 0.21953125 0.04140625 0.1859375
0 0.21640625 0.1671875 0.04140625 0.18359375
0 0.1625 0.2390625 0.04609375 0.19375
0 0.115625 0.20546875 0.03828125 0.20390625
0 0.25390625 0.07109375 0.04296875 0.14140625
0 0.21015625 0.06484375 0.03828125 0.1296875
0 0.1765625 0.0734375 0.0375 0.146875
0 0.1421875 0.08515625 0.0375 0.165625
0 0.10703125 0.10234375 0.04453125 0.15546875
0 0.2 0.03984375 0.0375 0.0796875