0 0.3515625 0.103125 0.0421875 0.11328125
0 0.34921875 0.0515625 0.04140625 0.103125
0 0.2921875 0.55 0.04921875 0.2171875
0 0.265625 0.6671875 0.0546875 0.23828125
0 0.68046875 0.81796875 0.0515625 0.21953125
0 0.5578125 0.3671875 0.0546875 0.19609375
0 0.59140625 0.340625 0.04140625 0.20078125
0 0.58671875 0.19296875 0.05078125 0.1609375
0 0.6390625 0.26328125 0.0359375 0.1015625
0 0.60234375 0.6765625 0.05078125 0.23359375
0 0.7984375 0.3359375 0.046875 0.19140625
0 0.734375 0.1875 0.03984375 0.16796875
0 0.7765625 0.22890625 0.0375 0.175
0 0.765625 0.18359375 0.028125 0.15625
0 0.8375 0.2296875 0.0359375 0.17265625
0 0.865625 0.2 0.03046875 0.175
0 0.83671875 0.14375 0.034375 0.13671875
0 0.79296875 0.1578125 0.034375 0.15625
0 0.74921875 0.075 0.03828125 0.10390625
0 0.778125 0.04609375 0.034375 0.09140625
0 0.81171875 0.053125 0.0421875 0.10625
0 0.2515625 0.04921875 0.02890625 0.0984375
0 0.2484375 0.134375 0.0359375 0.146875
0 0.06171875 0.55625 0.053125 0.22890625
0 0.0375 0.5296875 0.0453125 0.23828125
0 0.13125 0.371875 0.04140625 0.19609375
0 0.09921875 0.365625 0.03828125 0.184375
0 0.1015625 0.28515625 0.02890625 0.10390625
0 0.071875 0.309375 0.03203125 0.184375
0 0.040625 0.33359375 0.03046875 0.18671875
0 0.0140625 0.31484375 0.028125 0.1703125
0 0.13125 0.23203125 0.04375 0.15859375
0 0.13671875 0.14375 0.0359375 0.146875
0 0.5125 0.21328125 0.0421875 0.15390625
0 0.54609375 0.20546875 0.03828125 0.1703125
0 0.3390625 0.92265625 0.07421875 0.1546875
0 0.45390625 0.8171875 0.0640625 0.25546875
0 0.42265625 0.32890625 0.046875 0.19609375
0 0.44921875 0.23125 0.046875 0.203125
0 0.71484375 0.053125 0.02890625 0.10625
0 0.171875 0.10703125 0.03203125 0.125
0 0.95234375 0.54765625 0.0453125 0.2265625
0 0.4390625 0.9296875 0.06953125 0.140625
0 0.54921875 0.8859375 0.06796875 0.228125