0 0.26640625 0.02109375 0.04140625 0.04140625
0 0.334375 0.03359375 0.046875 0.0671875
0 0.26796875 0.49921875 0.05390625 0.23984375
0 0.2390625 0.628125 0.06015625 0.26328125
0 0.19765625 0.9578125 0.0609375 0.084375
0 0.28515625 0.94609375 0.06484375 0.1078125
0 0.69609375 0.7953125 0.05703125 0.24296875
0 0.5609375 0.296875 0.06015625 0.21640625
0 0.59765625 0.26796875 0.0453125 0.221875
0 0.59296875 0.1046875 0.05546875 0.17734375
0 0.56953125 0.0796875 0.03828125 0.159375
0 0.53359375 0.08515625 0.0421875 0.16953125
0 0.65078125 0.18203125 0.03984375 0.1125
0 0.81015625 0.2 0.0421875 0.190625
0 0.7984375 0.146875 0.0421875 0.18828125
0 0.853125 0.21953125 0.046875 0.1984375
0 0.76015625 0.06015625 0.04375 0.1203125
0 0.8046875 0.05390625 0.0390625 0.1078125
0 0.8390625 0.0625 0.03828125 0.125
0 0.87421875 0.0734375 0.03828125 0.14609375
0 0.91015625 0.08046875 0.0453125 0.159375
0 0.8140625 0.02890625 0.03828125 0.05703125
0 0.59453125 0.6609375 0.05703125 0.2609375
0 0.46953125 0.91640625 0.0671875 0.1671875
0 0.44296875 0.8625 0.0765625 0.275
0 0.453125 0.29296875 0.05859375 0.22421875
0 0.44140625 0.0890625 0.05703125 0.17734375
0 0.05078125 0.44921875 0.05703125 0.25546875
0 0.02265625 0.4203125 0.04453125 0.25078125
0 0.01640625 0.20859375 0.0328125 0.18828125
0 0.04140625 0.20390625 0.04375 0.20390625
0 0.07421875 0.26953125 0.03515625 0.19296875
0 0.1046875 0.26796875 0.05 0.21171875
0 0.07421875 0.178125 0.0296875 0.11484375
0 0.071875 0.05703125 0.03125 0.1140625
0 0.10078125 0.06015625 0.04296875 0.1203125
0 0.115625 0.1125 0.0453125 0.1828125
0 0.12109375 0.0390625 0.03828125 0.078125
0 0.159375 0.04140625 0.034375 0.0828125
0 0.2234375 0.04296875 0.046875 0.0859375
0 0.98359375 0.56328125 0.0328125 0.2453125
0 0.7484375 0.11640625 0.03671875 0.1796875
0 0.8859375 0.153125 0.053125 0.1796875
0 0.3453125 0.878125 0.0765625 0.24296875