0 0.38671875 0.04296875 0.046875 0.0859375
0 0.3203125 0.5203125 0.0546875 0.24140625
0 0.29140625 0.65 0.06015625 0.26484375
0 0.7515625 0.81796875 0.0578125 0.24453125
0 0.615625 0.31640625 0.06015625 0.21796875
0 0.653125 0.2875 0.04609375 0.2234375
0 0.64765625 0.1234375 0.05625 0.17890625
0 0.70625 0.20078125 0.03984375 0.11328125
0 0.4953125 0.0984375 0.05703125 0.19609375
0 0.3984375 0.88984375 0.0765625 0.2203125
0 0.4890625 0.296875 0.06328125 0.2203125
0 0.5015625 0.84453125 0.0796875 0.29140625
0 0.665625 0.66015625 0.05625 0.26015625
0 0.8828125 0.28203125 0.0515625 0.2125
0 0.81171875 0.1171875 0.04453125 0.18671875
0 0.85859375 0.1625 0.04140625 0.19453125
0 0.84609375 0.11328125 0.03125 0.1734375
0 0.92578125 0.1640625 0.03984375 0.19140625
0 0.95703125 0.13125 0.03359375 0.19453125
0 0.925 0.071875 0.03828125 0.14375
0 0.8765625 0.08515625 0.03828125 0.1703125
0 0.828125 0.025 0.04296875 0.04921875
0 0.89765625 0.01328125 0.046875 0.0265625
0 0.571875 0.915625 0.075 0.16796875
0 0.471875 0.959375 0.07109375 0.08125
0 0.271875 0.06953125 0.03984375 0.13828125
0 0.06484375 0.5265625 0.059375 0.2546875
0 0.03828125 0.49765625 0.05 0.26484375
0 0.1421875 0.321875 0.04609375 0.21796875
0 0.10703125 0.31484375 0.04296875 0.2046875
0 0.10859375 0.22578125 0.0328125 0.115625
0 0.0765625 0.25234375 0.03515625 0.2046875
0 0.04140625 0.2796875 0.03359375 0.2078125
0 0.01328125 0.259375 0.0265625 0.1890625
0 0.1421875 0.16640625 0.0484375 0.17578125
0 0.14921875 0.07421875 0.0390625 0.1484375
0 0.56484375 0.14609375 0.046875 0.1703125
0 0.60234375 0.13671875 0.04296875 0.1890625