0 0.98359375 0.60234375 0.0328125 0.2203125
0 0.83515625 0.29296875 0.04375 0.20546875
0 0.87109375 0.28203125 0.0421875 0.16953125
0 0.8765625 0.2375 0.0359375 0.15703125
0 0.96796875 0.2453125 0.05078125 0.1828125
0 0.92265625 0.2296875 0.0421875 0.16171875
0 0.909375 0.2171875 0.02890625 0.15703125
0 0.8796875 0.06640625 0.0328125 0.1328125
0 0.84375 0.07421875 0.040625 0.1484375
0 0.825 0.065625 0.0375 0.13046875
0 0.78203125 0.05859375 0.040625 0.1171875
0 0.73828125 0.0546875 0.0421875 0.109375
0 0.69296875 0.05078125 0.040625 0.1015625
0 0.62734375 0.06640625 0.04609375 0.1234375
0 0.62890625 0.0328125 0.0453125 0.065625
0 0.69140625 0.55234375 0.05390625 0.23671875
0 0.7203125 0.6796875 0.059375 0.26015625
0 0.7609375 0.98203125 0.0609375 0.0359375
0 0.675 0.9703125 0.06328125 0.059375
0 0.61328125 0.98828125 0.059375 0.0234375
0 0.603125 0.88515625 0.0703125 0.2296875
0 0.26875 0.84453125 0.05625 0.2390625
0 0.40234375 0.353125 0.059375 0.21328125
0 0.365625 0.325 0.04453125 0.21875
0 0.37109375 0.1640625 0.0546875 0.175
0 0.39375 0.12578125 0.0375 0.18515625
0 0.4296875 0.14453125 0.0421875 0.1671875
0 0.3140625 0.23984375 0.0390625 0.1109375
0 0.225 0.2 0.04609375 0.175
0 0.15625 0.2578125 0.0421875 0.1875
0 0.16796875 0.20546875 0.0421875 0.18515625
0 0.11328125 0.27734375 0.04609375 0.1953125
0 0.06640625 0.24375 0.0390625 0.20546875
0 0.20625 0.0921875 0.04375 0.175
0 0.16171875 0.090625 0.0390625 0.1515625
0 0.128125 0.09609375 0.0375 0.17734375
0 0.09296875 0.121875 0.0375 0.1671875
0 0.0578125 0.13984375 0.04453125 0.15703125
0 0.15234375 0.05859375 0.0375 0.1171875
0 0.36875 0.71171875 0.05625 0.25703125
0 0.4921875 0.940625 0.06640625 0.11796875
0 0.51875 0.8875 0.075 0.22421875
0 0.50859375 0.34921875 0.0578125 0.22109375
0 0.5203125 0.134375 0.05625 0.203125
0 0.98828125 0.27421875 0.0234375 0.190625
0 0.89296875 0.46640625 0.0546875 0.234375
0 0.9265625 0.4328125 0.04609375 0.21875
0 0.984375 0.5203125 0.03125 0.253125