0 0.34453125 0.1046875 0.0421875 0.1125
0 0.34296875 0.05234375 0.04140625 0.10390625
0 0.2859375 0.546875 0.0484375 0.215625
0 0.259375 0.6625 0.05390625 0.23671875
0 0.6703125 0.8125 0.0515625 0.21796875
0 0.54921875 0.365625 0.05390625 0.19453125
0 0.58203125 0.33984375 0.040625 0.19921875
0 0.57734375 0.19296875 0.05 0.159375
0 0.6296875 0.2625 0.03515625 0.10078125
0 0.59296875 0.671875 0.05 0.23203125
0 0.7875 0.33515625 0.04609375 0.18984375
0 0.7234375 0.1875 0.03984375 0.16640625
0 0.765625 0.228125 0.03671875 0.1734375
0 0.7546875 0.184375 0.02734375 0.1546875
0 0.82578125 0.2296875 0.03515625 0.17109375
0 0.853125 0.2 0.03046875 0.1734375
0 0.825 0.14453125 0.034375 0.1359375
0 0.78125 0.15859375 0.034375 0.1546875
0 0.73828125 0.0765625 0.03828125 0.103125
0 0.7671875 0.04609375 0.034375 0.0921875
0 0.80078125 0.053125 0.0421875 0.10625
0 0.24609375 0.05 0.02890625 0.09921875
0 0.2421875 0.13515625 0.03515625 0.1453125
0 0.0578125 0.55234375 0.05234375 0.22734375
0 0.03359375 0.5265625 0.04453125 0.23671875
0 0.1265625 0.3703125 0.040625 0.19453125
0 0.0953125 0.3640625 0.03828125 0.1828125
0 0.096875 0.284375 0.02890625 0.103125
0 0.06796875 0.3078125 0.03125 0.1828125
0 0.0375 0.3328125 0.03046875 0.18515625
0 0.01171875 0.31484375 0.0234375 0.16875
0 0.1265625 0.23203125 0.04375 0.15703125
0 0.13203125 0.14453125 0.03515625 0.1453125
0 0.50390625 0.21328125 0.0421875 0.15234375
0 0.5375 0.2046875 0.03828125 0.16875
0 0.52265625 0.89765625 0.06171875 0.2046875
0 0.42734375 0.940625 0.0734375 0.11875
0 0.3328125 0.91953125 0.0734375 0.1609375
0 0.44609375 0.81171875 0.06328125 0.253125
0 0.41484375 0.328125 0.04609375 0.19453125
0 0.44140625 0.23046875 0.04609375 0.2015625
0 0.7046875 0.053125 0.028125 0.10625
0 0.1671875 0.1078125 0.03125 0.12421875
0 0.9390625 0.54453125 0.04453125 0.225