0 0.7171875 0.05390625 0.0375 0.1078125
0 0.6546875 0.075 0.04375 0.1171875
0 0.65625 0.0375 0.04296875 0.07421875
0 0.715625 0.5359375 0.05078125 0.225
0 0.74296875 0.65703125 0.05625 0.246875
0 0.78203125 0.96328125 0.0578125 0.0734375
0 0.7 0.95234375 0.06015625 0.0953125
0 0.31484375 0.81328125 0.05390625 0.22734375
0 0.44140625 0.346875 0.05625 0.20234375
0 0.40703125 0.3203125 0.04296875 0.2078125
0 0.41171875 0.1671875 0.05234375 0.165625
0 0.43359375 0.13125 0.0359375 0.17578125
0 0.4671875 0.14921875 0.03984375 0.15859375
0 0.35703125 0.23984375 0.03671875 0.1046875
0 0.2078125 0.25625 0.03984375 0.178125
0 0.21875 0.20625 0.03984375 0.17578125
0 0.1671875 0.275 0.04375 0.1859375
0 0.2546875 0.09921875 0.04140625 0.165625
0 0.21328125 0.09765625 0.03671875 0.14375
0 0.18046875 0.103125 0.0359375 0.16875
0 0.14765625 0.12734375 0.0359375 0.15859375
0 0.1140625 0.14453125 0.04296875 0.14921875
0 0.20390625 0.06171875 0.0359375 0.1234375
0 0.409375 0.6875 0.05390625 0.24375
0 0.5265625 0.92421875 0.06328125 0.1515625
0 0.5515625 0.87421875 0.07109375 0.2515625
0 0.5421875 0.34296875 0.0546875 0.21015625
0 0.55390625 0.1390625 0.05390625 0.19296875
0 0.99296875 0.27109375 0.0140625 0.1796875
0 0.990625 0.509375 0.01875 0.18046875
0 0.91875 0.48984375 0.05390625 0.2390625
0 0.9484375 0.4625 0.046875 0.234375
0 0.9796875 0.2640625 0.02890625 0.1734375
0 0.953125 0.26484375 0.034375 0.17578125
0 0.928125 0.26015625 0.04140625 0.190625
0 0.89765625 0.32109375 0.0328125 0.18046875
0 0.86875 0.3203125 0.046875 0.19765625
0 0.89765625 0.2359375 0.02734375 0.1078125
0 0.90078125 0.0890625 0.03046875 0.17578125
0 0.87265625 0.09296875 0.03984375 0.178125
0 0.85859375 0.175 0.04296875 0.17109375
0 0.85390625 0.07109375 0.0359375 0.1421875
0 0.81796875 0.078125 0.0328125 0.1390625
0 0.75859375 0.075 0.04296875 0.15
0 0.0328125 0.596875 0.05625 0.2296875
0 0.265625 0.178125 0.034375 0.16875
0 0.13671875 0.2125 0.04921875 0.16875
0 0.64296875 0.88828125 0.0703125 0.2234375