0 0.2625 0.03046875 0.04765625 0.06015625
0 0.19609375 0.496875 0.0546875 0.24296875
0 0.16640625 0.62734375 0.0609375 0.2671875
0 0.6296875 0.796875 0.0578125 0.24609375
0 0.49296875 0.2921875 0.0609375 0.21953125
0 0.53046875 0.26328125 0.04609375 0.225
0 0.525 0.09765625 0.05625 0.1796875
0 0.58359375 0.17578125 0.03984375 0.11328125
0 0.54296875 0.63828125 0.05625 0.26171875
0 0.76171875 0.2578125 0.05234375 0.2140625
0 0.690625 0.0921875 0.04375 0.184375
0 0.7375 0.1375 0.04140625 0.1953125
0 0.725 0.0875 0.03125 0.17421875
0 0.8046875 0.1390625 0.03984375 0.19296875
0 0.8359375 0.10546875 0.034375 0.1953125
0 0.8046875 0.059375 0.03828125 0.11875
0 0.7546875 0.07265625 0.03828125 0.14453125
0 0.70703125 0.01171875 0.04296875 0.0234375
0 0.1484375 0.05625 0.040625 0.1125
0 0.0203125 0.29609375 0.040625 0.2203125
0 0.0203125 0.14140625 0.040625 0.1765625
0 0.02265625 0.06171875 0.040625 0.1234375
0 0.4421875 0.1203125 0.04765625 0.171875
0 0.4796875 0.1109375 0.04296875 0.190625
0 0.2484375 0.91328125 0.0828125 0.1734375
0 0.3765625 0.7953125 0.07109375 0.28515625
0 0.34140625 0.25 0.05234375 0.21953125
0 0.37109375 0.13984375 0.05234375 0.22734375
0 0.06171875 0.03515625 0.0359375 0.0703125
0 0.9328125 0.49453125 0.05078125 0.25390625
0 0.36015625 0.92109375 0.07734375 0.1578125
0 0.4828125 0.87265625 0.07578125 0.2546875