0 0.01484375 0.57265625 0.0296875 0.21640625
0 0.159375 0.26875 0.0421875 0.2015625
0 0.12421875 0.259375 0.040625 0.165625
0 0.11875 0.21484375 0.03515625 0.153125
0 0.0296875 0.22265625 0.04921875 0.17890625
0 0.0734375 0.2078125 0.040625 0.15859375
0 0.08671875 0.19453125 0.028125 0.153125
0 0.11640625 0.05625 0.03203125 0.1125
0 0.15078125 0.0640625 0.03984375 0.128125
0 0.16953125 0.05546875 0.03671875 0.1109375
0 0.21171875 0.0484375 0.0390625 0.096875
0 0.253125 0.0453125 0.040625 0.090625
0 0.29765625 0.04140625 0.03984375 0.0828125
0 0.3625 0.05390625 0.0453125 0.1078125
0 0.3609375 0.0234375 0.04375 0.046875
0 0.29921875 0.5234375 0.05234375 0.23125
0 0.27109375 0.64765625 0.0578125 0.25390625
0 0.23125 0.9625 0.059375 0.07421875
0 0.315625 0.95078125 0.0625 0.0984375
0 0.37578125 0.96875 0.0578125 0.0625
0 0.3859375 0.8625 0.06953125 0.2515625
0 0.71171875 0.80859375 0.05546875 0.23359375
0 0.58203125 0.328125 0.0578125 0.20859375
0 0.6171875 0.30078125 0.04375 0.2140625
0 0.6125 0.14375 0.05390625 0.17109375
0 0.58984375 0.10546875 0.03671875 0.18125
0 0.55546875 0.12421875 0.040625 0.16328125
0 0.66796875 0.2171875 0.03828125 0.1078125
0 0.75546875 0.17890625 0.0453125 0.17109375
0 0.821875 0.23515625 0.040625 0.18359375
0 0.8109375 0.18359375 0.040625 0.18125
0 0.8640625 0.25390625 0.0453125 0.19140625
0 0.909375 0.22109375 0.03828125 0.2015625
0 0.7734375 0.07890625 0.0421875 0.1578125
0 0.8171875 0.07265625 0.0375 0.1453125
0 0.85078125 0.08125 0.0359375 0.1625
0 0.88359375 0.1015625 0.03671875 0.16328125
0 0.91796875 0.11953125 0.04375 0.153125
0 0.8265625 0.0484375 0.0375 0.096875
0 0.61484375 0.67890625 0.05546875 0.2515625
0 0.49375 0.92265625 0.06484375 0.1546875
0 0.46953125 0.8703125 0.0734375 0.259375
0 0.98671875 0.61875 0.02578125 0.2515625
0 0.478125 0.32421875 0.05625 0.21640625
0 0.46640625 0.1140625 0.05546875 0.1984375
0 0.0109375 0.25078125 0.021875 0.1859375
0 0.10234375 0.4390625 0.05390625 0.22890625
0 0.0703125 0.40625 0.0453125 0.2140625
0 0.0140625 0.4921875 0.02734375 0.24609375