0 0.68359375 0.1046875 0.04609375 0.12265625
0 0.68515625 0.05234375 0.04453125 0.1046875
0 0.74765625 0.5890625 0.053125 0.2359375
0 0.77578125 0.715625 0.05859375 0.25859375
0 0.32734375 0.8796875 0.05625 0.23828125
0 0.459375 0.390625 0.05859375 0.2125
0 0.4234375 0.3625 0.04453125 0.21796875
0 0.42890625 0.20234375 0.0546875 0.17421875
0 0.371875 0.278125 0.0390625 0.11015625
0 0.41171875 0.7265625 0.0546875 0.25390625
0 0.19921875 0.35703125 0.05 0.2078125
0 0.22265625 0.240625 0.040625 0.18984375
0 0.23515625 0.1921875 0.03046875 0.16875
0 0.1578125 0.2421875 0.0390625 0.18671875
0 0.12734375 0.21015625 0.0328125 0.18984375
0 0.15859375 0.1484375 0.0375 0.1484375
0 0.20546875 0.1640625 0.0375 0.16875
0 0.25234375 0.07421875 0.04140625 0.1125
0 0.22109375 0.04609375 0.0375 0.0921875
0 0.18515625 0.05390625 0.04609375 0.1078125
0 0.790625 0.05 0.03203125 0.09921875
0 0.98359375 0.5953125 0.03203125 0.24765625
0 0.92109375 0.39609375 0.04453125 0.2125
0 0.95546875 0.3890625 0.04140625 0.2
0 0.95390625 0.30234375 0.03203125 0.1125
0 0.98359375 0.32734375 0.03203125 0.2
0 0.915625 0.1484375 0.0390625 0.15859375
0 0.509375 0.22421875 0.04609375 0.16640625
0 0.47265625 0.21484375 0.04140625 0.184375
0 0.6953125 0.95390625 0.08125 0.0921875
0 0.57734375 0.24296875 0.05 0.2203125
0 0.290625 0.05390625 0.03203125 0.1078125
0 0.87734375 0.10859375 0.034375 0.1359375
0 0.0328125 0.58671875 0.04921875 0.24609375
0 0.46953125 0.91484375 0.0734375 0.1703125
0 0.6296875 0.33203125 0.04921875 0.2125
0 0.8109375 0.1703125 0.04609375 0.16171875
0 0.57421875 0.94921875 0.07734375 0.1015625
0 0.575 0.83125 0.0703125 0.2484375
0 0.95234375 0.2703125 0.04921875 0.14609375