0 0.3140625 0.0671875 0.046875 0.125
0 0.31171875 0.03359375 0.04609375 0.0671875
0 0.2484375 0.56015625 0.05390625 0.23984375
0 0.21953125 0.68984375 0.06015625 0.26328125
0 0.6765625 0.85703125 0.05703125 0.24296875
0 0.54140625 0.35859375 0.06015625 0.21640625
0 0.578125 0.3296875 0.0453125 0.221875
0 0.5734375 0.16640625 0.05546875 0.17734375
0 0.63125 0.24375 0.03984375 0.1125
0 0.421875 0.13671875 0.05703125 0.20625
0 0.32578125 0.909375 0.0765625 0.18125
0 0.415625 0.3390625 0.06328125 0.21953125
0 0.428125 0.86875 0.07890625 0.26171875
0 0.590625 0.7 0.05546875 0.25859375
0 0.971875 0.590625 0.05546875 0.25390625
0 0.80703125 0.32421875 0.0515625 0.21171875
0 0.7359375 0.16015625 0.04375 0.18515625
0 0.7828125 0.20546875 0.04140625 0.19296875
0 0.7703125 0.15625 0.03046875 0.171875
0 0.84921875 0.20703125 0.03984375 0.190625
0 0.88046875 0.17421875 0.03359375 0.19296875
0 0.8484375 0.11171875 0.03828125 0.1515625
0 0.80078125 0.12734375 0.03828125 0.171875
0 0.75390625 0.04609375 0.0421875 0.0921875
0 0.784375 0.02734375 0.03828125 0.05390625
0 0.82109375 0.03515625 0.046875 0.0703125
0 0.49765625 0.93515625 0.07421875 0.1296875
0 0.39921875 0.978125 0.0703125 0.04375
0 0.2046875 0.03046875 0.03125 0.0609375
0 0.2 0.1015625 0.03984375 0.16171875
0 0.0125 0.56640625 0.025 0.2515625
0 0.07109375 0.36328125 0.0453125 0.21640625
0 0.0359375 0.35703125 0.0421875 0.20390625
0 0.03828125 0.26796875 0.03203125 0.11484375
0 0.0125 0.29296875 0.025 0.2046875
0 0.07109375 0.209375 0.0484375 0.175
0 0.07734375 0.11171875 0.03984375 0.16171875
0 0.49140625 0.1890625 0.046875 0.16953125
0 0.52890625 0.1796875 0.0421875 0.18828125