0 0.28984375 0.053125 0.0390625 0.10546875
0 0.35390625 0.071875 0.04453125 0.11875
0 0.3515625 0.0359375 0.04296875 0.07109375
0 0.2921875 0.53828125 0.0515625 0.22734375
0 0.2640625 0.6609375 0.05703125 0.24921875
0 0.22578125 0.96640625 0.0578125 0.0671875
0 0.3078125 0.95546875 0.0609375 0.0890625
0 0.69765625 0.81875 0.05390625 0.2296875
0 0.56953125 0.346875 0.05703125 0.2046875
0 0.6046875 0.31953125 0.04296875 0.21015625
0 0.59921875 0.165625 0.053125 0.16796875
0 0.57734375 0.128125 0.0359375 0.178125
0 0.54296875 0.146875 0.040625 0.1609375
0 0.6546875 0.23828125 0.0375 0.10625
0 0.80546875 0.25546875 0.040625 0.18046875
0 0.79453125 0.2046875 0.040625 0.178125
0 0.846875 0.27421875 0.04453125 0.1875
0 0.7578125 0.09609375 0.04140625 0.16796875
0 0.8 0.0953125 0.0375 0.14609375
0 0.8328125 0.1 0.0359375 0.1703125
0 0.86640625 0.125 0.0359375 0.1609375
0 0.9 0.1421875 0.04296875 0.15078125
0 0.809375 0.06015625 0.0359375 0.1203125
0 0.6015625 0.69140625 0.05390625 0.246875
0 0.4828125 0.92734375 0.0640625 0.1453125
0 0.4578125 0.8765625 0.071875 0.246875
0 0.4671875 0.34375 0.05546875 0.2125
0 0.45546875 0.13671875 0.05390625 0.1953125
0 0.009375 0.27109375 0.01875 0.1828125
0 0.01171875 0.51171875 0.0234375 0.1828125
0 0.0859375 0.49140625 0.05390625 0.2421875
0 0.05625 0.4640625 0.046875 0.2375
0 0.025 0.26328125 0.02890625 0.17578125
0 0.0515625 0.2640625 0.034375 0.178125
0 0.07734375 0.259375 0.04140625 0.19296875
0 0.1078125 0.32109375 0.03359375 0.1828125
0 0.13671875 0.31953125 0.046875 0.2
0 0.1078125 0.234375 0.028125 0.10859375
0 0.10546875 0.0875 0.03046875 0.175
0 0.134375 0.08984375 0.040625 0.1796875
0 0.14765625 0.17265625 0.04296875 0.17265625
0 0.15234375 0.0703125 0.0359375 0.140625
0 0.18828125 0.075 0.03359375 0.140625
0 0.24921875 0.07421875 0.04296875 0.1484375
0 0.9765625 0.6 0.04609375 0.23203125
0 0.74765625 0.1765625 0.034375 0.1703125
0 0.87734375 0.2109375 0.05 0.1703125
0 0.36484375 0.89140625 0.071875 0.2171875