0 0.9890625 0.55078125 0.021875 0.21796875
0 0.97578125 0.43359375 0.04765625 0.1953125
0 0.91875 0.36953125 0.04375 0.22265625
0 0.87421875 0.3859375 0.05390625 0.21015625
0 0.84765625 0.2453125 0.04296875 0.20234375
0 0.88203125 0.23515625 0.04140625 0.1671875
0 0.8875 0.19140625 0.0359375 0.1546875
0 0.97578125 0.1984375 0.04765625 0.18046875
0 0.93359375 0.18359375 0.04140625 0.159375
0 0.91953125 0.17109375 0.028125 0.1546875
0 0.88984375 0.04375 0.0328125 0.0875
0 0.85546875 0.0515625 0.03984375 0.103125
0 0.83671875 0.04296875 0.03671875 0.0859375
0 0.79453125 0.03671875 0.03984375 0.07265625
0 0.75234375 0.0328125 0.040625 0.065625
0 0.7078125 0.02890625 0.03984375 0.0578125
0 0.6421875 0.04140625 0.0453125 0.0828125
0 0.70546875 0.50078125 0.05234375 0.2328125
0 0.734375 0.6265625 0.05859375 0.25546875
0 0.77421875 0.953125 0.059375 0.09375
0 0.6890625 0.94140625 0.0625 0.1171875
0 0.628125 0.95859375 0.059375 0.0828125
0 0.61875 0.84296875 0.06953125 0.253125
0 0.52890625 0.92578125 0.0609375 0.14765625
0 0.53828125 0.86015625 0.07265625 0.17734375
0 0.3953125 0.95 0.059375 0.1
0 0.37734375 0.6734375 0.0671875 0.24296875
0 0.290625 0.78828125 0.05546875 0.23515625
0 0.5125 0.3265625 0.05234375 0.2078125
0 0.42109375 0.3046875 0.05859375 0.21015625
0 0.3859375 0.27734375 0.04375 0.21484375
0 0.390625 0.11875 0.05390625 0.171875
0 0.41328125 0.0859375 0.03671875 0.171875
0 0.4484375 0.1 0.04140625 0.16484375
0 0.52421875 0.08203125 0.0453125 0.1640625
0 0.334375 0.19375 0.03828125 0.10859375
0 0.246875 0.1546875 0.0453125 0.171875
0 0.1796875 0.2109375 0.04140625 0.184375
0 0.190625 0.159375 0.04140625 0.18203125
0 0.1375 0.23046875 0.0453125 0.1921875
0 0.09140625 0.19765625 0.03828125 0.20234375
0 0.228125 0.0671875 0.04296875 0.13359375
0 0.18515625 0.0609375 0.03828125 0.12109375
0 0.1515625 0.06953125 0.03671875 0.13828125
0 0.1171875 0.0796875 0.03671875 0.15859375
0 0.0828125 0.09453125 0.04375 0.1546875
0 0.17578125 0.03671875 0.03671875 0.07265625