0 0.7296875 0.05390625 0.03828125 0.1078125
0 0.6671875 0.07421875 0.04375 0.11640625
0 0.66875 0.03671875 0.04296875 0.0734375
0 0.72734375 0.5328125 0.05078125 0.2234375
0 0.7546875 0.653125 0.05625 0.2453125
0 0.79296875 0.96015625 0.0578125 0.0796875
0 0.71171875 0.94921875 0.06015625 0.10078125
0 0.32890625 0.80859375 0.053125 0.22578125
0 0.4546875 0.34453125 0.05625 0.2015625
0 0.4203125 0.31796875 0.0421875 0.20625
0 0.425 0.16640625 0.0515625 0.16484375
0 0.446875 0.13046875 0.03515625 0.175
0 0.48046875 0.1484375 0.03984375 0.1578125
0 0.37109375 0.23828125 0.03671875 0.1046875
0 0.22265625 0.25546875 0.03984375 0.17734375
0 0.2328125 0.20546875 0.03984375 0.175
0 0.18203125 0.2734375 0.04375 0.184375
0 0.26953125 0.0984375 0.040625 0.16484375
0 0.22734375 0.09765625 0.03671875 0.14296875
0 0.1953125 0.10234375 0.03515625 0.1671875
0 0.1625 0.1265625 0.03515625 0.1578125
0 0.1296875 0.14375 0.0421875 0.1484375
0 0.21796875 0.0609375 0.0359375 0.121875
0 0.4234375 0.68359375 0.053125 0.24296875
0 0.53984375 0.921875 0.0625 0.15625
0 0.56484375 0.871875 0.07109375 0.2546875
0 0.5546875 0.34140625 0.0546875 0.20859375
0 0.56640625 0.13828125 0.053125 0.19140625
0 0.99609375 0.50625 0.0078125 0.1796875
0 0.9296875 0.48671875 0.053125 0.2375
0 0.959375 0.46015625 0.04609375 0.2328125
0 0.9875 0.2625 0.02421875 0.17265625
0 0.9640625 0.26328125 0.034375 0.175
0 0.9390625 0.25859375 0.040625 0.1890625
0 0.90859375 0.31953125 0.0328125 0.1796875
0 0.8796875 0.31796875 0.04609375 0.196875
0 0.90859375 0.234375 0.02734375 0.10703125
0 0.91171875 0.0890625 0.0296875 0.175
0 0.88359375 0.0921875 0.03984375 0.17734375
0 0.86953125 0.1734375 0.0421875 0.16953125
0 0.86484375 0.07109375 0.03515625 0.14140625
0 0.8296875 0.078125 0.0328125 0.13828125
0 0.7703125 0.075 0.04296875 0.14921875
0 0.0484375 0.59375 0.05625 0.228125
0 0.2796875 0.17734375 0.034375 0.1671875
0 0.1515625 0.21171875 0.04921875 0.1671875
0 0.6546875 0.8859375 0.071875 0.228125