0 0.98984375 0.6265625 0.0203125 0.2140625
0 0.9765625 0.51171875 0.046875 0.1921875
0 0.921875 0.4484375 0.04296875 0.21875
0 0.87734375 0.46484375 0.053125 0.20625
0 0.85078125 0.3265625 0.0421875 0.1984375
0 0.88515625 0.31640625 0.040625 0.1640625
0 0.890625 0.2734375 0.03515625 0.1515625
0 0.9765625 0.28046875 0.046875 0.1765625
0 0.9359375 0.265625 0.040625 0.15625
0 0.92265625 0.253125 0.028125 0.1515625
0 0.89375 0.0953125 0.03203125 0.15390625
0 0.859375 0.09765625 0.0390625 0.17890625
0 0.84140625 0.08515625 0.0359375 0.1703125
0 0.79921875 0.08828125 0.0390625 0.1390625
0 0.75859375 0.0765625 0.040625 0.146875
0 0.7140625 0.07109375 0.0390625 0.1421875
0 0.65 0.1078125 0.04453125 0.11953125
0 0.65234375 0.05390625 0.04375 0.10703125
0 0.7125 0.57734375 0.0515625 0.22890625
0 0.73984375 0.70078125 0.05703125 0.25078125
0 0.7796875 0.9875 0.05859375 0.025
0 0.69609375 0.97578125 0.06171875 0.04765625
0 0.6265625 0.89375 0.06796875 0.21171875
0 0.5390625 0.9609375 0.06015625 0.07734375
0 0.546875 0.92109375 0.07109375 0.15703125
0 0.38984375 0.746875 0.065625 0.23828125
0 0.3046875 0.859375 0.0546875 0.23125
0 0.0140625 0.70390625 0.028125 0.2484375
0 0.521875 0.40625 0.0515625 0.20390625
0 0.4328125 0.38515625 0.05703125 0.20625
0 0.39765625 0.3578125 0.04296875 0.2109375
0 0.403125 0.20234375 0.053125 0.16875
0 0.425 0.16484375 0.0359375 0.17890625
0 0.459375 0.18359375 0.040625 0.16171875
0 0.534375 0.14609375 0.04453125 0.2015625
0 0.34765625 0.27578125 0.0375 0.10703125
0 0.26171875 0.23671875 0.04453125 0.16875
0 0.1953125 0.29296875 0.040625 0.18125
0 0.20625 0.2421875 0.040625 0.17890625
0 0.15390625 0.31171875 0.04453125 0.1890625
0 0.10859375 0.2796875 0.0375 0.1984375
0 0.24375 0.1328125 0.0421875 0.16875
0 0.20078125 0.13125 0.0375 0.146875
0 0.16796875 0.13671875 0.0359375 0.17109375
0 0.134375 0.1609375 0.0359375 0.16171875
0 0.10078125 0.17890625 0.04296875 0.1515625
0 0.1921875 0.0828125 0.0359375 0.14921875