0 0.66796875 0.04765625 0.046875 0.0953125
0 0.6703125 0.01640625 0.0453125 0.0328125
0 0.7328125 0.52421875 0.05390625 0.23828125
0 0.76171875 0.65234375 0.059375 0.26171875
0 0.3078125 0.81796875 0.05703125 0.24140625
0 0.44140625 0.32265625 0.059375 0.215625
0 0.40546875 0.29453125 0.0453125 0.2203125
0 0.41015625 0.13203125 0.05546875 0.1765625
0 0.35234375 0.20859375 0.0390625 0.11171875
0 0.39296875 0.6625 0.05546875 0.25703125
0 0.178125 0.2890625 0.05078125 0.21015625
0 0.2484375 0.12578125 0.04375 0.184375
0 0.2015625 0.17109375 0.040625 0.1921875
0 0.2140625 0.121875 0.03046875 0.17109375
0 0.1359375 0.17265625 0.0390625 0.1890625
0 0.1046875 0.13984375 0.03359375 0.1921875
0 0.13671875 0.078125 0.0375 0.15078125
0 0.184375 0.09375 0.0375 0.17109375
0 0.23203125 0.0296875 0.0421875 0.059375
0 0.2 0.01015625 0.0375 0.0203125
0 0.1640625 0.01796875 0.046875 0.0359375
0 0.77734375 0.0140625 0.03203125 0.028125
0 0.78046875 0.0734375 0.0390625 0.146875
0 0.978125 0.53046875 0.04375 0.25078125
0 0.99375 0.5015625 0.0125 0.2625
0 0.909375 0.328125 0.0453125 0.215625
0 0.94453125 0.321875 0.0421875 0.20234375
0 0.9421875 0.23359375 0.03203125 0.1140625
0 0.97421875 0.259375 0.03515625 0.20234375
0 0.9953125 0.2859375 0.00859375 0.20546875
0 0.909375 0.175 0.0484375 0.1734375
0 0.903125 0.07890625 0.03984375 0.1578125
0 0.4921875 0.1546875 0.046875 0.16875
0 0.4546875 0.1453125 0.0421875 0.18671875
0 0.68125 0.9234375 0.08125 0.15234375
0 0.55625 0.8171875 0.0703125 0.28046875
0 0.5609375 0.1734375 0.05078125 0.22265625
0 0.2703125 0.01796875 0.03203125 0.0359375
0 0.86484375 0.053125 0.03515625 0.10546875
0 0.0171875 0.52109375 0.034375 0.24921875
0 0.571875 0.93125 0.07578125 0.13671875
0 0.4515625 0.88359375 0.07421875 0.23203125
0 0.6140625 0.26328125 0.04921875 0.215625