0 0.7125 0.06875 0.03671875 0.13515625
0 0.65234375 0.10390625 0.0421875 0.11171875
0 0.65390625 0.0515625 0.040625 0.103125
0 0.71015625 0.54375 0.0484375 0.2140625
0 0.73671875 0.659375 0.05390625 0.23515625
0 0.328125 0.8078125 0.05078125 0.21640625
0 0.4484375 0.36328125 0.05390625 0.19296875
0 0.415625 0.3375 0.040625 0.19765625
0 0.4203125 0.1921875 0.05 0.15859375
0 0.44140625 0.15703125 0.034375 0.16796875
0 0.4734375 0.175 0.03828125 0.1515625
0 0.36875 0.2609375 0.03515625 0.1
0 0.22578125 0.27734375 0.03828125 0.1703125
0 0.23671875 0.2296875 0.03828125 0.16796875
0 0.1875 0.29453125 0.0421875 0.1765625
0 0.27109375 0.12734375 0.0390625 0.15859375
0 0.23125 0.12578125 0.03515625 0.1375
0 0.20078125 0.13046875 0.034375 0.1609375
0 0.16875 0.15390625 0.034375 0.1515625
0 0.13671875 0.1703125 0.040625 0.1421875
0 0.22265625 0.08046875 0.034375 0.13984375
0 0.55625 0.165625 0.05078125 0.18359375
0 0.984375 0.2921875 0.03125 0.171875
0 0.96171875 0.284375 0.02734375 0.165625
0 0.93671875 0.28515625 0.0328125 0.16796875
0 0.9125 0.28046875 0.0390625 0.18125
0 0.88359375 0.3390625 0.03125 0.171875
0 0.85625 0.3375 0.04453125 0.18828125
0 0.88359375 0.2578125 0.0265625 0.10234375
0 0.88671875 0.11796875 0.02890625 0.16796875
0 0.859375 0.12109375 0.03828125 0.1703125
0 0.84609375 0.19921875 0.040625 0.16328125
0 0.8421875 0.0921875 0.034375 0.15390625
0 0.8078125 0.10703125 0.03125 0.1328125
0 0.75078125 0.1015625 0.040625 0.14921875
0 0.28125 0.203125 0.0328125 0.1609375
0 0.15859375 0.23515625 0.046875 0.1609375
0 0.64140625 0.88671875 0.06796875 0.2265625
0 0.05625 0.57890625 0.04609375 0.2046875
0 0.5609375 0.34609375 0.05625 0.1953125
0 0.503125 0.91484375 0.0546875 0.1703125
0 0.55 0.83125 0.0703125 0.25859375
0 0.59609375 0.9484375 0.0578125 0.10234375
0 0.92421875 0.52265625 0.0421875 0.2328125
0 0.9484375 0.4984375 0.040625 0.21640625
0 0.4046875 0.66796875 0.05 0.23046875