0 0.690625 0.0703125 0.0453125 0.12109375
0 0.6921875 0.03515625 0.04453125 0.06953125
0 0.75390625 0.5484375 0.05234375 0.2328125
0 0.78203125 0.67421875 0.05859375 0.25546875
0 0.33828125 0.8359375 0.05546875 0.23515625
0 0.46953125 0.35234375 0.05859375 0.21015625
0 0.43359375 0.325 0.04375 0.21484375
0 0.43828125 0.16640625 0.05390625 0.171875
0 0.38203125 0.24140625 0.03828125 0.10859375
0 0.421875 0.68359375 0.05390625 0.25078125
0 0.21171875 0.31953125 0.05 0.2046875
0 0.28046875 0.16015625 0.04296875 0.1796875
0 0.23515625 0.2046875 0.03984375 0.1875
0 0.24765625 0.15625 0.0296875 0.1671875
0 0.1703125 0.20546875 0.03828125 0.184375
0 0.140625 0.17421875 0.0328125 0.1875
0 0.17109375 0.11328125 0.03671875 0.146875
0 0.21796875 0.12890625 0.03671875 0.1671875
0 0.2640625 0.04765625 0.04140625 0.0953125
0 0.23359375 0.02890625 0.03671875 0.0578125
0 0.19765625 0.03671875 0.0453125 0.07265625
0 0.796875 0.03203125 0.03125 0.0640625
0 0.80078125 0.103125 0.03828125 0.15703125
0 0.9859375 0.5546875 0.028125 0.2453125
0 0.92578125 0.3578125 0.04375 0.21015625
0 0.959375 0.3515625 0.04140625 0.19765625
0 0.9578125 0.26484375 0.03125 0.11171875
0 0.9859375 0.28984375 0.028125 0.19765625
0 0.92578125 0.20859375 0.046875 0.16953125
0 0.9203125 0.11328125 0.03828125 0.15703125
0 0.51796875 0.18828125 0.0453125 0.16484375
0 0.48203125 0.17890625 0.04140625 0.18203125
0 0.703125 0.93203125 0.0796875 0.1359375
0 0.58046875 0.834375 0.06796875 0.2734375
0 0.5859375 0.20703125 0.05 0.21796875
0 0.3015625 0.03671875 0.03125 0.07265625
0 0.88203125 0.07421875 0.034375 0.134375
0 0.04765625 0.54609375 0.0484375 0.24296875
0 0.59609375 0.93984375 0.07421875 0.1203125
0 0.47890625 0.89296875 0.07265625 0.21328125
0 0.6375 0.29453125 0.0484375 0.21015625