0 0.26953125 0.0515625 0.0390625 0.103125
0 0.334375 0.06875 0.04609375 0.121875
0 0.33203125 0.034375 0.04453125 0.06796875
0 0.27109375 0.55 0.053125 0.234375
0 0.2421875 0.67578125 0.05859375 0.25703125
0 0.68828125 0.8390625 0.05546875 0.23671875
0 0.55703125 0.35234375 0.05859375 0.2109375
0 0.5921875 0.32421875 0.04453125 0.21640625
0 0.5875 0.165625 0.0546875 0.1734375
0 0.56484375 0.12734375 0.0375 0.18359375
0 0.5296875 0.14609375 0.04140625 0.165625
0 0.64375 0.240625 0.03828125 0.109375
0 0.8 0.25859375 0.04140625 0.1859375
0 0.78828125 0.20625 0.04140625 0.18359375
0 0.8421875 0.27734375 0.04609375 0.19375
0 0.75078125 0.09453125 0.04296875 0.1734375
0 0.79453125 0.09296875 0.03828125 0.15
0 0.828125 0.09765625 0.0375 0.17578125
0 0.8625 0.1234375 0.0375 0.165625
0 0.896875 0.14140625 0.04453125 0.15546875
0 0.803125 0.059375 0.0375 0.11875
0 0.43984375 0.1359375 0.05546875 0.20078125
0 0.00625 0.265625 0.0125 0.18125
0 0.0234375 0.2671875 0.0359375 0.18359375
0 0.05 0.2625 0.04296875 0.1984375
0 0.08125 0.32578125 0.034375 0.18828125
0 0.1109375 0.32421875 0.0484375 0.20625
0 0.08125 0.23671875 0.02890625 0.11171875
0 0.07890625 0.0875 0.03125 0.175
0 0.10859375 0.08984375 0.0421875 0.1796875
0 0.121875 0.1734375 0.04453125 0.178125
0 0.128125 0.06953125 0.0375 0.1390625
0 0.1640625 0.07265625 0.034375 0.1453125
0 0.2265625 0.07421875 0.04453125 0.14765625
0 0.73984375 0.1765625 0.0359375 0.17578125
0 0.8734375 0.2125 0.0515625 0.17578125
0 0.34609375 0.90078125 0.07421875 0.1984375
0 0.98046875 0.5875 0.0390625 0.22421875
0 0.43359375 0.33359375 0.06171875 0.2140625
0 0.49765625 0.93125 0.06015625 0.1375
0 0.446875 0.8609375 0.078125 0.278125
0 0.396875 0.96796875 0.0625 0.0640625
0 0.03671875 0.52734375 0.04609375 0.2546875
0 0.01640625 0.5 0.0328125 0.2359375
0 0.6046875 0.6859375 0.0546875 0.25234375