0 0.3484375 0.103125 0.0421875 0.11171875
0 0.346875 0.0515625 0.040625 0.10234375
0 0.28984375 0.54296875 0.0484375 0.2140625
0 0.2640625 0.6578125 0.05390625 0.23515625
0 0.67265625 0.80703125 0.05078125 0.21640625
0 0.55234375 0.3625 0.05390625 0.19296875
0 0.584375 0.33671875 0.040625 0.19765625
0 0.58046875 0.19140625 0.05 0.15859375
0 0.63203125 0.26015625 0.03515625 0.1
0 0.59609375 0.6671875 0.05 0.23046875
0 0.7890625 0.33203125 0.04609375 0.18828125
0 0.7671875 0.2265625 0.03671875 0.171875
0 0.75625 0.18203125 0.02734375 0.15390625
0 0.8265625 0.22734375 0.03515625 0.1703125
0 0.8546875 0.1984375 0.03046875 0.171875
0 0.8265625 0.1421875 0.034375 0.13515625
0 0.7828125 0.15625 0.034375 0.15390625
0 0.740625 0.075 0.03828125 0.10234375
0 0.76875 0.0453125 0.034375 0.090625
0 0.80234375 0.05234375 0.0421875 0.1046875
0 0.25078125 0.04921875 0.02890625 0.09765625
0 0.06328125 0.5484375 0.05234375 0.22578125
0 0.03984375 0.52265625 0.04453125 0.23515625
0 0.13203125 0.3671875 0.040625 0.19296875
0 0.10078125 0.3609375 0.03828125 0.18125
0 0.10234375 0.28203125 0.02890625 0.10234375
0 0.0734375 0.30546875 0.03125 0.18125
0 0.04296875 0.3296875 0.03046875 0.18359375
0 0.01484375 0.31171875 0.0296875 0.16796875
0 0.13671875 0.1421875 0.03515625 0.14453125
0 0.50703125 0.2109375 0.0421875 0.1515625
0 0.53984375 0.203125 0.03828125 0.16796875
0 0.33671875 0.91640625 0.0734375 0.16640625
0 0.44453125 0.22890625 0.04609375 0.2
0 0.70703125 0.05234375 0.0296875 0.1046875
0 0.171875 0.10625 0.03125 0.1234375
0 0.93984375 0.540625 0.04453125 0.2234375
0 0.54296875 0.88046875 0.0671875 0.23828125
0 0.396875 0.30859375 0.04453125 0.19296875
0 0.23203125 0.1625 0.0421875 0.146875
0 0.44765625 0.91171875 0.0703125 0.17578125
0 0.446875 0.7625 0.0640625 0.22578125
0 0.10390625 0.253125 0.04453125 0.1328125
0 0.03671875 0.21953125 0.0421875 0.13984375