0 0.0125 0.3828125 0.025 0.228125
0 0.046875 0.4 0.05546875 0.215625
0 0.075 0.25546875 0.04375 0.2078125
0 0.0390625 0.2453125 0.0421875 0.17109375
0 0.03359375 0.2 0.03671875 0.1578125
0 0.0078125 0.17890625 0.01484375 0.15859375
0 0.03125 0.046875 0.034375 0.09375
0 0.0671875 0.0546875 0.040625 0.109375
0 0.08515625 0.04609375 0.0375 0.0921875
0 0.1296875 0.0390625 0.040625 0.078125
0 0.171875 0.0359375 0.0421875 0.071875
0 0.21875 0.03125 0.040625 0.0625
0 0.28515625 0.04453125 0.046875 0.0890625
0 0.28359375 0.01328125 0.0453125 0.0265625
0 0.21953125 0.51796875 0.05390625 0.23828125
0 0.190625 0.64609375 0.059375 0.26171875
0 0.14921875 0.96640625 0.0609375 0.0671875
0 0.23671875 0.95390625 0.0640625 0.0921875
0 0.2984375 0.97265625 0.06015625 0.0546875
0 0.30859375 0.86796875 0.07109375 0.259375
0 0.4015625 0.93828125 0.0625 0.1234375
0 0.39140625 0.8859375 0.07421875 0.18125
0 0.55625 0.69375 0.06875 0.24921875
0 0.6453125 0.81171875 0.05703125 0.24140625
0 0.95859375 0.65 0.05078125 0.259375
0 0.41796875 0.3390625 0.05390625 0.2125
0 0.5109375 0.31640625 0.059375 0.215625
0 0.54765625 0.28828125 0.0453125 0.2203125
0 0.5421875 0.12578125 0.05546875 0.1765625
0 0.51953125 0.090625 0.0375 0.18046875
0 0.48359375 0.10625 0.0421875 0.16875
0 0.40546875 0.0859375 0.046875 0.171875
0 0.6 0.20234375 0.0390625 0.11171875
0 0.68984375 0.1625 0.046875 0.1765625
0 0.75859375 0.2203125 0.0421875 0.1890625
0 0.746875 0.1671875 0.0421875 0.18671875
0 0.8015625 0.23984375 0.046875 0.196875
0 0.84921875 0.20625 0.0390625 0.2078125
0 0.709375 0.0703125 0.04375 0.140625
0 0.75390625 0.0640625 0.0390625 0.128125
0 0.7875 0.0734375 0.0375 0.14609375
0 0.82265625 0.08359375 0.0375 0.1671875
0 0.8578125 0.1015625 0.0453125 0.1578125
0 0.7625 0.0390625 0.0375 0.078125
0 0.5578125 0.97265625 0.05390625 0.0546875