0 0.31796875 0.07734375 0.04765625 0.12734375
0 0.315625 0.03828125 0.046875 0.0765625
0 0.2515625 0.5796875 0.05546875 0.24453125
0 0.22109375 0.71171875 0.0609375 0.26875
0 0.68828125 0.87890625 0.0578125 0.2421875
0 0.55 0.3734375 0.0609375 0.22109375
0 0.5875 0.34453125 0.04609375 0.22578125
0 0.5828125 0.178125 0.05703125 0.18046875
0 0.64140625 0.25703125 0.040625 0.1140625
0 0.60078125 0.721875 0.05703125 0.26328125
0 0.82109375 0.3390625 0.05234375 0.215625
0 0.79609375 0.21796875 0.0421875 0.196875
0 0.78359375 0.1671875 0.03125 0.17578125
0 0.8640625 0.21953125 0.040625 0.19453125
0 0.89609375 0.1859375 0.034375 0.196875
0 0.86328125 0.12265625 0.0390625 0.15390625
0 0.8140625 0.13828125 0.0390625 0.17578125
0 0.765625 0.0515625 0.04375 0.103125
0 0.7984375 0.03203125 0.0390625 0.0640625
0 0.83515625 0.03984375 0.04765625 0.0796875
0 0.20625 0.0359375 0.0328125 0.07109375
0 0.0109375 0.5859375 0.021875 0.2578125
0 0.0703125 0.37890625 0.04609375 0.22109375
0 0.034375 0.37265625 0.04375 0.2078125
0 0.03671875 0.28203125 0.0328125 0.1171875
0 0.0109375 0.3078125 0.021875 0.2078125
0 0.0765625 0.12265625 0.040625 0.16484375
0 0.4984375 0.20078125 0.04765625 0.17265625
0 0.53671875 0.19140625 0.04375 0.19140625
0 0.3046875 0.95546875 0.08359375 0.08828125
0 0.428125 0.22109375 0.05234375 0.22890625
0 0.7265625 0.03984375 0.0328125 0.0796875
0 0.11640625 0.08125 0.0359375 0.140625
0 0.984375 0.57578125 0.03125 0.2546875
0 0.53984375 0.91484375 0.0765625 0.1703125
0 0.3734375 0.3125 0.05078125 0.22109375
0 0.18515625 0.1453125 0.04765625 0.1671875
0 0.43203125 0.95 0.0796875 0.1
0 0.43046875 0.83125 0.0734375 0.2578125
0 0.03828125 0.2484375 0.05078125 0.1515625