0 0.675 0.096875 0.04609375 0.12265625
0 0.67734375 0.0484375 0.04453125 0.09609375
0 0.7390625 0.58125 0.053125 0.2359375
0 0.76796875 0.7078125 0.05859375 0.25859375
0 0.31953125 0.871875 0.05625 0.23828125
0 0.4515625 0.3828125 0.05859375 0.2125
0 0.415625 0.35390625 0.04453125 0.21796875
0 0.4203125 0.19453125 0.0546875 0.17421875
0 0.3640625 0.26953125 0.0390625 0.11015625
0 0.403125 0.71796875 0.0546875 0.25390625
0 0.19140625 0.34921875 0.05 0.2078125
0 0.2609375 0.1875 0.04296875 0.18203125
0 0.21484375 0.2328125 0.040625 0.18984375
0 0.22734375 0.18359375 0.03046875 0.16875
0 0.14921875 0.23359375 0.0390625 0.18671875
0 0.11953125 0.2015625 0.0328125 0.18984375
0 0.15 0.140625 0.0375 0.1484375
0 0.19765625 0.15546875 0.0375 0.16875
0 0.24453125 0.06640625 0.04140625 0.1125
0 0.21328125 0.0421875 0.0375 0.084375
0 0.17734375 0.05 0.04609375 0.09921875
0 0.78203125 0.0453125 0.0328125 0.090625
0 0.78671875 0.13046875 0.0390625 0.15859375
0 0.9796875 0.58671875 0.040625 0.24765625
0 0.99453125 0.5578125 0.0109375 0.259375
0 0.91328125 0.3875 0.04453125 0.2125
0 0.94765625 0.38125 0.04140625 0.2
0 0.9453125 0.29375 0.03203125 0.1125
0 0.97734375 0.31953125 0.034375 0.2
0 0.91328125 0.23671875 0.04765625 0.171875
0 0.9078125 0.140625 0.0390625 0.15859375
0 0.50078125 0.215625 0.04609375 0.16640625
0 0.46484375 0.20703125 0.04140625 0.184375
0 0.48046875 0.92578125 0.0671875 0.1484375
0 0.584375 0.9734375 0.08046875 0.053125
0 0.68828125 0.95 0.08046875 0.09921875
0 0.5640625 0.865625 0.06875 0.26875
0 0.5984375 0.34140625 0.05 0.2125
0 0.56953125 0.23515625 0.05 0.2203125
0 0.28203125 0.05 0.03203125 0.09921875
0 0.86953125 0.10078125 0.034375 0.1359375
0 0.025 0.578125 0.04921875 0.24609375