0 0.690625 0.0921875 0.04453125 0.11875
0 0.6921875 0.04609375 0.04296875 0.0921875
0 0.75234375 0.559375 0.0515625 0.22734375
0 0.7796875 0.68125 0.05703125 0.24921875
0 0.346875 0.83984375 0.05390625 0.2296875
0 0.47421875 0.36796875 0.05703125 0.2046875
0 0.43984375 0.340625 0.04296875 0.21015625
0 0.44453125 0.1859375 0.053125 0.16796875
0 0.38984375 0.259375 0.0375 0.10625
0 0.428125 0.69140625 0.053125 0.24453125
0 0.22265625 0.3359375 0.0484375 0.2
0 0.24609375 0.2234375 0.0390625 0.1828125
0 0.2578125 0.1765625 0.02890625 0.16328125
0 0.1828125 0.22421875 0.0375 0.18046875
0 0.153125 0.19375 0.03203125 0.1828125
0 0.18359375 0.134375 0.0359375 0.14296875
0 0.22890625 0.14921875 0.0359375 0.16328125
0 0.27421875 0.0625 0.040625 0.10859375
0 0.24453125 0.03984375 0.0359375 0.0796875
0 0.209375 0.04765625 0.04453125 0.09453125
0 0.79453125 0.04375 0.03046875 0.08671875
0 0.98203125 0.56484375 0.0359375 0.2390625
0 0.9203125 0.37265625 0.04296875 0.2046875
0 0.953125 0.36640625 0.040625 0.19296875
0 0.9515625 0.2828125 0.03046875 0.10859375
0 0.98203125 0.30703125 0.03359375 0.19296875
0 0.91484375 0.134375 0.0375 0.153125
0 0.521875 0.20703125 0.04453125 0.1609375
0 0.48671875 0.1984375 0.040625 0.178125
0 0.703125 0.93359375 0.078125 0.13203125
0 0.58828125 0.22578125 0.0484375 0.2125
0 0.3109375 0.04765625 0.03046875 0.09453125
0 0.878125 0.09609375 0.03359375 0.13125
0 0.0625 0.55703125 0.046875 0.2375
0 0.4828125 0.8953125 0.071875 0.209375
0 0.6390625 0.3109375 0.046875 0.2046875
0 0.8140625 0.15546875 0.04453125 0.15546875
0 0.584375 0.92890625 0.075 0.1421875
0 0.58515625 0.79296875 0.06796875 0.23984375
0 0.95 0.2515625 0.046875 0.140625