0 0.2625 0.05546875 0.0375 0.1109375
0 0.32421875 0.07734375 0.04296875 0.115625
0 0.32265625 0.03828125 0.0421875 0.0765625
0 0.26484375 0.53203125 0.05 0.22109375
0 0.2375 0.65078125 0.05546875 0.24296875
0 0.659375 0.8046875 0.05234375 0.2234375
0 0.534375 0.3453125 0.05546875 0.19921875
0 0.56875 0.31875 0.0421875 0.2046875
0 0.5640625 0.16875 0.0515625 0.16328125
0 0.5421875 0.1328125 0.03515625 0.1734375
0 0.509375 0.15078125 0.0390625 0.15625
0 0.6171875 0.23984375 0.03671875 0.103125
0 0.42421875 0.14140625 0.05234375 0.18984375
0 0.01015625 0.2625 0.0203125 0.171875
0 0.03046875 0.26484375 0.03359375 0.1734375
0 0.05546875 0.26015625 0.040625 0.1875
0 0.08515625 0.3203125 0.0328125 0.178125
0 0.1140625 0.31875 0.04609375 0.19453125
0 0.08515625 0.2359375 0.02734375 0.10546875
0 0.0828125 0.0921875 0.0296875 0.1734375
0 0.11015625 0.0953125 0.0390625 0.17578125
0 0.12421875 0.17578125 0.0421875 0.16796875
0 0.1296875 0.071875 0.034375 0.14375
0 0.1640625 0.08125 0.0328125 0.13671875
0 0.22265625 0.07578125 0.0421875 0.1515625
0 0.3359375 0.884375 0.0703125 0.23046875
0 0.41875 0.32734375 0.0578125 0.2015625
0 0.47890625 0.91328125 0.05703125 0.1734375
0 0.4296875 0.82890625 0.07265625 0.2671875
0 0.3828125 0.9484375 0.059375 0.103125
0 0.04375 0.51015625 0.04296875 0.240625
0 0.0203125 0.48359375 0.040625 0.2234375
0 0.5796875 0.66015625 0.0515625 0.23828125
0 0.9359375 0.559375 0.0609375 0.2328125
0 0.7796875 0.3140625 0.04765625 0.19453125
0 0.7140625 0.1625 0.040625 0.1703125
0 0.75703125 0.2046875 0.0375 0.178125
0 0.7453125 0.159375 0.028125 0.15859375
0 0.81875 0.20625 0.03671875 0.17578125
0 0.846875 0.17578125 0.03125 0.178125
0 0.81796875 0.11796875 0.03515625 0.1390625
0 0.7734375 0.1328125 0.03515625 0.15859375
0 0.7296875 0.05078125 0.03984375 0.10078125
0 0.75859375 0.0328125 0.03515625 0.065625
0 0.7921875 0.03984375 0.04296875 0.0796875