0 0.71015625 0.04609375 0.0390625 0.0921875
0 0.64609375 0.05859375 0.04453125 0.1171875
0 0.64765625 0.02890625 0.04375 0.0578125
0 0.70859375 0.528125 0.0515625 0.22890625
0 0.7359375 0.65078125 0.05703125 0.25078125
0 0.77578125 0.9625 0.05859375 0.07421875
0 0.69140625 0.95078125 0.0609375 0.0984375
0 0.30078125 0.81015625 0.0546875 0.23125
0 0.42890625 0.33515625 0.05703125 0.20625
0 0.39375 0.3078125 0.04296875 0.2109375
0 0.39921875 0.15234375 0.053125 0.16875
0 0.42109375 0.115625 0.0359375 0.17890625
0 0.45546875 0.13359375 0.040625 0.16171875
0 0.34375 0.22578125 0.0375 0.10703125
0 0.19140625 0.24296875 0.040625 0.18125
0 0.20234375 0.1921875 0.040625 0.17890625
0 0.15 0.26171875 0.04453125 0.1890625
0 0.2390625 0.08359375 0.0421875 0.1671875
0 0.196875 0.08203125 0.0375 0.146875
0 0.1640625 0.08671875 0.0359375 0.17109375
0 0.13046875 0.11171875 0.0359375 0.16171875
0 0.096875 0.12890625 0.04296875 0.1515625
0 0.18828125 0.05390625 0.0359375 0.10703125
0 0.396875 0.68203125 0.0546875 0.2484375
0 0.515625 0.92265625 0.0640625 0.15390625
0 0.54140625 0.871875 0.07265625 0.25625
0 0.53125 0.33125 0.05625 0.2140625
0 0.54375 0.12421875 0.0546875 0.19609375
0 0.99140625 0.2578125 0.0171875 0.184375
0 0.9890625 0.50078125 0.021875 0.18359375
0 0.91484375 0.48046875 0.0546875 0.24375
0 0.9453125 0.453125 0.04765625 0.23828125
0 0.9765625 0.25078125 0.0296875 0.1765625
0 0.95 0.25234375 0.03515625 0.17890625
0 0.92421875 0.246875 0.0421875 0.19375
0 0.89296875 0.309375 0.03359375 0.18359375
0 0.8640625 0.3078125 0.04765625 0.2015625
0 0.89296875 0.221875 0.028125 0.109375
0 0.89609375 0.08125 0.03046875 0.16171875
0 0.8671875 0.08359375 0.040625 0.1671875
0 0.853125 0.16015625 0.04296875 0.17421875
0 0.84765625 0.06328125 0.0359375 0.1265625
0 0.8125 0.06640625 0.03359375 0.13203125
0 0.7515625 0.06796875 0.04375 0.13515625
0 0.02109375 0.58984375 0.0421875 0.23359375
0 0.25 0.1640625 0.03515625 0.17109375
0 0.11953125 0.1984375 0.05 0.17109375
0 0.634375 0.88671875 0.07265625 0.2265625