0 0.65546875 0.103125 0.0421875 0.11328125
0 0.65703125 0.0515625 0.04140625 0.10234375
0 0.7140625 0.54765625 0.04921875 0.21640625
0 0.740625 0.66484375 0.05390625 0.2375
0 0.328125 0.81484375 0.0515625 0.21875
0 0.44921875 0.365625 0.05390625 0.1953125
0 0.41640625 0.33984375 0.040625 0.2
0 0.42109375 0.1921875 0.05 0.16015625
0 0.36875 0.26171875 0.0359375 0.1015625
0 0.40546875 0.67421875 0.05 0.2328125
0 0.21015625 0.33515625 0.04609375 0.190625
0 0.27421875 0.18671875 0.03984375 0.1671875
0 0.23203125 0.228125 0.03671875 0.17421875
0 0.24296875 0.1828125 0.028125 0.15546875
0 0.171875 0.22890625 0.0359375 0.171875
0 0.14375 0.2 0.03046875 0.17421875
0 0.17265625 0.14296875 0.034375 0.13671875
0 0.21640625 0.15703125 0.034375 0.15546875
0 0.259375 0.075 0.03828125 0.10390625
0 0.2296875 0.0453125 0.034375 0.090625
0 0.19765625 0.05234375 0.0421875 0.1046875
0 0.75390625 0.04921875 0.02890625 0.09765625
0 0.7578125 0.13359375 0.0359375 0.14609375
0 0.94375 0.55390625 0.053125 0.228125
0 0.9671875 0.528125 0.0453125 0.2375
0 0.87421875 0.3703125 0.040625 0.1953125
0 0.90625 0.3640625 0.03828125 0.18359375
0 0.90390625 0.284375 0.02890625 0.10390625
0 0.9328125 0.3078125 0.03203125 0.18359375
0 0.9640625 0.3328125 0.03046875 0.1859375
0 0.9890625 0.31484375 0.021875 0.16953125
0 0.87421875 0.23125 0.04375 0.1578125
0 0.86875 0.14296875 0.0359375 0.14609375
0 0.4953125 0.2125 0.0421875 0.153125
0 0.46171875 0.2046875 0.03828125 0.16953125
0 0.47578125 0.8984375 0.06171875 0.20234375
0 0.571875 0.9421875 0.07421875 0.115625
0 0.6671875 0.92109375 0.07421875 0.1578125
0 0.553125 0.8140625 0.06328125 0.25390625
0 0.584375 0.328125 0.04609375 0.1953125
0 0.5578125 0.23046875 0.04609375 0.20234375
0 0.29296875 0.05234375 0.0296875 0.1046875
0 0.83359375 0.10625 0.03203125 0.125
0 0.05703125 0.5453125 0.0453125 0.22578125