0 0.671875 0.096875 0.04375 0.11640625
0 0.67421875 0.0484375 0.0421875 0.096875
0 0.7328125 0.55390625 0.05 0.22265625
0 0.759375 0.67421875 0.05546875 0.24453125
0 0.3359375 0.82890625 0.053125 0.225
0 0.4609375 0.36640625 0.05546875 0.20078125
0 0.4265625 0.33984375 0.0421875 0.20546875
0 0.43125 0.1890625 0.0515625 0.1640625
0 0.378125 0.26015625 0.03671875 0.10390625
0 0.41484375 0.68359375 0.0515625 0.2390625
0 0.21484375 0.33515625 0.04765625 0.19609375
0 0.28046875 0.1828125 0.040625 0.171875
0 0.2375 0.225 0.03828125 0.17890625
0 0.2484375 0.1796875 0.02890625 0.159375
0 0.17578125 0.2265625 0.03671875 0.1765625
0 0.146875 0.19609375 0.03125 0.17890625
0 0.17578125 0.13828125 0.03515625 0.13984375
0 0.22109375 0.153125 0.03515625 0.159375
0 0.26484375 0.06796875 0.0390625 0.10625
0 0.23515625 0.0421875 0.0359375 0.084375
0 0.2015625 0.05 0.04375 0.1
0 0.7734375 0.04609375 0.0296875 0.0921875
0 0.77734375 0.12890625 0.03671875 0.15
0 0.96796875 0.56015625 0.0546875 0.234375
0 0.984375 0.5328125 0.03125 0.24375
0 0.896875 0.371875 0.0421875 0.20078125
0 0.9296875 0.365625 0.0390625 0.18828125
0 0.92734375 0.28359375 0.0296875 0.10625
0 0.95703125 0.3078125 0.0328125 0.18828125
0 0.98671875 0.3328125 0.0265625 0.19140625
0 0.896875 0.22890625 0.04453125 0.16171875
0 0.89140625 0.13828125 0.03671875 0.15
0 0.5078125 0.209375 0.04375 0.15703125
0 0.47265625 0.20078125 0.0390625 0.17421875
0 0.684375 0.928125 0.07578125 0.14375
0 0.5671875 0.82734375 0.06484375 0.2609375
0 0.59921875 0.328125 0.04765625 0.20078125
0 0.571875 0.228125 0.04765625 0.2078125
0 0.30078125 0.05 0.0296875 0.1
0 0.85546875 0.10078125 0.0328125 0.128125
0 0.0578125 0.5515625 0.04609375 0.23203125
0 0.58203125 0.93515625 0.0703125 0.1296875
0 0.4703125 0.890625 0.06953125 0.21875