0 0.29453125 0.06875 0.0375 0.13671875
0 0.35625 0.10390625 0.04296875 0.1140625
0 0.3546875 0.0515625 0.040625 0.103125
0 0.29609375 0.553125 0.04921875 0.21875
0 0.26953125 0.67109375 0.0546875 0.23984375
0 0.68671875 0.82265625 0.05234375 0.22109375
0 0.5640625 0.36875 0.0546875 0.196875
0 0.596875 0.34296875 0.04140625 0.20234375
0 0.5921875 0.19453125 0.05078125 0.16171875
0 0.57109375 0.15859375 0.034375 0.17109375
0 0.53828125 0.1765625 0.0390625 0.1546875
0 0.6453125 0.26484375 0.0359375 0.10234375
0 0.45390625 0.1671875 0.05234375 0.1875
0 0.01640625 0.29609375 0.0328125 0.17578125
0 0.03984375 0.28828125 0.028125 0.16875
0 0.06484375 0.2890625 0.03359375 0.17109375
0 0.08984375 0.284375 0.03984375 0.18515625
0 0.11953125 0.34375 0.03203125 0.17578125
0 0.14765625 0.34296875 0.0453125 0.1921875
0 0.11953125 0.2609375 0.0265625 0.1046875
0 0.11640625 0.11796875 0.0296875 0.17109375
0 0.14375 0.121875 0.0390625 0.1734375
0 0.15703125 0.2015625 0.04140625 0.16640625
0 0.16171875 0.0921875 0.034375 0.15703125
0 0.196875 0.1078125 0.03203125 0.13515625
0 0.2546875 0.1015625 0.04140625 0.15234375
0 0.3671875 0.89375 0.06953125 0.21171875
0 0.4484375 0.3515625 0.0578125 0.2
0 0.50859375 0.92265625 0.05625 0.1546875
0 0.46015625 0.846875 0.071875 0.2640625
0 0.41328125 0.95703125 0.05859375 0.0859375
0 0.078125 0.53203125 0.04296875 0.2375
0 0.053125 0.50703125 0.04140625 0.22109375
0 0.60859375 0.68046875 0.05078125 0.23515625
0 0.9609375 0.58046875 0.06015625 0.23046875
0 0.80546875 0.33828125 0.046875 0.1921875
0 0.740625 0.18828125 0.03984375 0.16875
0 0.78359375 0.2296875 0.0375 0.17578125
0 0.77265625 0.18515625 0.028125 0.15703125
0 0.84453125 0.23125 0.0359375 0.1734375
0 0.87265625 0.2015625 0.03046875 0.17578125
0 0.84375 0.14453125 0.034375 0.1375
0 0.8 0.15859375 0.034375 0.15703125
0 0.75625 0.07578125 0.0390625 0.1046875
0 0.78515625 0.04609375 0.034375 0.0921875
0 0.81875 0.053125 0.04296875 0.10625