0 0.20546875 0.01953125 0.040625 0.0390625
0 0.271875 0.0328125 0.046875 0.065625
0 0.20703125 0.49375 0.05390625 0.23828125
0 0.178125 0.621875 0.059375 0.26171875
0 0.6328125 0.78828125 0.05703125 0.24140625
0 0.4984375 0.29296875 0.059375 0.215625
0 0.53515625 0.2640625 0.0453125 0.2203125
0 0.5296875 0.10234375 0.05546875 0.1765625
0 0.50703125 0.078125 0.0375 0.15625
0 0.47109375 0.08359375 0.0421875 0.1671875
0 0.5875 0.17890625 0.0390625 0.11171875
0 0.74609375 0.196875 0.0421875 0.1890625
0 0.734375 0.14375 0.0421875 0.18671875
0 0.7890625 0.21640625 0.046875 0.196875
0 0.69609375 0.05859375 0.04375 0.1171875
0 0.740625 0.05234375 0.0390625 0.1046875
0 0.775 0.0609375 0.0375 0.121875
0 0.809375 0.071875 0.0375 0.14296875
0 0.8453125 0.078125 0.04453125 0.15625
0 0.75 0.02734375 0.0375 0.0546875
0 0.53203125 0.6546875 0.05703125 0.259375
0 0.4078125 0.9125 0.0671875 0.17421875
0 0.38125 0.85546875 0.07578125 0.27265625
0 0.39140625 0.2890625 0.05859375 0.22265625
0 0.37890625 0.0875 0.05625 0.17421875
0 0.01015625 0.44453125 0.01953125 0.25390625
0 0.015625 0.26484375 0.03125 0.1921875
0 0.04453125 0.2640625 0.04921875 0.21015625
0 0.01484375 0.17421875 0.0296875 0.1140625
0 0.0140625 0.05625 0.02734375 0.11171875
0 0.04140625 0.05859375 0.0421875 0.1171875
0 0.05546875 0.11015625 0.0453125 0.18125
0 0.0609375 0.0375 0.0375 0.075
0 0.0984375 0.040625 0.03515625 0.08125
0 0.16171875 0.0421875 0.0453125 0.084375
0 0.93125 0.55859375 0.059375 0.24375
0 0.68515625 0.1140625 0.03671875 0.17890625
0 0.82109375 0.15 0.05234375 0.17890625
0 0.28359375 0.875 0.07578125 0.25