0 0.70234375 0.07421875 0.0390625 0.1453125
0 0.63828125 0.11171875 0.0453125 0.1203125
0 0.63984375 0.05546875 0.04375 0.1109375
0 0.70078125 0.584375 0.05234375 0.2296875
0 0.728125 0.7078125 0.0578125 0.25234375
0 0.290625 0.86796875 0.0546875 0.2328125
0 0.41953125 0.390625 0.0578125 0.2078125
0 0.384375 0.3625 0.04375 0.2125
0 0.3890625 0.20625 0.053125 0.1703125
0 0.41171875 0.16875 0.03671875 0.1796875
0 0.44609375 0.1875 0.040625 0.1625
0 0.33359375 0.28046875 0.03828125 0.1078125
0 0.534375 0.178125 0.0546875 0.19765625
0 0.98828125 0.3125 0.0234375 0.184375
0 0.9703125 0.30546875 0.0296875 0.17734375
0 0.94375 0.30625 0.03515625 0.1796875
0 0.9171875 0.3015625 0.0421875 0.1953125
0 0.88671875 0.3640625 0.03359375 0.18515625
0 0.85703125 0.3625 0.04765625 0.20234375
0 0.88671875 0.2765625 0.028125 0.11015625
0 0.8890625 0.1265625 0.03125 0.1796875
0 0.86015625 0.13046875 0.040625 0.1828125
0 0.846875 0.2140625 0.04375 0.175
0 0.84140625 0.09921875 0.03671875 0.16484375
0 0.8046875 0.115625 0.03359375 0.1421875
0 0.74375 0.109375 0.04375 0.16015625
0 0.6265625 0.915625 0.07265625 0.16875
0 0.540625 0.371875 0.06015625 0.21015625
0 0.478125 0.9453125 0.059375 0.109375
0 0.52734375 0.8765625 0.0765625 0.246875
0 0.57734375 0.98203125 0.06171875 0.0359375
0 0.9296875 0.56171875 0.0453125 0.25
0 0.95625 0.53515625 0.04375 0.2328125
0 0.37265625 0.71796875 0.053125 0.24765625
0 0.0171875 0.6125 0.03359375 0.24296875
0 0.165625 0.3578125 0.04921875 0.20234375
0 0.23359375 0.2 0.0421875 0.17734375
0 0.18828125 0.24375 0.0390625 0.18515625
0 0.20078125 0.196875 0.0296875 0.16484375
0 0.12421875 0.2453125 0.03828125 0.1828125
0 0.0953125 0.2140625 0.03203125 0.18515625
0 0.125 0.15390625 0.03671875 0.1453125
0 0.171875 0.16875 0.03671875 0.16484375
0 0.2171875 0.08125 0.040625 0.11015625
0 0.1859375 0.04921875 0.0375 0.0984375
0 0.1515625 0.05703125 0.0453125 0.1140625