0 0.984375 0.4078125 0.03125 0.2328125
0 0.94453125 0.425 0.05625 0.21953125
0 0.91640625 0.27890625 0.04453125 0.21171875
0 0.953125 0.26796875 0.04296875 0.17421875
0 0.95859375 0.221875 0.0375 0.1609375
0 0.9921875 0.21328125 0.015625 0.1671875
0 0.98828125 0.19921875 0.0234375 0.1609375
0 0.96171875 0.05703125 0.03359375 0.1140625
0 0.925 0.06484375 0.04140625 0.1296875
0 0.90625 0.05625 0.03828125 0.11171875
0 0.86171875 0.04921875 0.04140625 0.0984375
0 0.81796875 0.0453125 0.04296875 0.090625
0 0.77109375 0.04140625 0.04140625 0.0828125
0 0.70234375 0.0546875 0.04765625 0.10859375
0 0.7046875 0.02265625 0.04609375 0.0453125
0 0.76875 0.5453125 0.0546875 0.24296875
0 0.7984375 0.6765625 0.0609375 0.2671875
0 0.840625 0.98359375 0.0625 0.0328125
0 0.7515625 0.971875 0.065625 0.05625
0 0.68828125 0.990625 0.0609375 0.01875
0 0.67734375 0.884375 0.0734375 0.23125
0 0.584375 0.95625 0.06328125 0.0875
0 0.59296875 0.91328125 0.0765625 0.1734375
0 0.42578125 0.725 0.06953125 0.25390625
0 0.33515625 0.8453125 0.0578125 0.24609375
0 0.02109375 0.6796875 0.0421875 0.2640625
0 0.5671875 0.36328125 0.0546875 0.21640625
0 0.471875 0.340625 0.0609375 0.21953125
0 0.43515625 0.31171875 0.04609375 0.225
0 0.43984375 0.14609375 0.05625 0.1796875
0 0.4640625 0.10703125 0.03828125 0.190625
0 0.5 0.1265625 0.04296875 0.171875
0 0.5796875 0.096875 0.04765625 0.19375
0 0.38125 0.22421875 0.03984375 0.11328125
0 0.28984375 0.18359375 0.04765625 0.1796875
0 0.21953125 0.24296875 0.04296875 0.19296875
0 0.23125 0.1890625 0.04296875 0.190625
0 0.17578125 0.2625 0.04765625 0.20078125
0 0.12734375 0.228125 0.03984375 0.21171875
0 0.2703125 0.08125 0.04453125 0.16171875
0 0.22421875 0.07421875 0.0390625 0.1484375
0 0.190625 0.08359375 0.03828125 0.1671875
0 0.1546875 0.103125 0.03828125 0.171875
0 0.11875 0.12109375 0.04609375 0.1609375
0 0.215625 0.04921875 0.03828125 0.0984375
0 0.42421875 0.990625 0.05546875 0.01875