0 0.378125 0.05703125 0.046875 0.1140625
0 0.375 0.0265625 0.04453125 0.053125
0 0.31328125 0.53828125 0.053125 0.2359375
0 0.284375 0.66484375 0.05859375 0.25859375
0 0.7328125 0.82890625 0.05625 0.23828125
0 0.60078125 0.3390625 0.05859375 0.2125
0 0.63671875 0.3109375 0.04453125 0.21796875
0 0.63203125 0.15078125 0.0546875 0.17421875
0 0.68828125 0.2265625 0.0390625 0.11015625
0 0.4828125 0.121875 0.05625 0.20234375
0 0.3890625 0.8953125 0.075 0.209375
0 0.47734375 0.3203125 0.06171875 0.21484375
0 0.4890625 0.85390625 0.07734375 0.284375
0 0.64921875 0.675 0.0546875 0.25390625
0 0.8609375 0.30625 0.05 0.2078125
0 0.79140625 0.14453125 0.04296875 0.18203125
0 0.8375 0.18984375 0.040625 0.18984375
0 0.825 0.140625 0.03046875 0.16875
0 0.903125 0.190625 0.0390625 0.18671875
0 0.9328125 0.15859375 0.0328125 0.18984375
0 0.90234375 0.09765625 0.0375 0.1484375
0 0.8546875 0.1125 0.0375 0.16875
0 0.80859375 0.0390625 0.0421875 0.078125
0 0.8390625 0.0203125 0.0375 0.040625
0 0.875 0.028125 0.04609375 0.05625
0 0.5578125 0.92109375 0.0734375 0.1578125
0 0.4609375 0.96328125 0.06875 0.07265625
0 0.26953125 0.02421875 0.03203125 0.0484375
0 0.265625 0.08671875 0.0390625 0.15859375
0 0.06328125 0.54453125 0.0578125 0.2484375
0 0.0375 0.51640625 0.04921875 0.25859375
0 0.1390625 0.34453125 0.04453125 0.2125
0 0.1046875 0.33828125 0.04140625 0.2
0 0.10703125 0.25078125 0.03203125 0.1125
0 0.075 0.2765625 0.034375 0.2
0 0.04140625 0.30390625 0.0328125 0.20234375
0 0.01328125 0.28359375 0.0265625 0.184375
0 0.1390625 0.19375 0.04765625 0.171875
0 0.14453125 0.09765625 0.0390625 0.15859375
0 0.5515625 0.17265625 0.04609375 0.16640625
0 0.5875 0.1640625 0.04140625 0.184375