0 0.978125 0.65390625 0.04296875 0.22734375
0 0.9609375 0.53125 0.0609375 0.203125
0 0.8953125 0.4640625 0.04609375 0.2328125
0 0.8484375 0.48125 0.05625 0.21953125
0 0.8203125 0.334375 0.04453125 0.21171875
0 0.85703125 0.32421875 0.04296875 0.17421875
0 0.8625 0.278125 0.0375 0.1609375
0 0.95625 0.2859375 0.05234375 0.1875
0 0.91015625 0.26953125 0.04296875 0.16640625
0 0.89609375 0.25625 0.0296875 0.1609375
0 0.865625 0.0890625 0.034375 0.1640625
0 0.82890625 0.09296875 0.04140625 0.1859375
0 0.809375 0.084375 0.03828125 0.16796875
0 0.765625 0.08125 0.04140625 0.14765625
0 0.721875 0.0734375 0.04296875 0.146875
0 0.67421875 0.06953125 0.04140625 0.13828125
0 0.60625 0.10234375 0.04765625 0.1265625
0 0.60859375 0.05078125 0.04609375 0.1015625
0 0.67265625 0.6015625 0.0546875 0.24296875
0 0.70234375 0.73203125 0.0609375 0.2671875
0 0.58203125 0.9125 0.07265625 0.17421875
0 0.4875 0.98359375 0.0625 0.0328125
0 0.496875 0.94140625 0.075 0.1171875
0 0.3296875 0.78125 0.06953125 0.25390625
0 0.2390625 0.8890625 0.0578125 0.221875
0 0.47109375 0.41875 0.0546875 0.21640625
0 0.37578125 0.396875 0.0609375 0.21953125
0 0.33828125 0.36796875 0.04609375 0.225
0 0.34375 0.20234375 0.05625 0.1796875
0 0.3671875 0.1625 0.03828125 0.190625
0 0.40390625 0.1828125 0.04296875 0.171875
0 0.48359375 0.14296875 0.04765625 0.2140625
0 0.28515625 0.28046875 0.03984375 0.11328125
0 0.19375 0.2390625 0.04765625 0.1796875
0 0.1234375 0.29921875 0.04296875 0.19296875
0 0.13515625 0.24453125 0.04296875 0.190625
0 0.0796875 0.31875 0.04765625 0.20078125
0 0.03125 0.284375 0.03984375 0.21171875
0 0.17421875 0.128125 0.04453125 0.1796875
0 0.1296875 0.12734375 0.03984375 0.15625
0 0.09453125 0.13203125 0.03828125 0.18203125
0 0.05859375 0.15859375 0.03828125 0.171875
0 0.02265625 0.17734375 0.0453125 0.16171875
0 0.11953125 0.07734375 0.03828125 0.1546875