0 0.01953125 0.3828125 0.0390625 0.22421875
0 0.06171875 0.39921875 0.0546875 0.2109375
0 0.0890625 0.2578125 0.04296875 0.20390625
0 0.05390625 0.24765625 0.04140625 0.16796875
0 0.0484375 0.203125 0.0359375 0.15546875
0 0.01171875 0.1953125 0.0234375 0.1609375
0 0.01640625 0.1828125 0.02890625 0.15546875
0 0.0453125 0.05 0.0328125 0.1
0 0.08046875 0.0578125 0.03984375 0.11484375
0 0.09921875 0.04921875 0.0375 0.09765625
0 0.1421875 0.0421875 0.03984375 0.084375
0 0.184375 0.0390625 0.04140625 0.07734375
0 0.23046875 0.034375 0.0390625 0.06875
0 0.2953125 0.04765625 0.04609375 0.09453125
0 0.29296875 0.0171875 0.04453125 0.03359375
0 0.23125 0.515625 0.053125 0.234375
0 0.20234375 0.64140625 0.05859375 0.25703125
0 0.1625 0.9609375 0.06015625 0.07734375
0 0.24765625 0.94921875 0.06328125 0.10078125
0 0.30859375 0.9671875 0.05859375 0.06484375
0 0.31875 0.85859375 0.0703125 0.2546875
0 0.40859375 0.934375 0.0609375 0.13125
0 0.4 0.8765625 0.07265625 0.178125
0 0.56171875 0.68828125 0.0671875 0.24453125
0 0.64921875 0.80390625 0.05546875 0.23671875
0 0.95625 0.6453125 0.05 0.2546875
0 0.42578125 0.33984375 0.053125 0.20859375
0 0.5171875 0.31796875 0.05859375 0.2109375
0 0.553125 0.28984375 0.04453125 0.21640625
0 0.5484375 0.13046875 0.0546875 0.1734375
0 0.525 0.09296875 0.0375 0.18359375
0 0.48984375 0.11171875 0.04140625 0.165625
0 0.41328125 0.08828125 0.04609375 0.17578125
0 0.6046875 0.20625 0.03828125 0.109375
0 0.6921875 0.16640625 0.04609375 0.1734375
0 0.76015625 0.2234375 0.04140625 0.1859375
0 0.74921875 0.171875 0.04140625 0.18359375
0 0.80234375 0.24296875 0.04609375 0.19375
0 0.84921875 0.21015625 0.03828125 0.20390625
0 0.71171875 0.07265625 0.04296875 0.1453125
0 0.75546875 0.06640625 0.0390625 0.1328125
0 0.7890625 0.075 0.0375 0.15
0 0.82265625 0.0890625 0.0375 0.165625
0 0.8578125 0.10703125 0.04453125 0.15546875
0 0.7640625 0.0421875 0.0375 0.084375
0 0.56328125 0.9671875 0.053125 0.06484375