0 0.99140625 0.49140625 0.01640625 0.1953125
0 0.95 0.42734375 0.04375 0.22265625
0 0.90546875 0.44375 0.05390625 0.21015625
0 0.87890625 0.303125 0.04296875 0.20234375
0 0.91328125 0.29296875 0.04140625 0.1671875
0 0.91875 0.2484375 0.0359375 0.1546875
0 0.99140625 0.25625 0.01640625 0.18046875
0 0.96484375 0.24140625 0.04140625 0.159375
0 0.95078125 0.228125 0.028125 0.1546875
0 0.92109375 0.07265625 0.0328125 0.1453125
0 0.88671875 0.08046875 0.03984375 0.1609375
0 0.86796875 0.071875 0.03671875 0.14375
0 0.82578125 0.065625 0.03984375 0.13046875
0 0.78359375 0.06171875 0.040625 0.1234375
0 0.7390625 0.0578125 0.03984375 0.115625
0 0.6734375 0.08046875 0.0453125 0.12109375
0 0.67578125 0.03984375 0.04453125 0.0796875
0 0.73671875 0.55859375 0.05234375 0.2328125
0 0.765625 0.68359375 0.05859375 0.25546875
0 0.8046875 0.98125 0.059375 0.0375
0 0.72109375 0.9703125 0.0625 0.059375
0 0.66015625 0.9875 0.05859375 0.02421875
0 0.65 0.88671875 0.06953125 0.2265625
0 0.5609375 0.9546875 0.0609375 0.08984375
0 0.56875 0.9140625 0.071875 0.171875
0 0.4265625 0.97890625 0.059375 0.04140625
0 0.40859375 0.73046875 0.0671875 0.24296875
0 0.321875 0.84609375 0.05546875 0.23515625
0 0.0203125 0.6875 0.040625 0.253125
0 0.54375 0.384375 0.05234375 0.2078125
0 0.45234375 0.3625 0.05859375 0.21015625
0 0.4171875 0.33515625 0.04375 0.21484375
0 0.421875 0.1765625 0.05390625 0.171875
0 0.44453125 0.13828125 0.03671875 0.18203125
0 0.4796875 0.1578125 0.04140625 0.16484375
0 0.55546875 0.11953125 0.0453125 0.2046875
0 0.365625 0.2515625 0.03828125 0.10859375
0 0.278125 0.21171875 0.0453125 0.171875
0 0.2109375 0.26875 0.04140625 0.184375
0 0.22265625 0.2171875 0.04140625 0.18203125
0 0.16875 0.28828125 0.0453125 0.1921875
0 0.12265625 0.2546875 0.03828125 0.20234375
0 0.26015625 0.10546875 0.04296875 0.171875
0 0.21640625 0.1046875 0.03828125 0.14921875
0 0.1828125 0.109375 0.03671875 0.17421875
0 0.14921875 0.13515625 0.03671875 0.16484375
0 0.1140625 0.15234375 0.04375 0.1546875
0 0.20703125 0.065625 0.03671875 0.13046875