0 0.3640625 0.08203125 0.046875 0.125
0 0.36171875 0.040625 0.04609375 0.08125
0 0.2984375 0.575 0.05390625 0.23984375
0 0.26953125 0.7046875 0.06015625 0.26328125
0 0.7265625 0.87109375 0.05703125 0.24296875
0 0.59140625 0.37265625 0.06015625 0.21640625
0 0.628125 0.34453125 0.0453125 0.221875
0 0.6234375 0.18125 0.05546875 0.17734375
0 0.68125 0.2578125 0.03984375 0.1125
0 0.640625 0.71484375 0.05546875 0.25859375
0 0.85703125 0.3390625 0.0515625 0.21171875
0 0.7859375 0.17421875 0.04375 0.18515625
0 0.8328125 0.2203125 0.04140625 0.19296875
0 0.8203125 0.1703125 0.03046875 0.171875
0 0.89921875 0.221875 0.03984375 0.190625
0 0.93046875 0.1890625 0.03359375 0.19296875
0 0.8984375 0.1265625 0.03828125 0.1515625
0 0.85 0.1421875 0.03828125 0.171875
0 0.803125 0.05390625 0.04296875 0.1078125
0 0.834375 0.034375 0.03828125 0.06875
0 0.87109375 0.0421875 0.046875 0.084375
0 0.25390625 0.03828125 0.03203125 0.0765625
0 0.25 0.115625 0.03984375 0.16171875
0 0.04453125 0.58203125 0.05859375 0.253125
0 0.021875 0.55234375 0.04375 0.2640625
0 0.12109375 0.378125 0.0453125 0.21640625
0 0.0859375 0.371875 0.0421875 0.20390625
0 0.08828125 0.2828125 0.03203125 0.11484375
0 0.05625 0.30859375 0.03515625 0.20390625
0 0.021875 0.33671875 0.03359375 0.20625
0 0.12109375 0.22421875 0.0484375 0.175
0 0.12734375 0.1265625 0.03984375 0.16171875
0 0.54140625 0.203125 0.046875 0.16953125
0 0.578125 0.19453125 0.0421875 0.18828125
0 0.3515625 0.95 0.08125 0.1
0 0.4765625 0.8640625 0.0703125 0.27109375
0 0.4421875 0.33125 0.0515625 0.21640625
0 0.47109375 0.22265625 0.0515625 0.22421875
0 0.7640625 0.0421875 0.03203125 0.084375
0 0.165625 0.0859375 0.03515625 0.13828125
0 0.46171875 0.9578125 0.0765625 0.084375
0 0.58125 0.91015625 0.075 0.1796875