0 0.328125 0.09453125 0.04375 0.1171875
0 0.32578125 0.046875 0.04296875 0.09375
0 0.26640625 0.55546875 0.05078125 0.225
0 0.2390625 0.6765625 0.05625 0.246875
0 0.66796875 0.8328125 0.05390625 0.22734375
0 0.54140625 0.36640625 0.05625 0.20234375
0 0.57578125 0.33984375 0.04296875 0.2078125
0 0.57109375 0.18671875 0.05234375 0.165625
0 0.625 0.259375 0.03671875 0.1046875
0 0.42890625 0.15859375 0.05390625 0.19296875
0 0.3390625 0.8984375 0.07109375 0.203125
0 0.4234375 0.3484375 0.059375 0.2046875
0 0.43515625 0.85703125 0.07421875 0.27109375
0 0.5875 0.6859375 0.05234375 0.24140625
0 0.94921875 0.58359375 0.06171875 0.23671875
0 0.78984375 0.334375 0.0484375 0.19765625
0 0.7234375 0.18125 0.04140625 0.1734375
0 0.7671875 0.2234375 0.03828125 0.18046875
0 0.75546875 0.17734375 0.02890625 0.1609375
0 0.8296875 0.225 0.03671875 0.178125
0 0.85859375 0.19453125 0.03125 0.18046875
0 0.82890625 0.1359375 0.0359375 0.14140625
0 0.78359375 0.15 0.0359375 0.1609375
0 0.7390625 0.06484375 0.03984375 0.1078125
0 0.76953125 0.040625 0.0359375 0.08125
0 0.803125 0.0484375 0.04375 0.096875
0 0.5 0.92265625 0.06953125 0.1546875
0 0.4078125 0.96328125 0.065625 0.0734375
0 0.225 0.04453125 0.03046875 0.0890625
0 0.22109375 0.12578125 0.03671875 0.1515625
0 0.028125 0.56171875 0.0546875 0.23671875
0 0.01328125 0.534375 0.0265625 0.246875
0 0.10078125 0.37109375 0.04296875 0.20234375
0 0.0671875 0.365625 0.03984375 0.190625
0 0.06953125 0.28203125 0.03046875 0.1078125
0 0.0390625 0.30625 0.0328125 0.190625
0 0.01171875 0.33203125 0.0234375 0.19375
0 0.10078125 0.22734375 0.0453125 0.16328125
0 0.10625 0.1359375 0.03671875 0.1515625
0 0.49375 0.2078125 0.04375 0.15859375
0 0.52890625 0.19921875 0.03984375 0.17578125