0 0.328125 0.10390625 0.04453125 0.11875
0 0.3265625 0.0515625 0.04375 0.103125
0 0.26640625 0.57109375 0.0515625 0.22734375
0 0.23828125 0.69375 0.05703125 0.24921875
0 0.671875 0.8515625 0.05390625 0.2296875
0 0.54375 0.3796875 0.05703125 0.2046875
0 0.57890625 0.35234375 0.04296875 0.21015625
0 0.57421875 0.1984375 0.053125 0.16796875
0 0.62890625 0.27109375 0.0375 0.10625
0 0.590625 0.703125 0.053125 0.24453125
0 0.7953125 0.34765625 0.0484375 0.2
0 0.728125 0.1921875 0.04140625 0.17578125
0 0.77265625 0.23515625 0.0390625 0.1828125
0 0.7609375 0.18828125 0.02890625 0.16328125
0 0.8359375 0.23671875 0.0375 0.18046875
0 0.86484375 0.20546875 0.03203125 0.1828125
0 0.83515625 0.14609375 0.0359375 0.14296875
0 0.7890625 0.1609375 0.0359375 0.16328125
0 0.74375 0.07421875 0.040625 0.10859375
0 0.77421875 0.04609375 0.0359375 0.0921875
0 0.809375 0.053125 0.04375 0.10625
0 0.22421875 0.04921875 0.03046875 0.0984375
0 0.2203125 0.13671875 0.0375 0.153125
0 0.0265625 0.57734375 0.053125 0.2390625
0 0.0125 0.55 0.025 0.25
0 0.0984375 0.384375 0.04296875 0.2046875
0 0.06484375 0.378125 0.040625 0.19296875
0 0.0671875 0.29453125 0.03046875 0.10859375
0 0.03671875 0.31953125 0.03359375 0.19296875
0 0.01015625 0.34453125 0.0203125 0.1953125
0 0.0984375 0.2390625 0.04609375 0.165625
0 0.10390625 0.14609375 0.0375 0.153125
0 0.49609375 0.21875 0.04453125 0.1609375
0 0.53125 0.21015625 0.040625 0.178125
0 0.315625 0.93984375 0.078125 0.1203125
0 0.43515625 0.85 0.06640625 0.2671875
0 0.43046875 0.2375 0.0484375 0.2125
0 0.70859375 0.053125 0.0296875 0.10625
0 0.140625 0.1078125 0.03359375 0.13125
0 0.95546875 0.56875 0.046875 0.2375
0 0.4203125 0.946875 0.071875 0.10546875
0 0.534375 0.9015625 0.07109375 0.196875
0 0.3796875 0.32265625 0.046875 0.2046875