0 0.31640625 0.10390625 0.04453125 0.11875
0 0.31484375 0.0515625 0.0421875 0.103125
0 0.2546875 0.57109375 0.0515625 0.22734375
0 0.2265625 0.69375 0.05703125 0.24921875
0 0.66015625 0.8515625 0.05390625 0.2296875
0 0.53203125 0.3796875 0.05703125 0.2046875
0 0.5671875 0.35234375 0.04296875 0.21015625
0 0.5625 0.1984375 0.053125 0.16796875
0 0.6171875 0.27109375 0.0375 0.10625
0 0.57890625 0.703125 0.053125 0.24453125
0 0.78359375 0.34765625 0.0484375 0.2
0 0.7609375 0.23515625 0.0390625 0.1828125
0 0.74921875 0.18828125 0.02890625 0.16328125
0 0.82421875 0.23671875 0.0375 0.18046875
0 0.853125 0.20546875 0.03203125 0.1828125
0 0.8234375 0.14609375 0.0359375 0.14296875
0 0.77734375 0.1609375 0.0359375 0.16328125
0 0.73203125 0.07421875 0.040625 0.10859375
0 0.7625 0.04609375 0.0359375 0.0921875
0 0.79765625 0.053125 0.0453125 0.10625
0 0.2125 0.04921875 0.03046875 0.0984375
0 0.02109375 0.57734375 0.04140625 0.2390625
0 0.00625 0.55 0.0125 0.25
0 0.08671875 0.384375 0.04296875 0.2046875
0 0.053125 0.378125 0.040625 0.19296875
0 0.05546875 0.29453125 0.03046875 0.10859375
0 0.025 0.31953125 0.03359375 0.19296875
0 0.0046875 0.34453125 0.009375 0.1953125
0 0.0921875 0.14609375 0.0375 0.153125
0 0.484375 0.21875 0.04453125 0.1609375
0 0.51953125 0.21015625 0.040625 0.178125
0 0.30390625 0.93984375 0.078125 0.1203125
0 0.41875 0.2375 0.0484375 0.2125
0 0.696875 0.053125 0.03125 0.10625
0 0.12890625 0.1078125 0.03359375 0.13125
0 0.94453125 0.56875 0.046875 0.2375
0 0.52265625 0.9015625 0.07109375 0.196875
0 0.36796875 0.32265625 0.046875 0.2046875
0 0.19296875 0.1671875 0.04453125 0.15546875
0 0.421875 0.934375 0.075 0.13125
0 0.42109375 0.8046875 0.06796875 0.23984375
0 0.05703125 0.26328125 0.046875 0.140625