0 0.3015625 0.0625 0.0390625 0.125
0 0.36484375 0.090625 0.04453125 0.11796875
0 0.36328125 0.0453125 0.04296875 0.090625
0 0.303125 0.5546875 0.05078125 0.22578125
0 0.27578125 0.6765625 0.05625 0.24765625
0 0.70703125 0.83359375 0.05390625 0.228125
0 0.5796875 0.36484375 0.05625 0.20390625
0 0.6140625 0.3375 0.04296875 0.20859375
0 0.609375 0.184375 0.05234375 0.1671875
0 0.5875 0.14765625 0.0359375 0.1765625
0 0.553125 0.165625 0.03984375 0.159375
0 0.6640625 0.25625 0.0375 0.10546875
0 0.46640625 0.15625 0.05390625 0.19375
0 0.015625 0.2890625 0.03125 0.18203125
0 0.03828125 0.28125 0.02890625 0.17421875
0 0.06484375 0.28203125 0.034375 0.1765625
0 0.08984375 0.27734375 0.04140625 0.19140625
0 0.1203125 0.3390625 0.0328125 0.18203125
0 0.14921875 0.3375 0.046875 0.19921875
0 0.1203125 0.253125 0.02734375 0.1078125
0 0.11796875 0.10546875 0.03046875 0.1765625
0 0.14609375 0.109375 0.03984375 0.17890625
0 0.16015625 0.19140625 0.04296875 0.171875
0 0.16484375 0.0796875 0.0359375 0.159375
0 0.20078125 0.09453125 0.0328125 0.13984375
0 0.2609375 0.08828125 0.04296875 0.15703125
0 0.3765625 0.8984375 0.071875 0.20234375
0 0.4609375 0.34609375 0.059375 0.20625
0 0.52265625 0.928125 0.0578125 0.14375
0 0.47265625 0.85859375 0.07421875 0.27265625
0 0.42421875 0.9640625 0.0609375 0.071875
0 0.07734375 0.5328125 0.04453125 0.2453125
0 0.05234375 0.50703125 0.04296875 0.228125
0 0.62578125 0.68671875 0.05234375 0.24296875
0 0.9796875 0.5828125 0.040625 0.2390625
0 0.8296875 0.3328125 0.0484375 0.19921875
0 0.7625 0.178125 0.04140625 0.17421875
0 0.80703125 0.22109375 0.0390625 0.18203125
0 0.7953125 0.17421875 0.02890625 0.16171875
0 0.86953125 0.221875 0.0375 0.17890625
0 0.8984375 0.19140625 0.03203125 0.18203125
0 0.86875 0.1328125 0.0359375 0.1421875
0 0.8234375 0.14765625 0.0359375 0.16171875
0 0.77890625 0.06171875 0.03984375 0.1078125
0 0.80859375 0.0390625 0.0359375 0.078125
0 0.84296875 0.046875 0.04453125 0.09296875