0 0.26875 0.059375 0.0390625 0.11875
0 0.3328125 0.084375 0.0453125 0.1203125
0 0.33125 0.0421875 0.04375 0.084375
0 0.2703125 0.55703125 0.05234375 0.2296875
0 0.2421875 0.68046875 0.0578125 0.25234375
0 0.68046875 0.840625 0.0546875 0.2328125
0 0.5515625 0.36328125 0.0578125 0.2078125
0 0.58671875 0.3359375 0.04375 0.2125
0 0.58125 0.1796875 0.053125 0.1703125
0 0.559375 0.1421875 0.03671875 0.1796875
0 0.52421875 0.1609375 0.040625 0.1625
0 0.63671875 0.253125 0.03828125 0.1078125
0 0.4359375 0.15078125 0.0546875 0.19765625
0 0.0078125 0.278125 0.015625 0.178125
0 0.02734375 0.2796875 0.03515625 0.1796875
0 0.053125 0.27421875 0.0421875 0.1953125
0 0.084375 0.33671875 0.03359375 0.18515625
0 0.1140625 0.3359375 0.04765625 0.20234375
0 0.084375 0.24921875 0.028125 0.11015625
0 0.08125 0.09921875 0.03125 0.1796875
0 0.11015625 0.103125 0.040625 0.1828125
0 0.12421875 0.18671875 0.04375 0.175
0 0.1296875 0.07734375 0.03671875 0.15390625
0 0.165625 0.08828125 0.03359375 0.1421875
0 0.2265625 0.08203125 0.04375 0.16015625
0 0.3453125 0.9015625 0.071875 0.196875
0 0.43046875 0.34453125 0.06015625 0.21015625
0 0.49296875 0.93203125 0.059375 0.1359375
0 0.4421875 0.86328125 0.07578125 0.27265625
0 0.39375 0.96796875 0.0625 0.0640625
0 0.040625 0.534375 0.0453125 0.25
0 0.01875 0.50703125 0.0375 0.2328125
0 0.5984375 0.690625 0.053125 0.24765625
0 0.96875 0.58515625 0.0625 0.2421875
0 0.80546875 0.33046875 0.04921875 0.20234375
0 0.7375 0.1734375 0.0421875 0.17734375
0 0.78203125 0.2171875 0.0390625 0.18515625
0 0.7703125 0.16953125 0.0296875 0.16484375
0 0.84609375 0.21796875 0.03828125 0.1828125
0 0.87578125 0.18671875 0.03203125 0.18515625
0 0.8453125 0.12734375 0.03671875 0.1453125
0 0.79921875 0.1421875 0.03671875 0.16484375
0 0.75390625 0.0546875 0.040625 0.109375
0 0.784375 0.0359375 0.03671875 0.071875
0 0.81875 0.04375 0.0453125 0.08671875