0 0.27890625 0.06015625 0.0375 0.1203125
0 0.33984375 0.0875 0.0421875 0.11328125
0 0.33828125 0.04375 0.04140625 0.08671875
0 0.28125 0.534375 0.04921875 0.2171875
0 0.2546875 0.65078125 0.0546875 0.23828125
0 0.2171875 0.95546875 0.05625 0.0890625
0 0.29609375 0.9453125 0.05859375 0.109375
0 0.66953125 0.80234375 0.0515625 0.21953125
0 0.546875 0.35078125 0.0546875 0.19609375
0 0.58046875 0.325 0.04140625 0.20078125
0 0.57578125 0.17734375 0.05078125 0.1609375
0 0.55390625 0.14140625 0.034375 0.1703125
0 0.521875 0.159375 0.03828125 0.15390625
0 0.628125 0.246875 0.0359375 0.1015625
0 0.77265625 0.26328125 0.03828125 0.17265625
0 0.7625 0.21484375 0.03828125 0.1703125
0 0.8125 0.28125 0.0421875 0.1796875
0 0.72734375 0.1109375 0.03984375 0.1609375
0 0.76796875 0.11015625 0.0359375 0.1390625
0 0.79921875 0.11484375 0.034375 0.16328125
0 0.83046875 0.13828125 0.034375 0.15390625
0 0.86328125 0.1546875 0.04140625 0.14375
0 0.7765625 0.0671875 0.034375 0.134375
0 0.57734375 0.68046875 0.0515625 0.2359375
0 0.4640625 0.91796875 0.0609375 0.16328125
0 0.43984375 0.86328125 0.06953125 0.2484375
0 0.44921875 0.34765625 0.053125 0.203125
0 0.43828125 0.15 0.0515625 0.18671875
0 0.009375 0.278125 0.01875 0.175
0 0.0125 0.5078125 0.025 0.175
0 0.084375 0.4890625 0.0515625 0.23125
0 0.05546875 0.46328125 0.0453125 0.2265625
0 0.02578125 0.2703125 0.028125 0.16796875
0 0.05078125 0.271875 0.03359375 0.1703125
0 0.07578125 0.2671875 0.03984375 0.184375
0 0.1046875 0.32578125 0.03203125 0.175
0 0.1328125 0.325 0.0453125 0.19140625
0 0.1046875 0.24375 0.0265625 0.10390625
0 0.10234375 0.1015625 0.02890625 0.1703125
0 0.1296875 0.10546875 0.03828125 0.17265625
0 0.14296875 0.184375 0.04140625 0.165625
0 0.14765625 0.0765625 0.034375 0.153125
0 0.18203125 0.090625 0.03203125 0.134375
0 0.23984375 0.08515625 0.04140625 0.1515625
0 0.9421875 0.59296875 0.0546875 0.221875
0 0.7171875 0.1875 0.03359375 0.16328125
0 0.84140625 0.22109375 0.04765625 0.16328125
0 0.35078125 0.88359375 0.06953125 0.2328125