0 0.01640625 0.58984375 0.0328125 0.2046875
0 0.0296875 0.4796875 0.0546875 0.1828125
0 0.08828125 0.41953125 0.04140625 0.209375
0 0.13046875 0.434375 0.05078125 0.196875
0 0.15625 0.303125 0.03984375 0.18984375
0 0.1234375 0.29296875 0.0390625 0.15703125
0 0.11796875 0.2515625 0.03359375 0.1453125
0 0.03359375 0.25859375 0.046875 0.16875
0 0.075 0.24453125 0.0390625 0.15
0 0.0875 0.2328125 0.0265625 0.1453125
0 0.11484375 0.08203125 0.03046875 0.14765625
0 0.1484375 0.084375 0.0375 0.16875
0 0.165625 0.0765625 0.034375 0.153125
0 0.20546875 0.075 0.0375 0.1328125
0 0.24453125 0.0671875 0.03828125 0.134375
0 0.2875 0.06328125 0.0375 0.1265625
0 0.3484375 0.09375 0.04296875 0.1140625
0 0.346875 0.046875 0.04140625 0.09296875
0 0.2890625 0.54296875 0.04921875 0.21875
0 0.2625 0.66015625 0.0546875 0.23984375
0 0.225 0.9609375 0.05625 0.078125
0 0.3046875 0.95 0.059375 0.1
0 0.3609375 0.9671875 0.05546875 0.065625
0 0.3703125 0.86328125 0.065625 0.2375
0 0.4546875 0.9359375 0.05703125 0.12734375
0 0.446875 0.88046875 0.06796875 0.16640625
0 0.58125 0.95859375 0.05625 0.0828125
0 0.59765625 0.7046875 0.0625 0.228125
0 0.67890625 0.8125 0.05234375 0.22109375
0 0.96640625 0.6640625 0.046875 0.2375
0 0.47109375 0.37890625 0.04921875 0.19453125
0 0.55625 0.35859375 0.0546875 0.196875
0 0.58984375 0.3328125 0.04140625 0.20234375
0 0.58515625 0.18359375 0.05078125 0.16171875
0 0.56328125 0.1484375 0.034375 0.17109375
0 0.53125 0.16640625 0.0390625 0.1546875
0 0.459375 0.13046875 0.04296875 0.1921875
0 0.6375 0.25390625 0.0359375 0.10234375
0 0.7203125 0.2171875 0.04296875 0.16171875
0 0.78359375 0.2703125 0.0390625 0.1734375
0 0.77265625 0.221875 0.0390625 0.17109375
0 0.82265625 0.28828125 0.04296875 0.18046875
0 0.86640625 0.2578125 0.0359375 0.18984375
0 0.7375 0.1171875 0.03984375 0.16171875
0 0.778125 0.11640625 0.0359375 0.13984375
0 0.809375 0.12109375 0.034375 0.1640625
0 0.84140625 0.14453125 0.034375 0.1546875
0 0.87421875 0.16171875 0.04140625 0.1453125
0 0.78671875 0.0703125 0.034375 0.140625