0 0.66875 0.08515625 0.04296875 0.1140625
0 0.6703125 0.0421875 0.04140625 0.084375
0 0.728125 0.534375 0.04921875 0.21875
0 0.7546875 0.6515625 0.0546875 0.23984375
0 0.3375 0.80390625 0.05234375 0.22109375
0 0.4609375 0.35 0.0546875 0.196875
0 0.42734375 0.32421875 0.04140625 0.20234375
0 0.43203125 0.175 0.05078125 0.16171875
0 0.37890625 0.2453125 0.0359375 0.10234375
0 0.5703125 0.1484375 0.05234375 0.1875
0 0.6578125 0.884375 0.06953125 0.23125
0 0.57578125 0.33203125 0.0578125 0.2
0 0.5640625 0.82734375 0.071875 0.2640625
0 0.41640625 0.66171875 0.05078125 0.23515625
0 0.0640625 0.56171875 0.06015625 0.23046875
0 0.21875 0.31953125 0.046875 0.1921875
0 0.28359375 0.16953125 0.03984375 0.16875
0 0.240625 0.2109375 0.0375 0.17578125
0 0.25234375 0.165625 0.028125 0.15703125
0 0.18046875 0.2125 0.0359375 0.1734375
0 0.15234375 0.1828125 0.03046875 0.17578125
0 0.18046875 0.12578125 0.034375 0.1375
0 0.225 0.13984375 0.034375 0.15703125
0 0.26796875 0.05625 0.0390625 0.1046875
0 0.2390625 0.03671875 0.034375 0.0734375
0 0.20625 0.04375 0.04296875 0.0875
0 0.5 0.9078125 0.06875 0.184375
0 0.590625 0.94765625 0.0640625 0.1046875
0 0.76875 0.03984375 0.0296875 0.0796875
0 0.77265625 0.115625 0.0359375 0.14765625
0 0.96015625 0.53984375 0.053125 0.23046875
0 0.98046875 0.5140625 0.03828125 0.240625
0 0.88984375 0.3546875 0.04140625 0.196875
0 0.921875 0.34921875 0.0390625 0.18515625
0 0.9203125 0.26796875 0.0296875 0.1046875
0 0.94921875 0.2921875 0.03203125 0.18515625
0 0.98125 0.31640625 0.03046875 0.1875
0 0.88984375 0.21484375 0.04375 0.159375
0 0.884375 0.12578125 0.0359375 0.14765625
0 0.50703125 0.1953125 0.04296875 0.1546875
0 0.47265625 0.1875 0.0390625 0.17109375