0 0.6296875 0.10390625 0.0453125 0.12109375
0 0.63125 0.0515625 0.04375 0.103125
0 0.6921875 0.5796875 0.05234375 0.23125
0 0.72109375 0.70390625 0.0578125 0.25390625
0 0.28046875 0.86484375 0.05546875 0.23359375
0 0.41015625 0.384375 0.0578125 0.20859375
0 0.375 0.35703125 0.04375 0.2140625
0 0.3796875 0.2 0.05390625 0.17109375
0 0.32421875 0.27421875 0.03828125 0.1078125
0 0.52578125 0.17109375 0.05546875 0.1984375
0 0.61796875 0.9140625 0.0734375 0.171875
0 0.53125 0.365625 0.0609375 0.2109375
0 0.51953125 0.875 0.0765625 0.24921875
0 0.3625 0.7140625 0.05390625 0.24921875
0 0.0109375 0.6078125 0.021875 0.24453125
0 0.1546875 0.3515625 0.04921875 0.20390625
0 0.22265625 0.19375 0.0421875 0.17890625
0 0.17734375 0.2375 0.03984375 0.1859375
0 0.18984375 0.18984375 0.0296875 0.165625
0 0.11328125 0.2390625 0.03828125 0.18359375
0 0.08359375 0.20703125 0.0328125 0.1859375
0 0.1140625 0.146875 0.03671875 0.14609375
0 0.1609375 0.16171875 0.03671875 0.165625
0 0.20625 0.07421875 0.040625 0.1109375
0 0.17578125 0.04609375 0.03671875 0.09140625
0 0.140625 0.053125 0.0453125 0.10625
0 0.45234375 0.9390625 0.071875 0.121875
0 0.546875 0.98046875 0.06875 0.0390625
0 0.73515625 0.04921875 0.03125 0.0984375
0 0.7390625 0.13671875 0.03828125 0.15625
0 0.9375 0.5859375 0.05625 0.24375
0 0.96328125 0.5578125 0.04765625 0.25390625
0 0.86328125 0.38984375 0.04375 0.20859375
0 0.89765625 0.38359375 0.040625 0.19609375
0 0.8953125 0.29765625 0.03125 0.1109375
0 0.9265625 0.32265625 0.03359375 0.19609375
0 0.959375 0.34921875 0.0328125 0.1984375
0 0.98671875 0.3296875 0.02578125 0.18125
0 0.86328125 0.24140625 0.046875 0.16875
0 0.8578125 0.146875 0.03828125 0.15625
0 0.45859375 0.22109375 0.0453125 0.16328125
0 0.42265625 0.2125 0.040625 0.18125