0 0.1109375 0.25859375 0.0421875 0.1984375
0 0.0765625 0.24921875 0.040625 0.1640625
0 0.07109375 0.20546875 0.03515625 0.1515625
0 0.0265625 0.1984375 0.040625 0.15625
0 0.03984375 0.1859375 0.028125 0.1515625
0 0.06875 0.05234375 0.03203125 0.1046875
0 0.10390625 0.059375 0.0390625 0.11875
0 0.12109375 0.0515625 0.0359375 0.10234375
0 0.16328125 0.04453125 0.0390625 0.0890625
0 0.20390625 0.04140625 0.03984375 0.0828125
0 0.24765625 0.0375 0.0390625 0.07421875
0 0.3125 0.05 0.04453125 0.09921875
0 0.3109375 0.01953125 0.04375 0.0390625
0 0.25 0.51015625 0.0515625 0.22890625
0 0.221875 0.6328125 0.05703125 0.25078125
0 0.18203125 0.95390625 0.05859375 0.0921875
0 0.265625 0.9421875 0.06171875 0.115625
0 0.32578125 0.959375 0.0578125 0.08046875
0 0.33515625 0.8453125 0.06875 0.2484375
0 0.6578125 0.7921875 0.0546875 0.23125
0 0.52890625 0.3171875 0.05703125 0.20625
0 0.5640625 0.28984375 0.04296875 0.2109375
0 0.559375 0.134375 0.053125 0.16875
0 0.53671875 0.09765625 0.0359375 0.17890625
0 0.50234375 0.11640625 0.040625 0.16171875
0 0.6140625 0.2078125 0.0375 0.10703125
0 0.7 0.16953125 0.04453125 0.16875
0 0.76640625 0.22578125 0.040625 0.18125
0 0.75546875 0.17421875 0.040625 0.17890625
0 0.8078125 0.24375 0.04453125 0.1890625
0 0.853125 0.21171875 0.0375 0.1984375
0 0.71953125 0.07421875 0.0421875 0.1484375
0 0.7609375 0.06875 0.0375 0.1375
0 0.79375 0.07734375 0.0359375 0.15390625
0 0.82734375 0.09375 0.0359375 0.16171875
0 0.86171875 0.1109375 0.04296875 0.1515625
0 0.77109375 0.04453125 0.0359375 0.0890625
0 0.5609375 0.6640625 0.0546875 0.2484375
0 0.4421875 0.9140625 0.0640625 0.171875
0 0.41640625 0.85625 0.07265625 0.2609375
0 0.9484375 0.6046875 0.0625 0.2484375
0 0.4265625 0.31328125 0.05625 0.2140625
0 0.41484375 0.10625 0.0546875 0.19609375
0 0.0546875 0.4265625 0.053125 0.22578125
0 0.02265625 0.39453125 0.04453125 0.2109375