0 0.98046875 0.5953125 0.0390625 0.20546875
0 0.8375 0.30625 0.040625 0.19140625
0 0.8703125 0.296875 0.0390625 0.1578125
0 0.87578125 0.2546875 0.03359375 0.14609375
0 0.96015625 0.2625 0.046875 0.16953125
0 0.91875 0.24765625 0.0390625 0.15078125
0 0.90625 0.2359375 0.0265625 0.14609375
0 0.878125 0.084375 0.03125 0.1484375
0 0.8453125 0.08671875 0.0375 0.171875
0 0.82734375 0.078125 0.03515625 0.15546875
0 0.7875 0.07734375 0.0375 0.13359375
0 0.74765625 0.06796875 0.0390625 0.1359375
0 0.70546875 0.06484375 0.0375 0.12890625
0 0.64375 0.09609375 0.04296875 0.11484375
0 0.6453125 0.04765625 0.0421875 0.0953125
0 0.70390625 0.54765625 0.05 0.21953125
0 0.73046875 0.66640625 0.05546875 0.24140625
0 0.76875 0.96484375 0.05625 0.06953125
0 0.68828125 0.95390625 0.059375 0.09140625
0 0.63046875 0.9703125 0.0546875 0.059375
0 0.621875 0.8703125 0.065625 0.2390625
0 0.3109375 0.81875 0.05234375 0.22265625
0 0.43515625 0.3625 0.05546875 0.1984375
0 0.4015625 0.3359375 0.04140625 0.203125
0 0.40625 0.18671875 0.05078125 0.1625
0 0.42734375 0.15078125 0.03515625 0.171875
0 0.46015625 0.16875 0.0390625 0.15546875
0 0.353125 0.25703125 0.0359375 0.103125
0 0.2703125 0.2203125 0.04296875 0.1625
0 0.20625 0.27421875 0.0390625 0.17421875
0 0.2171875 0.225 0.0390625 0.171875
0 0.16640625 0.2921875 0.04296875 0.18203125
0 0.12265625 0.2609375 0.0359375 0.19140625
0 0.25234375 0.1203125 0.040625 0.1625
0 0.21171875 0.11875 0.0359375 0.140625
0 0.18046875 0.1234375 0.03515625 0.16484375
0 0.14765625 0.14765625 0.03515625 0.15546875
0 0.11484375 0.1640625 0.04140625 0.14609375
0 0.203125 0.071875 0.03515625 0.14375
0 0.40390625 0.69609375 0.05234375 0.2390625
0 0.51875 0.9265625 0.06171875 0.14609375
0 0.54296875 0.87734375 0.06953125 0.24453125
0 0.03125 0.63828125 0.06015625 0.2390625
0 0.53359375 0.359375 0.05390625 0.20546875
0 0.5453125 0.159375 0.05234375 0.1890625
0 0.984375 0.2890625 0.03125 0.1765625
0 0.89140625 0.46796875 0.05078125 0.2171875
0 0.921875 0.43671875 0.04296875 0.203125
0 0.98125 0.51875 0.0375 0.234375