0 0.67109375 0.025 0.0484375 0.05
0 0.73828125 0.4875 0.0546875 0.24296875
0 0.76796875 0.61796875 0.0609375 0.2671875
0 0.3046875 0.7875 0.0578125 0.24609375
0 0.44140625 0.2828125 0.0609375 0.21953125
0 0.40390625 0.253125 0.04609375 0.225
0 0.40859375 0.0890625 0.05625 0.17734375
0 0.35078125 0.16640625 0.03984375 0.11328125
0 0.39140625 0.62890625 0.05625 0.26171875
0 0.17265625 0.2484375 0.05234375 0.2140625
0 0.196875 0.128125 0.04140625 0.1953125
0 0.209375 0.0828125 0.03125 0.16484375
0 0.1296875 0.12890625 0.03984375 0.19296875
0 0.09765625 0.096875 0.034375 0.19375
0 0.1296875 0.0546875 0.03828125 0.10859375
0 0.17890625 0.06796875 0.03828125 0.13515625
0 0.9828125 0.49375 0.034375 0.25546875
0 0.91796875 0.2875 0.04609375 0.21953125
0 0.953125 0.28125 0.04296875 0.20625
0 0.95078125 0.19140625 0.0328125 0.11640625
0 0.9828125 0.2171875 0.034375 0.20625
0 0.91171875 0.05703125 0.040625 0.1140625
0 0.4921875 0.1109375 0.04765625 0.171875
0 0.4546875 0.1015625 0.04296875 0.190625
0 0.68515625 0.90859375 0.0828125 0.1828125
0 0.5625 0.13046875 0.05234375 0.22734375
0 0.87265625 0.03046875 0.0359375 0.0609375
0 0.01328125 0.484375 0.02578125 0.25390625
0 0.4515625 0.86796875 0.07578125 0.2640625
0 0.6171875 0.221875 0.05078125 0.21953125
0 0.80390625 0.06953125 0.04765625 0.13828125
0 0.559375 0.903125 0.08046875 0.19375
0 0.56015625 0.73671875 0.07265625 0.25625
0 0.94921875 0.15859375 0.05078125 0.15078125