0 0.33515625 0.09453125 0.04296875 0.1140625
0 0.3328125 0.046875 0.04140625 0.09375
0 0.27578125 0.54375 0.04921875 0.21875
0 0.2484375 0.66171875 0.0546875 0.23984375
0 0.665625 0.81328125 0.05234375 0.22109375
0 0.54296875 0.359375 0.0546875 0.196875
0 0.5765625 0.33359375 0.04140625 0.20234375
0 0.571875 0.18515625 0.05078125 0.16171875
0 0.62421875 0.2546875 0.0359375 0.10234375
0 0.43359375 0.1578125 0.05234375 0.1875
0 0.34609375 0.8890625 0.06953125 0.22109375
0 0.428125 0.34140625 0.0578125 0.2
0 0.4390625 0.8375 0.071875 0.2640625
0 0.5875 0.67109375 0.05078125 0.23515625
0 0.93984375 0.57109375 0.06015625 0.23046875
0 0.78515625 0.32890625 0.046875 0.1921875
0 0.7203125 0.17890625 0.03984375 0.16875
0 0.7625 0.2203125 0.0375 0.17578125
0 0.7515625 0.175 0.028125 0.15703125
0 0.8234375 0.221875 0.0359375 0.1734375
0 0.8515625 0.1921875 0.03046875 0.17578125
0 0.82265625 0.13515625 0.034375 0.1375
0 0.77890625 0.14921875 0.034375 0.15703125
0 0.73515625 0.06640625 0.0390625 0.1046875
0 0.7640625 0.04140625 0.034375 0.0828125
0 0.79765625 0.0484375 0.04296875 0.096875
0 0.50390625 0.9125 0.0671875 0.175
0 0.4125 0.95234375 0.0640625 0.0953125
0 0.23515625 0.04453125 0.0296875 0.0890625
0 0.23125 0.12578125 0.0359375 0.14765625
0 0.04375 0.55 0.053125 0.23046875
0 0.02109375 0.5234375 0.0421875 0.240625
0 0.1140625 0.3640625 0.04140625 0.196875
0 0.08203125 0.35859375 0.0390625 0.18515625
0 0.08359375 0.27734375 0.0296875 0.1046875
0 0.05390625 0.3015625 0.03203125 0.18515625
0 0.02265625 0.3265625 0.03046875 0.1875
0 0.0046875 0.3078125 0.009375 0.17109375
0 0.1140625 0.22421875 0.04375 0.159375
0 0.11875 0.13515625 0.0359375 0.14765625
0 0.496875 0.20546875 0.04296875 0.1546875
0 0.53125 0.196875 0.0390625 0.17109375