0 0.2953125 0.0546875 0.03828125 0.109375
0 0.3578125 0.07578125 0.04375 0.1171875
0 0.35625 0.0375 0.04296875 0.075
0 0.296875 0.5375 0.05078125 0.225
0 0.26953125 0.6578125 0.05625 0.246875
0 0.23046875 0.9640625 0.0578125 0.071875
0 0.3125 0.95234375 0.06015625 0.09453125
0 0.69765625 0.8140625 0.05390625 0.22734375
0 0.571875 0.34765625 0.05625 0.20234375
0 0.60625 0.32109375 0.04296875 0.2078125
0 0.60078125 0.16875 0.05234375 0.165625
0 0.57890625 0.13203125 0.0359375 0.17578125
0 0.5453125 0.15 0.03984375 0.15859375
0 0.65546875 0.240625 0.03671875 0.1046875
0 0.80546875 0.2578125 0.03984375 0.178125
0 0.79375 0.2078125 0.03984375 0.17578125
0 0.8453125 0.27578125 0.04375 0.1859375
0 0.7578125 0.1 0.04140625 0.165625
0 0.79921875 0.09921875 0.03671875 0.14375
0 0.83203125 0.10390625 0.0359375 0.16875
0 0.86484375 0.128125 0.0359375 0.15859375
0 0.8984375 0.1453125 0.04296875 0.14921875
0 0.80859375 0.06171875 0.0359375 0.1234375
0 0.603125 0.68828125 0.05390625 0.24375
0 0.4859375 0.925 0.06328125 0.15
0 0.4609375 0.87421875 0.07109375 0.25078125
0 0.4703125 0.34453125 0.0546875 0.21015625
0 0.45859375 0.140625 0.05390625 0.19296875
0 0.01328125 0.27265625 0.02578125 0.18046875
0 0.015625 0.51015625 0.03125 0.18046875
0 0.09375 0.490625 0.05390625 0.2390625
0 0.0640625 0.4640625 0.046875 0.234375
0 0.0328125 0.26484375 0.02890625 0.1734375
0 0.059375 0.26640625 0.034375 0.17578125
0 0.084375 0.2609375 0.04140625 0.190625
0 0.11484375 0.321875 0.0328125 0.18046875
0 0.14375 0.32109375 0.046875 0.19765625
0 0.11484375 0.23671875 0.02734375 0.1078125
0 0.11171875 0.090625 0.03046875 0.17578125
0 0.140625 0.09375 0.03984375 0.178125
0 0.15390625 0.17578125 0.04296875 0.17109375
0 0.159375 0.071875 0.0359375 0.14375
0 0.19453125 0.0796875 0.0328125 0.1390625
0 0.2546875 0.07578125 0.04296875 0.1515625
0 0.97578125 0.5984375 0.0484375 0.2296875
0 0.74765625 0.1796875 0.034375 0.16875
0 0.87578125 0.21328125 0.04921875 0.16875
0 0.36953125 0.8890625 0.07109375 0.221875