0 0.68203125 0.034375 0.040625 0.06875
0 0.61484375 0.04765625 0.04609375 0.09453125
0 0.6171875 0.01640625 0.0453125 0.0328125
0 0.6796875 0.51953125 0.05390625 0.23671875
0 0.70859375 0.646875 0.059375 0.26015625
0 0.75 0.965625 0.0609375 0.06875
0 0.6625 0.953125 0.0625 0.09375
0 0.25703125 0.81171875 0.05625 0.2390625
0 0.390625 0.3203125 0.059375 0.21328125
0 0.3546875 0.2921875 0.04453125 0.21875
0 0.359375 0.13125 0.0546875 0.175
0 0.3828125 0.09296875 0.0375 0.18515625
0 0.41796875 0.11171875 0.0421875 0.1671875
0 0.30234375 0.20703125 0.0390625 0.1109375
0 0.14453125 0.225 0.0421875 0.1875
0 0.15625 0.17265625 0.0421875 0.18515625
0 0.1015625 0.24453125 0.04609375 0.1953125
0 0.19375 0.07265625 0.04375 0.1453125
0 0.15 0.0671875 0.0390625 0.13359375
0 0.11640625 0.07578125 0.0375 0.1515625
0 0.08125 0.0890625 0.0375 0.1671875
0 0.04609375 0.10703125 0.04453125 0.15703125
0 0.140625 0.0421875 0.0375 0.084375
0 0.35703125 0.67890625 0.05625 0.25703125
0 0.48046875 0.92421875 0.06640625 0.1515625
0 0.50703125 0.87109375 0.075 0.25703125
0 0.496875 0.31640625 0.0578125 0.22109375
0 0.509375 0.1015625 0.05625 0.203125
0 0.9828125 0.24140625 0.034375 0.190625
0 0.9796875 0.49140625 0.040625 0.190625
0 0.89375 0.4703125 0.05625 0.25234375
0 0.925 0.4421875 0.04921875 0.246875
0 0.9578125 0.2328125 0.03046875 0.1828125
0 0.93046875 0.234375 0.0359375 0.18515625
0 0.903125 0.22890625 0.04375 0.20078125
0 0.871875 0.29296875 0.034375 0.190625
0 0.84140625 0.2921875 0.04921875 0.20859375
0 0.871875 0.203125 0.02890625 0.11328125
0 0.87421875 0.0703125 0.03203125 0.140625
0 0.84453125 0.07265625 0.0421875 0.1453125
0 0.83046875 0.1390625 0.04453125 0.1796875
0 0.825 0.05234375 0.0375 0.1046875
0 0.7875 0.0546875 0.034375 0.109375
0 0.72421875 0.05625 0.0453125 0.1125
0 0.20546875 0.14296875 0.0359375 0.17734375
0 0.0703125 0.17890625 0.05234375 0.17734375
0 0.60390625 0.88671875 0.075 0.2265625