0 0.71640625 0.07109375 0.03828125 0.140625
0 0.653125 0.10703125 0.04375 0.11640625
0 0.6546875 0.053125 0.04375 0.10625
0 0.7140625 0.56640625 0.05078125 0.2234375
0 0.74140625 0.6859375 0.05625 0.2453125
0 0.7796875 0.97734375 0.05703125 0.0453125
0 0.69765625 0.965625 0.0609375 0.06875
0 0.31484375 0.84140625 0.053125 0.22578125
0 0.440625 0.378125 0.05625 0.2015625
0 0.40703125 0.3515625 0.0421875 0.20625
0 0.41171875 0.19921875 0.0515625 0.16484375
0 0.43359375 0.16328125 0.03515625 0.175
0 0.4671875 0.18125 0.03984375 0.1578125
0 0.3578125 0.27109375 0.03671875 0.1046875
0 0.20859375 0.28828125 0.03984375 0.17734375
0 0.21953125 0.23828125 0.03984375 0.175
0 0.16796875 0.30625 0.04375 0.184375
0 0.25546875 0.13125 0.040625 0.16484375
0 0.2140625 0.13046875 0.03671875 0.14296875
0 0.18203125 0.13515625 0.03515625 0.1671875
0 0.14921875 0.159375 0.03515625 0.1578125
0 0.115625 0.1765625 0.0421875 0.1484375
0 0.20546875 0.0828125 0.03515625 0.1453125
0 0.409375 0.71640625 0.053125 0.24296875
0 0.52578125 0.93828125 0.0625 0.1234375
0 0.55078125 0.88828125 0.07109375 0.2234375
0 0.54140625 0.37421875 0.0546875 0.20859375
0 0.553125 0.171875 0.053125 0.19140625
0 0.99140625 0.30234375 0.0171875 0.1796875
0 0.9890625 0.5390625 0.021875 0.1796875
0 0.91640625 0.51953125 0.053125 0.2375
0 0.9453125 0.49296875 0.04609375 0.2328125
0 0.9765625 0.2953125 0.02890625 0.17265625
0 0.95078125 0.296875 0.034375 0.175
0 0.925 0.29140625 0.040625 0.1890625
0 0.8953125 0.35234375 0.0328125 0.1796875
0 0.86640625 0.3515625 0.04609375 0.196875
0 0.8953125 0.2671875 0.02734375 0.10703125
0 0.89765625 0.121875 0.0296875 0.175
0 0.86953125 0.12578125 0.03984375 0.17734375
0 0.85625 0.20703125 0.0421875 0.16953125
0 0.8515625 0.0953125 0.03515625 0.16015625
0 0.815625 0.1109375 0.0328125 0.13828125
0 0.75625 0.1046875 0.0421875 0.15546875
0 0.03515625 0.6265625 0.05625 0.228125
0 0.265625 0.21015625 0.034375 0.1671875
0 0.13828125 0.24453125 0.04921875 0.1671875
0 0.64140625 0.90234375 0.0703125 0.1953125