0 0.721875 0.06640625 0.0375 0.13203125
0 0.6609375 0.09921875 0.04296875 0.1140625
0 0.66171875 0.04921875 0.0421875 0.0984375
0 0.7203125 0.5484375 0.04921875 0.21875
0 0.746875 0.66640625 0.0546875 0.23984375
0 0.3296875 0.81796875 0.05234375 0.22109375
0 0.453125 0.3640625 0.0546875 0.196875
0 0.41953125 0.33828125 0.04140625 0.20234375
0 0.42421875 0.18984375 0.05078125 0.16171875
0 0.4453125 0.15390625 0.034375 0.17109375
0 0.478125 0.171875 0.0390625 0.1546875
0 0.37109375 0.259375 0.0359375 0.10234375
0 0.22578125 0.2765625 0.0390625 0.1734375
0 0.2359375 0.22734375 0.0390625 0.17109375
0 0.1859375 0.29453125 0.04296875 0.18046875
0 0.271875 0.1234375 0.03984375 0.16171875
0 0.23125 0.121875 0.0359375 0.13984375
0 0.19921875 0.1265625 0.034375 0.1640625
0 0.1671875 0.15078125 0.034375 0.1546875
0 0.134375 0.1671875 0.04140625 0.1453125
0 0.221875 0.07578125 0.034375 0.14296875
0 0.5625 0.1625 0.05234375 0.1875
0 0.99140625 0.290625 0.0171875 0.175
0 0.9765625 0.28359375 0.028125 0.16875
0 0.9515625 0.284375 0.03359375 0.17109375
0 0.9265625 0.2796875 0.03984375 0.18515625
0 0.89765625 0.3390625 0.03203125 0.17578125
0 0.86953125 0.33828125 0.0453125 0.1921875
0 0.89765625 0.25625 0.0265625 0.1046875
0 0.9 0.11328125 0.0296875 0.17109375
0 0.87265625 0.1171875 0.0390625 0.1734375
0 0.859375 0.196875 0.04140625 0.16640625
0 0.8546875 0.0875 0.034375 0.15703125
0 0.81953125 0.103125 0.03203125 0.13515625
0 0.76171875 0.096875 0.04140625 0.15234375
0 0.28203125 0.2 0.03359375 0.1640625
0 0.15703125 0.23359375 0.0484375 0.1640625
0 0.65 0.89140625 0.06953125 0.21640625
0 0.0515625 0.584375 0.046875 0.209375
0 0.56796875 0.34609375 0.0578125 0.2
0 0.50859375 0.9203125 0.05625 0.159375
0 0.55625 0.8421875 0.071875 0.2640625
0 0.603125 0.9546875 0.05859375 0.090625
0 0.9390625 0.52734375 0.04296875 0.2375
0 0.96328125 0.50234375 0.04140625 0.22109375
0 0.4078125 0.67578125 0.05078125 0.23515625