0 0.309375 0.0671875 0.04453125 0.11953125
0 0.30703125 0.03359375 0.04375 0.06640625
0 0.246875 0.53671875 0.0515625 0.22890625
0 0.21875 0.66015625 0.05703125 0.25078125
0 0.6546875 0.81875 0.0546875 0.23125
0 0.5265625 0.34453125 0.05703125 0.20625
0 0.5609375 0.3171875 0.04296875 0.2109375
0 0.55625 0.16171875 0.053125 0.16875
0 0.61171875 0.23515625 0.0375 0.10703125
0 0.5734375 0.66953125 0.053125 0.24609375
0 0.77890625 0.31171875 0.04921875 0.2015625
0 0.71171875 0.15546875 0.0421875 0.1765625
0 0.75625 0.1984375 0.0390625 0.18359375
0 0.74453125 0.1515625 0.0296875 0.1640625
0 0.81953125 0.2 0.0375 0.18125
0 0.84921875 0.16875 0.03203125 0.18359375
0 0.81875 0.109375 0.0359375 0.14375
0 0.77265625 0.12421875 0.0359375 0.1640625
0 0.72734375 0.04609375 0.040625 0.09140625
0 0.7578125 0.02734375 0.0359375 0.0546875
0 0.79296875 0.03515625 0.04453125 0.06953125
0 0.20546875 0.03046875 0.0296875 0.0609375
0 0.20078125 0.09921875 0.0375 0.15390625
0 0.01640625 0.54296875 0.0328125 0.240625
0 0.078125 0.34921875 0.04296875 0.20625
0 0.04453125 0.34296875 0.040625 0.19375
0 0.046875 0.25859375 0.03046875 0.109375
0 0.01640625 0.2828125 0.0328125 0.19375
0 0.078125 0.20234375 0.04609375 0.16640625
0 0.08359375 0.109375 0.0375 0.15390625
0 0.478125 0.1828125 0.04453125 0.16171875
0 0.5140625 0.17421875 0.040625 0.17890625
0 0.296875 0.9234375 0.078125 0.153125
0 0.41640625 0.81796875 0.0671875 0.26875
0 0.38359375 0.3046875 0.04921875 0.20625
0 0.41171875 0.2015625 0.04921875 0.2140625
0 0.690625 0.03515625 0.03046875 0.06953125
0 0.1203125 0.07109375 0.03359375 0.13203125
0 0.940625 0.534375 0.04765625 0.23828125
0 0.40234375 0.93046875 0.0734375 0.1390625
0 0.51640625 0.88515625 0.071875 0.2296875