0 0.9734375 0.39375 0.04609375 0.23125
0 0.9265625 0.4109375 0.05625 0.21796875
0 0.8984375 0.26484375 0.04453125 0.21015625
0 0.93515625 0.2546875 0.04296875 0.1734375
0 0.940625 0.20859375 0.03671875 0.16015625
0 0.9828125 0.20078125 0.03359375 0.165625
0 0.97421875 0.1875 0.0296875 0.16015625
0 0.94375 0.05078125 0.03359375 0.1015625
0 0.90625 0.05859375 0.040625 0.1171875
0 0.88828125 0.05 0.03828125 0.1
0 0.84453125 0.04296875 0.04140625 0.0859375
0 0.80078125 0.0390625 0.0421875 0.078125
0 0.75390625 0.03515625 0.04140625 0.0703125
0 0.6859375 0.0484375 0.046875 0.096875
0 0.68828125 0.0171875 0.04609375 0.03359375
0 0.7515625 0.53046875 0.0546875 0.24140625
0 0.78125 0.66015625 0.06015625 0.26484375
0 0.8234375 0.975 0.06171875 0.04921875
0 0.73515625 0.96328125 0.06484375 0.0734375
0 0.671875 0.98125 0.0609375 0.03671875
0 0.66171875 0.8765625 0.071875 0.246875
0 0.56875 0.94765625 0.06328125 0.1046875
0 0.578125 0.903125 0.075 0.18359375
0 0.4296875 0.97265625 0.06171875 0.0546875
0 0.4109375 0.709375 0.06953125 0.25234375
0 0.32109375 0.82890625 0.0578125 0.24453125
0 0.01484375 0.6640625 0.0296875 0.2625
0 0.5515625 0.34921875 0.0546875 0.215625
0 0.45703125 0.3265625 0.06015625 0.21796875
0 0.41953125 0.2984375 0.04609375 0.2234375
0 0.425 0.13359375 0.05625 0.17890625
0 0.4484375 0.09453125 0.03828125 0.1890625
0 0.48515625 0.1140625 0.04296875 0.1703125
0 0.5640625 0.090625 0.046875 0.18046875
0 0.36640625 0.21171875 0.03984375 0.11328125
0 0.27578125 0.1703125 0.046875 0.17890625
0 0.20625 0.2296875 0.04296875 0.19140625
0 0.21796875 0.17578125 0.04296875 0.1890625
0 0.1625 0.24921875 0.046875 0.19921875
0 0.1140625 0.215625 0.03984375 0.21015625
0 0.25546875 0.07421875 0.0453125 0.1484375
0 0.2109375 0.06796875 0.040625 0.1359375
0 0.1765625 0.07734375 0.03828125 0.1546875
0 0.14140625 0.090625 0.03828125 0.1703125
0 0.10546875 0.10859375 0.04609375 0.16015625
0 0.20234375 0.04296875 0.03828125 0.0859375