0 0.7171875 0.0625 0.0375 0.125
0 0.65546875 0.0921875 0.04296875 0.11484375
0 0.6578125 0.04609375 0.0421875 0.09140625
0 0.715625 0.54375 0.05 0.21953125
0 0.7421875 0.6625 0.05546875 0.24140625
0 0.78046875 0.96328125 0.05625 0.0734375
0 0.7 0.95234375 0.059375 0.0953125
0 0.32265625 0.815625 0.05234375 0.22265625
0 0.446875 0.35859375 0.05546875 0.1984375
0 0.41328125 0.3328125 0.04140625 0.203125
0 0.41796875 0.1828125 0.05078125 0.1625
0 0.4390625 0.146875 0.03515625 0.171875
0 0.471875 0.16484375 0.0390625 0.15546875
0 0.36484375 0.25390625 0.0359375 0.103125
0 0.21796875 0.2703125 0.0390625 0.17421875
0 0.22890625 0.22109375 0.0390625 0.171875
0 0.178125 0.28828125 0.04296875 0.18203125
0 0.26484375 0.11640625 0.040625 0.1625
0 0.2234375 0.11484375 0.0359375 0.140625
0 0.1921875 0.11953125 0.03515625 0.16484375
0 0.159375 0.14375 0.03515625 0.15546875
0 0.1265625 0.16015625 0.04140625 0.14609375
0 0.2140625 0.06953125 0.034375 0.1390625
0 0.415625 0.6921875 0.05234375 0.2390625
0 0.53046875 0.925 0.06171875 0.15
0 0.5546875 0.87578125 0.06953125 0.2484375
0 0.5453125 0.35546875 0.05390625 0.20546875
0 0.55703125 0.15546875 0.05234375 0.1890625
0 0.98984375 0.28515625 0.0203125 0.1765625
0 0.9875 0.51796875 0.025 0.1765625
0 0.9140625 0.4984375 0.05234375 0.234375
0 0.94296875 0.47265625 0.0453125 0.2296875
0 0.9734375 0.27734375 0.028125 0.16953125
0 0.94765625 0.27890625 0.03359375 0.171875
0 0.9234375 0.27421875 0.040625 0.18671875
0 0.89375 0.33359375 0.03203125 0.1765625
0 0.865625 0.3328125 0.0453125 0.19375
0 0.89375 0.25 0.0265625 0.10546875
0 0.89609375 0.10625 0.0296875 0.171875
0 0.86875 0.11015625 0.0390625 0.17421875
0 0.85546875 0.190625 0.04140625 0.1671875
0 0.85078125 0.08046875 0.03515625 0.1578125
0 0.815625 0.09609375 0.03203125 0.1359375
0 0.75703125 0.08984375 0.04140625 0.153125
0 0.04765625 0.60390625 0.05546875 0.225
0 0.27421875 0.19375 0.03359375 0.16484375
0 0.14921875 0.22734375 0.0484375 0.16484375
0 0.64453125 0.88984375 0.06953125 0.21953125