0 0.321875 0.05625 0.046875 0.11171875
0 0.3203125 0.025 0.0453125 0.05
0 0.25703125 0.540625 0.05390625 0.23828125
0 0.228125 0.66875 0.059375 0.26171875
0 0.6828125 0.83515625 0.05703125 0.24140625
0 0.5484375 0.33984375 0.059375 0.215625
0 0.58515625 0.3109375 0.0453125 0.2203125
0 0.5796875 0.14921875 0.05546875 0.1765625
0 0.6375 0.225 0.0390625 0.11171875
0 0.42890625 0.11875 0.05703125 0.2046875
0 0.33359375 0.8984375 0.07578125 0.203125
0 0.4234375 0.3203125 0.0625 0.21796875
0 0.4359375 0.85859375 0.07890625 0.2828125
0 0.59765625 0.67890625 0.05546875 0.25703125
0 0.97421875 0.5703125 0.0515625 0.25234375
0 0.8125 0.30546875 0.05078125 0.21015625
0 0.74140625 0.1421875 0.04375 0.184375
0 0.78828125 0.1875 0.040625 0.1921875
0 0.77578125 0.13828125 0.03046875 0.17109375
0 0.8546875 0.1890625 0.0390625 0.1890625
0 0.88515625 0.15625 0.03359375 0.1921875
0 0.85390625 0.09453125 0.0375 0.15078125
0 0.80546875 0.11015625 0.0375 0.17109375
0 0.75859375 0.0375 0.0421875 0.075
0 0.78984375 0.01875 0.0375 0.0375
0 0.8265625 0.0265625 0.046875 0.053125
0 0.5046875 0.92421875 0.07421875 0.1515625
0 0.40703125 0.9671875 0.0703125 0.065625
0 0.21328125 0.02265625 0.03203125 0.04453125
0 0.209375 0.084375 0.0390625 0.1609375
0 0.0171875 0.546875 0.03359375 0.25078125
0 0.08046875 0.34453125 0.0453125 0.215625
0 0.04609375 0.33828125 0.0421875 0.20234375
0 0.0484375 0.25 0.03203125 0.1140625
0 0.0171875 0.27578125 0.03359375 0.20234375
0 0.08046875 0.19140625 0.0484375 0.1734375
0 0.08671875 0.09453125 0.0390625 0.1609375
0 0.4984375 0.17109375 0.046875 0.16875
0 0.53515625 0.16171875 0.0421875 0.18671875