0 0.2875 0.06953125 0.03671875 0.134375
0 0.34765625 0.10390625 0.04140625 0.1109375
0 0.3453125 0.05234375 0.040625 0.10390625
0 0.28984375 0.54140625 0.0484375 0.21328125
0 0.2640625 0.65625 0.053125 0.23359375
0 0.22734375 0.95546875 0.0546875 0.0890625
0 0.3046875 0.9453125 0.05703125 0.10859375
0 0.6703125 0.8046875 0.05078125 0.215625
0 0.55 0.3625 0.053125 0.1921875
0 0.5828125 0.33671875 0.040625 0.196875
0 0.578125 0.1921875 0.04921875 0.15703125
0 0.55703125 0.15703125 0.03359375 0.16640625
0 0.525 0.175 0.0375 0.15078125
0 0.6296875 0.26015625 0.03515625 0.09921875
0 0.771875 0.2765625 0.0375 0.16875
0 0.7609375 0.22890625 0.0375 0.16640625
0 0.81015625 0.29375 0.04140625 0.17578125
0 0.7265625 0.12734375 0.0390625 0.15703125
0 0.76640625 0.12578125 0.03515625 0.13671875
0 0.796875 0.13046875 0.03359375 0.159375
0 0.828125 0.15390625 0.03359375 0.15078125
0 0.86015625 0.1703125 0.040625 0.14140625
0 0.775 0.08125 0.03359375 0.1390625
0 0.5796875 0.68515625 0.05078125 0.23125
0 0.46875 0.91875 0.06015625 0.16171875
0 0.4453125 0.86484375 0.06796875 0.24296875
0 0.4546875 0.35859375 0.05234375 0.19921875
0 0.44375 0.165625 0.05078125 0.1828125
0 0.01640625 0.29140625 0.0328125 0.17109375
0 0.01875 0.51640625 0.0375 0.17109375
0 0.096875 0.49765625 0.05078125 0.2265625
0 0.06875 0.471875 0.04453125 0.221875
0 0.03984375 0.28359375 0.02734375 0.1640625
0 0.0640625 0.284375 0.0328125 0.16640625
0 0.08828125 0.28046875 0.0390625 0.18046875
0 0.1171875 0.33828125 0.03125 0.17109375
0 0.14453125 0.33671875 0.04453125 0.1875
0 0.1171875 0.25703125 0.02578125 0.1015625
0 0.11484375 0.11796875 0.02890625 0.16640625
0 0.14140625 0.121875 0.0375 0.16875
0 0.1546875 0.19921875 0.040625 0.16171875
0 0.15859375 0.09296875 0.03359375 0.153125
0 0.19296875 0.1078125 0.03125 0.13203125
0 0.24921875 0.1015625 0.040625 0.1484375
0 0.93671875 0.59921875 0.053125 0.21796875
0 0.7171875 0.20234375 0.0328125 0.159375
0 0.83828125 0.23515625 0.046875 0.159375
0 0.3578125 0.88515625 0.06796875 0.22890625