0 0.128125 0.27578125 0.04296875 0.20390625
0 0.09375 0.265625 0.04140625 0.16796875
0 0.0875 0.22109375 0.0359375 0.15546875
0 0.01171875 0.228125 0.02265625 0.18125
0 0.0421875 0.21328125 0.04140625 0.16015625
0 0.05546875 0.2 0.02890625 0.15546875
0 0.08515625 0.05859375 0.0328125 0.1171875
0 0.1203125 0.06640625 0.03984375 0.13203125
0 0.1390625 0.0578125 0.0375 0.11484375
0 0.18125 0.05078125 0.03984375 0.1015625
0 0.2234375 0.04765625 0.04140625 0.09453125
0 0.26953125 0.04296875 0.0390625 0.0859375
0 0.334375 0.05625 0.04609375 0.11171875
0 0.33203125 0.02578125 0.04453125 0.05078125
0 0.27109375 0.5328125 0.053125 0.234375
0 0.2421875 0.65859375 0.05859375 0.25703125
0 0.20234375 0.96953125 0.0609375 0.0609375
0 0.28828125 0.9578125 0.0640625 0.084375
0 0.3484375 0.97578125 0.05859375 0.04765625
0 0.3578125 0.87421875 0.06953125 0.2515625
0 0.68828125 0.821875 0.05546875 0.23671875
0 0.55703125 0.33515625 0.05859375 0.2109375
0 0.5921875 0.30703125 0.04453125 0.21640625
0 0.5875 0.1484375 0.0546875 0.1734375
0 0.56484375 0.11015625 0.0375 0.18359375
0 0.5296875 0.12890625 0.04140625 0.165625
0 0.64375 0.2234375 0.03828125 0.109375
0 0.73203125 0.18359375 0.04609375 0.1734375
0 0.8 0.24140625 0.04140625 0.1859375
0 0.78828125 0.1890625 0.04140625 0.18359375
0 0.8421875 0.26015625 0.04609375 0.19375
0 0.88828125 0.22734375 0.03828125 0.20390625
0 0.7515625 0.08125 0.04375 0.1625
0 0.79453125 0.07578125 0.03828125 0.15
0 0.828125 0.084375 0.0375 0.16796875
0 0.8625 0.10625 0.0375 0.165625
0 0.896875 0.12421875 0.04453125 0.15546875
0 0.803125 0.05078125 0.0375 0.1015625
0 0.58984375 0.690625 0.05546875 0.2546875
0 0.46796875 0.92890625 0.065625 0.14140625
0 0.44140625 0.8765625 0.07421875 0.24609375
0 0.9765625 0.6296875 0.04609375 0.2546875
0 0.4515625 0.33125 0.05703125 0.21875
0 0.43984375 0.11875 0.05546875 0.20078125
0 0.07109375 0.44765625 0.0546875 0.23203125
0 0.03828125 0.4140625 0.04609375 0.21640625