0 0.6421875 0.05703125 0.046875 0.1140625
0 0.64375 0.02578125 0.046875 0.0515625
0 0.70703125 0.54609375 0.05390625 0.23984375
0 0.73671875 0.675 0.06015625 0.26328125
0 0.2796875 0.8421875 0.05703125 0.24296875
0 0.4140625 0.34375 0.06015625 0.21640625
0 0.37734375 0.31484375 0.0453125 0.221875
0 0.3828125 0.1515625 0.05546875 0.17734375
0 0.325 0.22890625 0.03984375 0.1125
0 0.534375 0.121875 0.05703125 0.20625
0 0.63046875 0.9015625 0.0765625 0.19609375
0 0.540625 0.32421875 0.06328125 0.21953125
0 0.528125 0.86171875 0.07890625 0.2765625
0 0.36484375 0.68515625 0.05546875 0.25859375
0 0.14921875 0.309375 0.0515625 0.21171875
0 0.2203125 0.1453125 0.04375 0.18515625
0 0.1734375 0.19140625 0.04140625 0.19296875
0 0.1859375 0.14140625 0.03046875 0.171875
0 0.10625 0.1921875 0.03984375 0.190625
0 0.07578125 0.159375 0.03359375 0.19296875
0 0.10703125 0.096875 0.03828125 0.1515625
0 0.15546875 0.1125 0.03828125 0.171875
0 0.203125 0.0390625 0.04296875 0.078125
0 0.1703125 0.01953125 0.0375 0.0390625
0 0.134375 0.02734375 0.046875 0.0546875
0 0.4578125 0.928125 0.07421875 0.14375
0 0.55703125 0.97109375 0.0703125 0.05703125
0 0.7515625 0.0234375 0.03203125 0.046875
0 0.75546875 0.08671875 0.03984375 0.16171875
0 0.96171875 0.55234375 0.05859375 0.253125
0 0.98125 0.5234375 0.03671875 0.2640625
0 0.884375 0.34921875 0.0453125 0.21640625
0 0.91953125 0.3421875 0.0421875 0.20390625
0 0.91796875 0.25390625 0.03203125 0.11484375
0 0.95 0.2796875 0.03515625 0.20390625
0 0.98359375 0.30703125 0.0328125 0.20703125
0 0.884375 0.1953125 0.0484375 0.175
0 0.87890625 0.096875 0.03984375 0.16171875
0 0.46484375 0.17421875 0.046875 0.16953125
0 0.42734375 0.16484375 0.0421875 0.18828125