0 0.62578125 0.10078125 0.0453125 0.1203125
0 0.628125 0.05 0.04375 0.1
0 0.68828125 0.57265625 0.05234375 0.2296875
0 0.71640625 0.696875 0.0578125 0.25234375
0 0.278125 0.85703125 0.0546875 0.2328125
0 0.4078125 0.37890625 0.0578125 0.2078125
0 0.37265625 0.3515625 0.04375 0.2125
0 0.37734375 0.1953125 0.053125 0.1703125
0 0.321875 0.26953125 0.03828125 0.1078125
0 0.3609375 0.70703125 0.053125 0.24765625
0 0.153125 0.346875 0.04921875 0.20234375
0 0.221875 0.1890625 0.0421875 0.17734375
0 0.1765625 0.2328125 0.0390625 0.18515625
0 0.18828125 0.18515625 0.0296875 0.16484375
0 0.1125 0.234375 0.03828125 0.1828125
0 0.08359375 0.203125 0.03203125 0.18515625
0 0.11328125 0.14296875 0.03671875 0.1453125
0 0.16015625 0.1578125 0.03671875 0.16484375
0 0.20546875 0.0703125 0.040625 0.11015625
0 0.17421875 0.04375 0.0359375 0.0875
0 0.13984375 0.0515625 0.0453125 0.103125
0 0.73125 0.04765625 0.03125 0.0953125
0 0.73515625 0.1328125 0.03828125 0.1546875
0 0.93203125 0.57890625 0.05625 0.2421875
0 0.9578125 0.5515625 0.04765625 0.25234375
0 0.85859375 0.384375 0.04375 0.2078125
0 0.8921875 0.378125 0.040625 0.1953125
0 0.88984375 0.29296875 0.03125 0.11015625
0 0.92109375 0.31796875 0.03359375 0.1953125
0 0.95390625 0.34453125 0.03203125 0.19765625
0 0.984375 0.325 0.03125 0.1796875
0 0.85859375 0.23671875 0.04609375 0.1671875
0 0.853125 0.14296875 0.03828125 0.1546875
0 0.45625 0.21640625 0.0453125 0.1625
0 0.4203125 0.2078125 0.040625 0.1796875
0 0.4359375 0.91875 0.065625 0.16171875
0 0.5375 0.96484375 0.07890625 0.0703125
0 0.6390625 0.9421875 0.07890625 0.11484375
0 0.51796875 0.85546875 0.0671875 0.2703125
0 0.55078125 0.3390625 0.04921875 0.2078125
0 0.52265625 0.23515625 0.04921875 0.21484375
0 0.2421875 0.0515625 0.03125 0.103125
0 0.815625 0.10390625 0.03359375 0.1328125
0 0.0078125 0.5703125 0.01484375 0.23984375