0 0.740625 0.846875 0.08125 0.27109375
0 0.66015625 0.8984375 0.06328125 0.203125
0 0.5328125 0.91953125 0.0484375 0.1609375
0 0.56640625 0.8625 0.075 0.25390625
0 0.42421875 0.67734375 0.053125 0.22109375
0 0.33671875 0.79921875 0.0578125 0.21875
0 0.93828125 0.50625 0.05234375 0.22578125
0 0.96328125 0.4765625 0.04296875 0.21875
0 0.7546875 0.65078125 0.05078125 0.21171875
0 0.728125 0.540625 0.0484375 0.2234375
0 0.878125 0.340625 0.04140625 0.18984375
0 0.909375 0.3375 0.03046875 0.1875
0 0.9109375 0.2625 0.02578125 0.11875
0 0.934375 0.278125 0.03359375 0.178125
0 0.96484375 0.2859375 0.0296875 0.18984375
0 0.98828125 0.265625 0.0234375 0.13984375
0 0.99453125 0.26796875 0.01015625 0.16953125
0 0.87265625 0.19609375 0.03203125 0.15234375
0 0.9109375 0.1140625 0.0359375 0.1734375
0 0.878125 0.109375 0.04296875 0.1546875
0 0.57265625 0.34296875 0.046875 0.2
0 0.57734375 0.18125 0.05625 0.18046875
0 0.66953125 0.0984375 0.04921875 0.1328125
0 0.67109375 0.04453125 0.05234375 0.08828125
0 0.76796875 0.10703125 0.03984375 0.15
0 0.4640625 0.3609375 0.046875 0.1875
0 0.42890625 0.33125 0.046875 0.21875
0 0.38203125 0.25078125 0.05078125 0.128125
0 0.43046875 0.18125 0.04375 0.15234375
0 0.46640625 0.1765625 0.034375 0.17109375
0 0.49609375 0.1828125 0.04375 0.1640625
0 0.06796875 0.5984375 0.053125 0.23046875
0 0.21328125 0.32265625 0.0453125 0.1921875
0 0.2375 0.2359375 0.0375 0.17578125
0 0.28828125 0.19375 0.03984375 0.17578125
0 0.2515625 0.18984375 0.03359375 0.159375
0 0.17265625 0.21875 0.0359375 0.1875
0 0.1875 0.13671875 0.03359375 0.1328125
0 0.21953125 0.13671875 0.03046875 0.128125
0 0.23515625 0.121875 0.03046875 0.128125
0 0.275 0.075 0.03984375 0.1140625
0 0.21171875 0.04765625 0.0421875 0.0953125
0 0.25 0.05546875 0.04140625 0.11015625