0 0.7109375 0.06640625 0.03671875 0.1328125
0 0.65078125 0.10078125 0.0421875 0.1125
0 0.65234375 0.05 0.04140625 0.1
0 0.709375 0.54296875 0.0484375 0.215625
0 0.7359375 0.65859375 0.05390625 0.23671875
0 0.325 0.80859375 0.0515625 0.21796875
0 0.44609375 0.36171875 0.05390625 0.19453125
0 0.41328125 0.3359375 0.040625 0.19921875
0 0.41796875 0.18984375 0.05 0.159375
0 0.4390625 0.1546875 0.034375 0.16875
0 0.47109375 0.171875 0.03828125 0.15234375
0 0.365625 0.25859375 0.03515625 0.10078125
0 0.22265625 0.275 0.03828125 0.17109375
0 0.2328125 0.22734375 0.03828125 0.16875
0 0.18359375 0.29296875 0.0421875 0.178125
0 0.26796875 0.12421875 0.03984375 0.159375
0 0.228125 0.12265625 0.03515625 0.13828125
0 0.196875 0.12734375 0.034375 0.16171875
0 0.165625 0.15078125 0.034375 0.15234375
0 0.1328125 0.1671875 0.040625 0.14296875
0 0.21953125 0.07734375 0.034375 0.140625
0 0.415625 0.68828125 0.0515625 0.234375
0 0.528125 0.92109375 0.06015625 0.15703125
0 0.55234375 0.86953125 0.06875 0.24609375
0 0.54296875 0.3578125 0.05234375 0.2015625
0 0.55390625 0.1625 0.0515625 0.18515625
0 0.984375 0.28984375 0.03125 0.1734375
0 0.98203125 0.5171875 0.0359375 0.1734375
0 0.90390625 0.4984375 0.0515625 0.2296875
0 0.93203125 0.47265625 0.04453125 0.225
0 0.96171875 0.28203125 0.02734375 0.16640625
0 0.93671875 0.28359375 0.0328125 0.16875
0 0.9125 0.27890625 0.03984375 0.1828125
0 0.88359375 0.33671875 0.03125 0.1734375
0 0.85625 0.3359375 0.04453125 0.18984375
0 0.88359375 0.25546875 0.0265625 0.103125
0 0.8859375 0.11484375 0.02890625 0.16875
0 0.859375 0.11796875 0.03828125 0.17109375
0 0.84609375 0.196875 0.040625 0.1640625
0 0.84140625 0.0890625 0.034375 0.1546875
0 0.80703125 0.10390625 0.03125 0.13359375
0 0.75 0.0984375 0.040625 0.15
0 0.05546875 0.6015625 0.05390625 0.2203125
0 0.278125 0.2 0.0328125 0.16171875
0 0.1546875 0.2328125 0.04765625 0.16171875
0 0.6390625 0.88671875 0.06875 0.2265625