0 0.3421875 0.06875 0.04375 0.11640625
0 0.34140625 0.03359375 0.0421875 0.0671875
0 0.28125 0.52734375 0.05078125 0.2234375
0 0.25390625 0.64765625 0.05625 0.2453125
0 0.68046875 0.80234375 0.053125 0.22578125
0 0.5546875 0.3390625 0.05625 0.2015625
0 0.5890625 0.3125 0.0421875 0.20625
0 0.584375 0.1609375 0.0515625 0.16484375
0 0.63828125 0.23203125 0.03671875 0.1046875
0 0.60078125 0.65703125 0.0515625 0.240625
0 0.80234375 0.3078125 0.04765625 0.196875
0 0.7359375 0.1546875 0.040625 0.17265625
0 0.7796875 0.196875 0.03828125 0.1796875
0 0.76796875 0.15078125 0.02890625 0.16015625
0 0.84140625 0.1984375 0.03671875 0.17734375
0 0.8703125 0.16796875 0.03125 0.1796875
0 0.840625 0.109375 0.03515625 0.140625
0 0.79609375 0.12421875 0.03515625 0.16015625
0 0.7515625 0.04609375 0.03984375 0.0921875
0 0.78125 0.028125 0.03515625 0.05625
0 0.815625 0.03515625 0.04375 0.0703125
0 0.23984375 0.03125 0.0296875 0.0625
0 0.23671875 0.1 0.03671875 0.15078125
0 0.04453125 0.53359375 0.0546875 0.23515625
0 0.021875 0.50625 0.04296875 0.2453125
0 0.11640625 0.34375 0.0421875 0.2015625
0 0.08359375 0.3375 0.03984375 0.1890625
0 0.08515625 0.25546875 0.0296875 0.10703125
0 0.05546875 0.2796875 0.0328125 0.1890625
0 0.0234375 0.30546875 0.03125 0.19140625
0 0.0046875 0.28671875 0.009375 0.175
0 0.11640625 0.20078125 0.0453125 0.1625
0 0.121875 0.109375 0.03671875 0.15078125
0 0.5078125 0.18125 0.04375 0.1578125
0 0.5421875 0.17265625 0.03984375 0.175
0 0.52734375 0.8921875 0.0640625 0.215625
0 0.428125 0.93671875 0.0765625 0.1265625
0 0.3296875 0.91484375 0.0765625 0.16953125
0 0.44765625 0.8015625 0.065625 0.2625
0 0.415625 0.3 0.04765625 0.2015625
0 0.44296875 0.19921875 0.04765625 0.20859375
0 0.71640625 0.03515625 0.0296875 0.0703125
0 0.1578125 0.071875 0.0328125 0.12890625
0 0.96015625 0.525 0.04609375 0.2328125