0 0.3234375 0.08125 0.04375 0.11640625
0 0.32109375 0.040625 0.04296875 0.08046875
0 0.2625 0.53984375 0.05078125 0.2234375
0 0.23515625 0.66015625 0.05625 0.2453125
0 0.66171875 0.815625 0.053125 0.22578125
0 0.5359375 0.3515625 0.05625 0.2015625
0 0.56953125 0.325 0.0421875 0.20625
0 0.56484375 0.1734375 0.0515625 0.16484375
0 0.61875 0.24453125 0.03671875 0.1046875
0 0.58125 0.66953125 0.0515625 0.240625
0 0.7828125 0.3203125 0.04765625 0.196875
0 0.71640625 0.1671875 0.040625 0.17265625
0 0.76015625 0.209375 0.03828125 0.1796875
0 0.7484375 0.16328125 0.02890625 0.16015625
0 0.82265625 0.2109375 0.03671875 0.17734375
0 0.8515625 0.18046875 0.03125 0.1796875
0 0.821875 0.12265625 0.03515625 0.140625
0 0.7765625 0.13671875 0.03515625 0.16015625
0 0.7328125 0.05234375 0.03984375 0.1046875
0 0.76171875 0.034375 0.03515625 0.06875
0 0.796875 0.04140625 0.04375 0.0828125
0 0.22109375 0.0375 0.0296875 0.075
0 0.2171875 0.1125 0.03671875 0.15078125
0 0.0265625 0.5453125 0.053125 0.23515625
0 0.0125 0.51796875 0.025 0.2453125
0 0.096875 0.35625 0.0421875 0.2015625
0 0.0640625 0.35078125 0.03984375 0.1890625
0 0.06640625 0.26796875 0.0296875 0.10703125
0 0.03671875 0.2921875 0.0328125 0.1890625
0 0.01015625 0.3171875 0.0203125 0.1921875
0 0.096875 0.21328125 0.0453125 0.1625
0 0.10234375 0.12265625 0.03671875 0.15078125
0 0.48828125 0.19375 0.04375 0.1578125
0 0.5234375 0.18515625 0.03984375 0.175
0 0.3109375 0.92109375 0.0765625 0.15703125
0 0.428125 0.8140625 0.065625 0.2625
0 0.39609375 0.3125 0.04765625 0.2015625
0 0.4234375 0.2125 0.04765625 0.20859375
0 0.69609375 0.04140625 0.0296875 0.0828125
0 0.1390625 0.084375 0.0328125 0.12890625
0 0.940625 0.5375 0.04609375 0.2328125
0 0.4140625 0.928125 0.071875 0.14375
0 0.5265625 0.88359375 0.0703125 0.23203125