0 0.35078125 0.1015625 0.04453125 0.11796875
0 0.3484375 0.05078125 0.04296875 0.1015625
0 0.2890625 0.565625 0.05078125 0.22578125
0 0.26171875 0.6875 0.05625 0.24765625
0 0.6921875 0.84453125 0.05390625 0.228125
0 0.565625 0.37578125 0.05625 0.20390625
0 0.6 0.3484375 0.04296875 0.20859375
0 0.5953125 0.1953125 0.05234375 0.1671875
0 0.64921875 0.2671875 0.0375 0.10546875
0 0.61171875 0.696875 0.05234375 0.24296875
0 0.815625 0.34375 0.0484375 0.19921875
0 0.7484375 0.1890625 0.04140625 0.17421875
0 0.7921875 0.23203125 0.0390625 0.18203125
0 0.78046875 0.18515625 0.02890625 0.16171875
0 0.85546875 0.2328125 0.0375 0.17890625
0 0.884375 0.20234375 0.03203125 0.18203125
0 0.8546875 0.14375 0.0359375 0.1421875
0 0.809375 0.1578125 0.0359375 0.16171875
0 0.7640625 0.071875 0.03984375 0.1078125
0 0.79453125 0.04453125 0.0359375 0.0890625
0 0.82890625 0.05234375 0.04453125 0.10390625
0 0.246875 0.0484375 0.03046875 0.09609375
0 0.24375 0.13359375 0.0375 0.15234375
0 0.04921875 0.571875 0.05546875 0.23828125
0 0.02421875 0.5453125 0.046875 0.24765625
0 0.121875 0.38046875 0.04296875 0.20390625
0 0.0890625 0.37421875 0.03984375 0.19140625
0 0.090625 0.290625 0.03046875 0.1078125
0 0.06015625 0.315625 0.0328125 0.19140625
0 0.028125 0.34140625 0.03203125 0.19375
0 0.00703125 0.321875 0.0140625 0.1765625
0 0.121875 0.23515625 0.0453125 0.16484375
0 0.12734375 0.14375 0.0375 0.15234375
0 0.51796875 0.215625 0.04453125 0.159375
0 0.553125 0.20703125 0.03984375 0.1765625
0 0.33828125 0.9359375 0.07734375 0.12734375
0 0.45703125 0.84296875 0.06640625 0.26484375
0 0.42421875 0.3359375 0.0484375 0.20390625
0 0.45234375 0.234375 0.0484375 0.2109375
0 0.728125 0.05234375 0.03046875 0.10390625
0 0.1640625 0.10546875 0.0328125 0.13046875
0 0.975 0.56328125 0.046875 0.2359375
0 0.4421875 0.94296875 0.071875 0.1140625
0 0.55546875 0.8984375 0.07109375 0.203125