0 0.25625 0.09296875 0.04765625 0.12734375
0 0.25390625 0.04609375 0.046875 0.0921875
0 0.18984375 0.59609375 0.05546875 0.24453125
0 0.16015625 0.72734375 0.0609375 0.26875
0 0.6265625 0.88671875 0.0578125 0.2265625
0 0.4890625 0.38984375 0.0609375 0.22109375
0 0.52578125 0.36015625 0.04609375 0.22578125
0 0.52109375 0.19453125 0.05703125 0.18046875
0 0.5796875 0.27265625 0.040625 0.1140625
0 0.5390625 0.73828125 0.05703125 0.26328125
0 0.759375 0.3546875 0.05234375 0.215625
0 0.734375 0.234375 0.0421875 0.196875
0 0.721875 0.18359375 0.03125 0.17578125
0 0.803125 0.23515625 0.040625 0.19453125
0 0.834375 0.20234375 0.034375 0.196875
0 0.80234375 0.13828125 0.0390625 0.15390625
0 0.75234375 0.15390625 0.0390625 0.17578125
0 0.70390625 0.0609375 0.04375 0.1171875
0 0.73671875 0.03984375 0.0390625 0.0796875
0 0.775 0.04765625 0.046875 0.0953125
0 0.14453125 0.04375 0.0328125 0.0875
0 0.01640625 0.39453125 0.03203125 0.22109375
0 0.01796875 0.1375 0.03515625 0.16484375
0 0.4375 0.21640625 0.04765625 0.17265625
0 0.475 0.2078125 0.04375 0.19140625
0 0.24375 0.96328125 0.084375 0.0734375
0 0.36640625 0.23671875 0.05234375 0.22890625
0 0.66484375 0.04765625 0.0328125 0.0953125
0 0.0546875 0.096875 0.0359375 0.140625
0 0.93203125 0.59296875 0.05078125 0.25546875
0 0.478125 0.92265625 0.0765625 0.15390625
0 0.31171875 0.328125 0.05078125 0.22109375
0 0.1234375 0.1609375 0.04765625 0.1671875
0 0.36953125 0.95859375 0.08046875 0.0828125
0 0.36953125 0.846875 0.0734375 0.2578125