0 0.65234375 0.0703125 0.04375 0.11640625
0 0.6546875 0.03515625 0.0421875 0.06953125
0 0.71328125 0.52734375 0.05 0.22265625
0 0.73984375 0.646875 0.05546875 0.24453125
0 0.31640625 0.8015625 0.053125 0.225
0 0.44140625 0.33984375 0.05546875 0.20078125
0 0.40703125 0.31328125 0.0421875 0.20546875
0 0.41171875 0.16171875 0.0515625 0.1640625
0 0.35859375 0.23359375 0.03671875 0.10390625
0 0.3953125 0.65625 0.0515625 0.2390625
0 0.1953125 0.30859375 0.04765625 0.19609375
0 0.2609375 0.15625 0.040625 0.171875
0 0.21796875 0.1984375 0.03828125 0.17890625
0 0.22890625 0.15234375 0.02890625 0.159375
0 0.15546875 0.19921875 0.03671875 0.1765625
0 0.12734375 0.16953125 0.03125 0.17890625
0 0.15625 0.1109375 0.03515625 0.13984375
0 0.2015625 0.12578125 0.03515625 0.159375
0 0.2453125 0.046875 0.03984375 0.09375
0 0.21640625 0.02890625 0.03515625 0.0578125
0 0.18125 0.0359375 0.04375 0.071875
0 0.75390625 0.03203125 0.0296875 0.0640625
0 0.7578125 0.1015625 0.03671875 0.15
0 0.9484375 0.5328125 0.0546875 0.234375
0 0.9734375 0.50625 0.04609375 0.24453125
0 0.87734375 0.34453125 0.0421875 0.20078125
0 0.91015625 0.33828125 0.0390625 0.18828125
0 0.9078125 0.25625 0.0296875 0.10625
0 0.9375 0.28046875 0.0328125 0.18828125
0 0.96953125 0.30546875 0.03125 0.190625
0 0.99140625 0.28671875 0.0171875 0.1734375
0 0.87734375 0.2015625 0.04453125 0.16171875
0 0.871875 0.1109375 0.03671875 0.15
0 0.48828125 0.1828125 0.04375 0.15703125
0 0.453125 0.17421875 0.0390625 0.17421875
0 0.66484375 0.9140625 0.07578125 0.17109375
0 0.54765625 0.8 0.06484375 0.2609375
0 0.5796875 0.30078125 0.04765625 0.20078125
0 0.55234375 0.20078125 0.04765625 0.2078125
0 0.28046875 0.0359375 0.0296875 0.071875
0 0.8359375 0.0734375 0.0328125 0.128125
0 0.03828125 0.525 0.04609375 0.23203125
0 0.56171875 0.92109375 0.0703125 0.1578125
0 0.45078125 0.87734375 0.06953125 0.2453125