0 0.71875 0.0625 0.0375 0.12421875
0 0.65703125 0.09140625 0.04296875 0.11484375
0 0.659375 0.0453125 0.0421875 0.090625
0 0.7171875 0.54296875 0.05 0.21953125
0 0.74375 0.66171875 0.05546875 0.24140625
0 0.78203125 0.9625 0.05625 0.07421875
0 0.7015625 0.9515625 0.059375 0.096875
0 0.32421875 0.8140625 0.05234375 0.22265625
0 0.4484375 0.3578125 0.05546875 0.1984375
0 0.41484375 0.33125 0.04140625 0.203125
0 0.41953125 0.18203125 0.05078125 0.1625
0 0.440625 0.14609375 0.03515625 0.171875
0 0.4734375 0.1640625 0.0390625 0.15546875
0 0.36640625 0.25234375 0.0359375 0.103125
0 0.21953125 0.26953125 0.0390625 0.17421875
0 0.23046875 0.2203125 0.0390625 0.171875
0 0.18046875 0.2875 0.04296875 0.18203125
0 0.26640625 0.11484375 0.040625 0.1625
0 0.225 0.1140625 0.0359375 0.140625
0 0.19375 0.11875 0.03515625 0.16484375
0 0.1609375 0.14296875 0.03515625 0.15546875
0 0.128125 0.159375 0.04140625 0.14609375
0 0.21640625 0.06953125 0.03515625 0.13828125
0 0.4171875 0.69140625 0.05234375 0.2390625
0 0.53203125 0.92421875 0.06171875 0.15078125
0 0.55625 0.875 0.06953125 0.24921875
0 0.546875 0.35390625 0.05390625 0.20546875
0 0.55859375 0.1546875 0.05234375 0.1890625
0 0.990625 0.28359375 0.01875 0.1765625
0 0.98828125 0.51640625 0.0234375 0.1765625
0 0.915625 0.49765625 0.05234375 0.234375
0 0.94453125 0.47109375 0.0453125 0.2296875
0 0.975 0.2765625 0.028125 0.16953125
0 0.94921875 0.27734375 0.03359375 0.171875
0 0.925 0.27265625 0.040625 0.18671875
0 0.8953125 0.3328125 0.03203125 0.1765625
0 0.8671875 0.33125 0.0453125 0.19375
0 0.8953125 0.24921875 0.0265625 0.10546875
0 0.89765625 0.10546875 0.0296875 0.171875
0 0.8703125 0.109375 0.0390625 0.17421875
0 0.85703125 0.1890625 0.04140625 0.1671875
0 0.85234375 0.0796875 0.03515625 0.1578125
0 0.8171875 0.09453125 0.03203125 0.1359375
0 0.75859375 0.0890625 0.04140625 0.153125
0 0.04921875 0.603125 0.05546875 0.225
0 0.2765625 0.19296875 0.03359375 0.16484375
0 0.15078125 0.2265625 0.0484375 0.16484375
0 0.6453125 0.8890625 0.06875 0.221875