0 0.6921875 0.034375 0.040625 0.06875
0 0.625 0.046875 0.046875 0.09375
0 0.628125 0.01640625 0.04453125 0.0328125
0 0.690625 0.5171875 0.053125 0.2359375
0 0.71875 0.64453125 0.05859375 0.25859375
0 0.2703125 0.8078125 0.05625 0.23828125
0 0.40234375 0.31875 0.05859375 0.2125
0 0.36640625 0.290625 0.04453125 0.21796875
0 0.371875 0.13046875 0.0546875 0.17421875
0 0.39453125 0.0921875 0.0375 0.184375
0 0.4296875 0.11171875 0.04140625 0.16640625
0 0.31484375 0.20625 0.0390625 0.11015625
0 0.5203125 0.1015625 0.05625 0.20234375
0 0.98671875 0.240625 0.02578125 0.18984375
0 0.96640625 0.23203125 0.03046875 0.18203125
0 0.9390625 0.2328125 0.0359375 0.184375
0 0.9125 0.228125 0.04296875 0.2
0 0.88125 0.2921875 0.034375 0.18984375
0 0.85078125 0.290625 0.04921875 0.2078125
0 0.88125 0.20234375 0.02890625 0.1125
0 0.88359375 0.0703125 0.03203125 0.140625
0 0.85390625 0.07265625 0.0421875 0.1453125
0 0.83984375 0.13828125 0.04453125 0.1796875
0 0.834375 0.05234375 0.0375 0.1046875
0 0.79765625 0.0546875 0.034375 0.109375
0 0.734375 0.05625 0.04453125 0.1125
0 0.61484375 0.88515625 0.075 0.2296875
0 0.5265625 0.3 0.06171875 0.21484375
0 0.4625 0.915625 0.06015625 0.16796875
0 0.5140625 0.83359375 0.07734375 0.284375
0 0.5640625 0.953125 0.06328125 0.09296875
0 0.92578125 0.49453125 0.04609375 0.25625
0 0.95234375 0.4671875 0.04453125 0.23828125
0 0.3546875 0.6546875 0.0546875 0.25390625
0 0.1421875 0.2859375 0.05 0.2078125
0 0.21171875 0.12421875 0.04296875 0.18203125
0 0.165625 0.16875 0.040625 0.18984375
0 0.178125 0.1203125 0.03046875 0.16875
0 0.10078125 0.1703125 0.0390625 0.18671875
0 0.0703125 0.13828125 0.0328125 0.18984375
0 0.1015625 0.0765625 0.0375 0.1484375
0 0.1484375 0.0921875 0.0375 0.16875
0 0.19453125 0.02890625 0.0421875 0.0578125
0 0.1640625 0.01015625 0.0375 0.0203125
0 0.128125 0.01796875 0.04609375 0.0359375