0 0.225 0.0265625 0.040625 0.053125
0 0.2921875 0.0390625 0.046875 0.078125
0 0.2265625 0.50234375 0.053125 0.2359375
0 0.1984375 0.62890625 0.05859375 0.25859375
0 0.1578125 0.95546875 0.059375 0.0890625
0 0.24453125 0.94375 0.0640625 0.1125
0 0.646875 0.79296875 0.05625 0.23828125
0 0.51484375 0.30390625 0.05859375 0.2125
0 0.55078125 0.275 0.04453125 0.21796875
0 0.5453125 0.115625 0.0546875 0.17421875
0 0.52265625 0.084375 0.0375 0.16875
0 0.4875 0.09609375 0.04140625 0.16640625
0 0.60234375 0.190625 0.0390625 0.11015625
0 0.759375 0.20859375 0.04140625 0.18671875
0 0.74765625 0.15625 0.04140625 0.184375
0 0.8015625 0.228125 0.04609375 0.19453125
0 0.71015625 0.06484375 0.0421875 0.1296875
0 0.75390625 0.05859375 0.0390625 0.1171875
0 0.7875 0.06796875 0.0375 0.13515625
0 0.821875 0.078125 0.0375 0.15546875
0 0.85703125 0.090625 0.04453125 0.15625
0 0.7625 0.034375 0.0375 0.06875
0 0.54765625 0.6609375 0.05625 0.25625
0 0.425 0.91484375 0.06640625 0.1703125
0 0.3984375 0.859375 0.075 0.26875
0 0.40859375 0.3 0.0578125 0.2203125
0 0.39765625 0.09296875 0.0546875 0.1859375
0 0.02109375 0.453125 0.0421875 0.25078125
0 0.01328125 0.2125 0.0265625 0.2
0 0.0359375 0.2765625 0.034375 0.18984375
0 0.06640625 0.275 0.04921875 0.2078125
0 0.0359375 0.18671875 0.02890625 0.1125
0 0.03359375 0.0625 0.03203125 0.125
0 0.06328125 0.06484375 0.0421875 0.1296875
0 0.07734375 0.12265625 0.04453125 0.1796875
0 0.0828125 0.04453125 0.0375 0.0890625
0 0.1203125 0.046875 0.034375 0.09375
0 0.1828125 0.0484375 0.04375 0.096875
0 0.94140625 0.56640625 0.05859375 0.240625
0 0.6984375 0.1265625 0.0359375 0.1765625
0 0.8328125 0.1625 0.0515625 0.1765625
0 0.30234375 0.87734375 0.075 0.24453125