0 0.23984375 0.06328125 0.0390625 0.1265625
0 0.30390625 0.09296875 0.04453125 0.11953125
0 0.3015625 0.04609375 0.04375 0.0921875
0 0.24140625 0.5625 0.0515625 0.22890625
0 0.21328125 0.6859375 0.05703125 0.25078125
0 0.64921875 0.84453125 0.0546875 0.23125
0 0.52109375 0.3703125 0.05703125 0.20625
0 0.55546875 0.34296875 0.04296875 0.2109375
0 0.55078125 0.1875 0.053125 0.16875
0 0.528125 0.15 0.0359375 0.17890625
0 0.49453125 0.16875 0.040625 0.16171875
0 0.60625 0.2609375 0.0375 0.10703125
0 0.40625 0.15859375 0.0546875 0.19609375
0 0.00859375 0.2859375 0.0171875 0.17890625
0 0.02578125 0.28203125 0.0421875 0.19375
0 0.05625 0.34375 0.03359375 0.18359375
0 0.0859375 0.34296875 0.04765625 0.2015625
0 0.05625 0.25703125 0.028125 0.109375
0 0.05390625 0.1078125 0.03046875 0.17890625
0 0.08203125 0.11171875 0.040625 0.18125
0 0.09609375 0.19453125 0.04296875 0.17421875
0 0.1015625 0.08125 0.0359375 0.16171875
0 0.1375 0.096875 0.03359375 0.14140625
0 0.1984375 0.090625 0.04296875 0.159375
0 0.31484375 0.90390625 0.07265625 0.1921875
0 0.40078125 0.3515625 0.06015625 0.20859375
0 0.4625 0.93359375 0.05859375 0.13203125
0 0.4125 0.865625 0.07578125 0.26875
0 0.3640625 0.9703125 0.06171875 0.059375
0 0.01796875 0.53984375 0.0359375 0.2484375
0 0.0046875 0.5140625 0.00859375 0.23046875
0 0.56796875 0.6953125 0.053125 0.24609375
0 0.9359375 0.59140625 0.0625 0.24140625
0 0.7734375 0.3375 0.04921875 0.2015625
0 0.70625 0.18125 0.0421875 0.1765625
0 0.75078125 0.225 0.0390625 0.18359375
0 0.7390625 0.17734375 0.0296875 0.1640625
0 0.8140625 0.22578125 0.0375 0.18125
0 0.84375 0.19453125 0.03203125 0.18359375
0 0.81328125 0.13515625 0.0359375 0.14375
0 0.7671875 0.15 0.0359375 0.1640625
0 0.721875 0.06328125 0.040625 0.109375
0 0.75234375 0.040625 0.0359375 0.08046875
0 0.7875 0.04765625 0.04453125 0.0953125