0 0.246875 0.07421875 0.040625 0.1484375
0 0.31328125 0.1125 0.04609375 0.1234375
0 0.31171875 0.05625 0.0453125 0.1125
0 0.24921875 0.5984375 0.05390625 0.23671875
0 0.2203125 0.72578125 0.059375 0.26015625
0 0.671875 0.88515625 0.05625 0.2296875
0 0.53828125 0.39921875 0.059375 0.21328125
0 0.57421875 0.37109375 0.04453125 0.21875
0 0.56953125 0.21015625 0.0546875 0.175
0 0.54609375 0.171875 0.0375 0.18515625
0 0.5109375 0.19140625 0.0421875 0.1671875
0 0.6265625 0.2859375 0.0390625 0.1109375
0 0.784375 0.30390625 0.0421875 0.1875
0 0.77265625 0.2515625 0.0421875 0.18515625
0 0.82734375 0.3234375 0.04609375 0.1953125
0 0.734375 0.13828125 0.04375 0.175
0 0.778125 0.13671875 0.0390625 0.1515625
0 0.8125 0.1421875 0.0375 0.17734375
0 0.846875 0.16796875 0.0375 0.1671875
0 0.8828125 0.1859375 0.04453125 0.15703125
0 0.78828125 0.08671875 0.0375 0.1546875
0 0.41953125 0.18046875 0.05625 0.203125
0 0.00859375 0.3125 0.01640625 0.18515625
0 0.02578125 0.3078125 0.04375 0.20078125
0 0.05703125 0.37265625 0.034375 0.190625
0 0.0875 0.37109375 0.04921875 0.20859375
0 0.05703125 0.28203125 0.02890625 0.11328125
0 0.0546875 0.128125 0.03203125 0.18515625
0 0.084375 0.13203125 0.0421875 0.1875
0 0.0984375 0.21796875 0.04453125 0.1796875
0 0.10390625 0.1 0.0375 0.16953125
0 0.14140625 0.11640625 0.034375 0.146875
0 0.20390625 0.11015625 0.04453125 0.16484375
0 0.7234375 0.221875 0.0359375 0.17734375
0 0.85859375 0.2578125 0.05234375 0.17734375
0 0.325 0.9265625 0.075 0.146875
0 0.97265625 0.6375 0.05078125 0.2265625
0 0.4140625 0.38046875 0.0625 0.21640625
0 0.478125 0.95703125 0.0609375 0.08515625
0 0.4265625 0.88671875 0.078125 0.2265625
0 0.01796875 0.575 0.0359375 0.25703125
0 0.58671875 0.73671875 0.0546875 0.2546875