0 0.671875 0.084375 0.0453125 0.12109375
0 0.67421875 0.0421875 0.04453125 0.084375
0 0.73515625 0.5625 0.05234375 0.2328125
0 0.7640625 0.68828125 0.05859375 0.25546875
0 0.3203125 0.85 0.05546875 0.23515625
0 0.45078125 0.36640625 0.05859375 0.21015625
0 0.415625 0.3390625 0.04375 0.21484375
0 0.4203125 0.18046875 0.05390625 0.171875
0 0.3640625 0.25546875 0.03828125 0.10859375
0 0.403125 0.6984375 0.05390625 0.25078125
0 0.19375 0.33359375 0.05 0.2046875
0 0.2625 0.17421875 0.04296875 0.1796875
0 0.2171875 0.21875 0.03984375 0.1875
0 0.22890625 0.1703125 0.0296875 0.1671875
0 0.15234375 0.21953125 0.03828125 0.184375
0 0.12265625 0.18828125 0.0328125 0.1875
0 0.153125 0.12734375 0.03671875 0.146875
0 0.2 0.14296875 0.03671875 0.1671875
0 0.24609375 0.0546875 0.04140625 0.109375
0 0.215625 0.0359375 0.03671875 0.071875
0 0.1796875 0.04375 0.0453125 0.08671875
0 0.778125 0.03984375 0.03125 0.07890625
0 0.78203125 0.1171875 0.03828125 0.15703125
0 0.9765625 0.56875 0.046875 0.2453125
0 0.99140625 0.540625 0.01640625 0.25625
0 0.9078125 0.371875 0.04375 0.21015625
0 0.94140625 0.365625 0.04140625 0.19765625
0 0.9390625 0.2796875 0.03125 0.11171875
0 0.97109375 0.3046875 0.034375 0.19765625
0 0.99375 0.33125 0.0125 0.20078125
0 0.9078125 0.22265625 0.046875 0.16953125
0 0.9015625 0.12734375 0.03828125 0.15703125
0 0.5 0.20234375 0.0453125 0.16484375
0 0.4640625 0.19296875 0.04140625 0.18203125
0 0.47890625 0.915625 0.06640625 0.16875
0 0.5828125 0.96171875 0.0796875 0.07578125
0 0.68515625 0.9390625 0.0796875 0.12109375
0 0.5625 0.8484375 0.06796875 0.2734375
0 0.59609375 0.32578125 0.05 0.21015625
0 0.5671875 0.22109375 0.05 0.21796875
0 0.28359375 0.04375 0.03125 0.08671875
0 0.8640625 0.08828125 0.034375 0.134375
0 0.02890625 0.56015625 0.0484375 0.24296875