0 0.978125 0.565625 0.04375 0.22890625
0 0.96015625 0.4421875 0.0609375 0.2046875
0 0.89453125 0.37421875 0.04609375 0.234375
0 0.84765625 0.39140625 0.05703125 0.22109375
0 0.81875 0.24453125 0.04453125 0.2125
0 0.85546875 0.23359375 0.04375 0.17578125
0 0.86171875 0.18671875 0.0375 0.1625
0 0.95625 0.1953125 0.05234375 0.1890625
0 0.909375 0.17890625 0.04375 0.1671875
0 0.8953125 0.165625 0.0296875 0.1625
0 0.8640625 0.0390625 0.034375 0.078125
0 0.828125 0.04765625 0.0421875 0.09453125
0 0.80859375 0.03828125 0.0390625 0.0765625
0 0.7640625 0.03125 0.0421875 0.0625
0 0.71875 0.02734375 0.04375 0.0546875
0 0.671875 0.0234375 0.0421875 0.046875
0 0.603125 0.03671875 0.04765625 0.0734375
0 0.6703125 0.5125 0.05546875 0.24453125
0 0.7 0.64453125 0.0609375 0.26875
0 0.7421875 0.96875 0.0625 0.0625
0 0.653125 0.95703125 0.065625 0.0859375
0 0.58828125 0.975 0.0609375 0.05
0 0.578125 0.86875 0.071875 0.2625
0 0.484375 0.940625 0.0640625 0.11796875
0 0.49375 0.890625 0.0765625 0.1859375
0 0.325 0.69375 0.0703125 0.25546875
0 0.23359375 0.81484375 0.05859375 0.24765625
0 0.4671875 0.32890625 0.05546875 0.21796875
0 0.37109375 0.30703125 0.0609375 0.22109375
0 0.33359375 0.27734375 0.04609375 0.22578125
0 0.3390625 0.1109375 0.05703125 0.18046875
0 0.3625 0.08359375 0.0390625 0.1671875
0 0.4 0.09140625 0.04375 0.17265625
0 0.47890625 0.07890625 0.0484375 0.1578125
0 0.2796875 0.18984375 0.040625 0.1140625
0 0.18828125 0.1484375 0.04765625 0.18046875
0 0.1171875 0.20859375 0.04375 0.19453125
0 0.12890625 0.15390625 0.04375 0.19140625
0 0.07265625 0.228125 0.04765625 0.20234375
0 0.02421875 0.19375 0.040625 0.2125
0 0.16875 0.06328125 0.04453125 0.1265625
0 0.12265625 0.05703125 0.03984375 0.1140625
0 0.08671875 0.065625 0.0390625 0.13125
0 0.0515625 0.0765625 0.0390625 0.153125
0 0.01875 0.0859375 0.0375 0.1625
0 0.11328125 0.03125 0.0390625 0.0625
0 0.32265625 0.975 0.0546875 0.05