0 0.32734375 0.109375 0.04765625 0.12734375
0 0.325 0.05390625 0.046875 0.1078125
0 0.2609375 0.61171875 0.05546875 0.24453125
0 0.23125 0.74296875 0.0609375 0.26875
0 0.69765625 0.89453125 0.0578125 0.2109375
0 0.56015625 0.40546875 0.0609375 0.22109375
0 0.59765625 0.3765625 0.04609375 0.22578125
0 0.5921875 0.21015625 0.05703125 0.18046875
0 0.65078125 0.28828125 0.040625 0.1140625
0 0.61015625 0.75390625 0.05703125 0.26328125
0 0.83046875 0.37109375 0.05234375 0.215625
0 0.7578125 0.203125 0.04453125 0.1890625
0 0.80625 0.25 0.0421875 0.196875
0 0.79296875 0.19921875 0.03125 0.17578125
0 0.87421875 0.2515625 0.040625 0.19453125
0 0.90546875 0.21796875 0.034375 0.196875
0 0.8734375 0.15390625 0.0390625 0.15390625
0 0.82421875 0.1703125 0.0390625 0.17578125
0 0.775 0.07734375 0.04375 0.1171875
0 0.80859375 0.04765625 0.0390625 0.0953125
0 0.84609375 0.05546875 0.0484375 0.1109375
0 0.215625 0.0515625 0.0328125 0.103125
0 0.21171875 0.14375 0.040625 0.16484375
0 0.01640625 0.61796875 0.0328125 0.2578125
0 0.0796875 0.4109375 0.04609375 0.22109375
0 0.04375 0.40390625 0.04375 0.2078125
0 0.04609375 0.3140625 0.0328125 0.1171875
0 0.01640625 0.33984375 0.0328125 0.2078125
0 0.0796875 0.25390625 0.04921875 0.178125
0 0.0859375 0.15390625 0.040625 0.16484375
0 0.50859375 0.2328125 0.04765625 0.17265625
0 0.546875 0.2234375 0.04375 0.19140625
0 0.53046875 0.946875 0.0703125 0.10625
0 0.3140625 0.971875 0.08359375 0.05625
0 0.44375 0.88359375 0.071875 0.2328125
0 0.4078125 0.36328125 0.05234375 0.22109375
0 0.4375 0.25234375 0.05234375 0.22890625
0 0.73671875 0.05546875 0.0328125 0.1109375
0 0.12578125 0.11328125 0.0359375 0.140625
0 0.9890625 0.60859375 0.021875 0.25546875