0 0.32578125 0.86875 0.06328125 0.23984375
0 0.784375 0.70546875 0.05546875 0.23203125
0 0.7546875 0.584375 0.053125 0.2453125
0 0.690625 0.0984375 0.05390625 0.14609375
0 0.6921875 0.04375 0.0578125 0.0875
0 0.375 0.265625 0.05546875 0.140625
0 0.3984375 0.725 0.05546875 0.26640625
0 0.6765625 0.26328125 0.05390625 0.19296875
0 0.5484375 0.72734375 0.0671875 0.2609375
0 0.47578125 0.80859375 0.06015625 0.28203125
0 0.19453125 0.47421875 0.0703125 0.22421875
0 0.9859375 0.50078125 0.028125 0.2359375
0 0.59921875 0.4 0.06484375 0.24296875
0 0.39453125 0.42578125 0.04375 0.21640625
0 0.42890625 0.353125 0.0484375 0.253125
0 0.43125 0.21484375 0.0484375 0.14375
0 0.53515625 0.3234375 0.04375 0.1828125
0 0.49296875 0.31015625 0.0421875 0.20390625
0 0.5796875 0.1078125 0.0421875 0.1640625
0 0.5390625 0.09453125 0.03515625 0.16953125
0 0.50703125 0.10390625 0.03828125 0.1828125
0 0.20859375 0.3234375 0.03671875 0.1984375
0 0.18828125 0.26171875 0.0421875 0.175
0 0.159375 0.2359375 0.03515625 0.20078125
0 0.1359375 0.19375 0.03203125 0.190625
0 0.17109375 0.1 0.03046875 0.10703125
0 0.20859375 0.14296875 0.03984375 0.1515625
0 0.246875 0.146875 0.03671875 0.19609375
0 0.17421875 0.05703125 0.03203125 0.09375
0 0.490625 0.859375 0.0734375 0.28046875
0 0.8453125 0.24453125 0.03828125 0.14609375
0 0.8296875 0.1328125 0.053125 0.1828125
0 0.840625 0.04765625 0.03125 0.0953125
0 0.81328125 0.05390625 0.0453125 0.1078125
0 0.915625 0.20078125 0.03828125 0.171875
0 0.990625 0.25234375 0.01796875 0.1671875
0 0.9609375 0.26015625 0.0453125 0.1984375
0 0.9703125 0.17421875 0.03828125 0.125
0 0.98359375 0.140625 0.0328125 0.1515625