0 0.6828125 0.796875 0.06015625 0.2296875
0 0.24375 0.640625 0.053125 0.22265625
0 0.271875 0.52421875 0.05078125 0.23515625
0 0.3328125 0.06484375 0.05234375 0.12890625
0 0.33203125 0.02421875 0.0546875 0.0484375
0 0.63515625 0.21953125 0.053125 0.13515625
0 0.4953125 0.2046875 0.0421875 0.18984375
0 0.52578125 0.196875 0.05078125 0.18515625
0 0.5640625 0.17734375 0.05078125 0.18515625
0 0.56796875 0.3546875 0.053125 0.21484375
0 0.58515625 0.290625 0.04609375 0.17734375
0 0.96953125 0.48046875 0.0609375 0.22265625
0 0.015625 0.1609375 0.03125 0.165625
0 0.4515625 0.0421875 0.03671875 0.084375
0 0.48125 0.03828125 0.04375 0.0765625
0 0.5171875 0.04609375 0.05078125 0.0921875
0 0.79375 0.35234375 0.0546875 0.2046875
0 0.80625 0.20078125 0.04375 0.17734375
0 0.765625 0.15234375 0.03515625 0.18515625
0 0.86328125 0.14453125 0.04765625 0.18515625
0 0.79765625 0.02734375 0.03828125 0.05390625
0 0.76484375 0.03359375 0.03359375 0.0671875
0 0.83046875 0.03828125 0.0421875 0.0765625
0 0.203125 0.1296875 0.04609375 0.15
0 0.209375 0.05703125 0.04921875 0.1140625
0 0.134375 0.09609375 0.040625 0.1671875
0 0.61328125 0.659375 0.053125 0.2546875
0 0.54375 0.79453125 0.06328125 0.26015625
0 0.35703125 0.24453125 0.053125 0.18515625
0 0.0515625 0.17421875 0.03203125 0.2
0 0.08515625 0.1796875 0.04921875 0.1953125
0 0.08515625 0.10546875 0.0421875 0.1625
0 0.065625 0.4109375 0.04921875 0.22265625
0 0.02265625 0.41328125 0.0453125 0.1921875
0 0.03125 0.34296875 0.0421875 0.15234375
0 0.02421875 0.271875 0.0421875 0.1296875
0 0.0046875 0.36328125 0.009375 0.21796875
0 0.43671875 0.28671875 0.04921875 0.2203125
0 0.484375 0.85859375 0.0703125 0.2828125
0 0.46328125 0.70078125 0.06015625 0.2671875