0 0.3125 0.78671875 0.0578125 0.21953125
0 0.7328125 0.6375 0.05078125 0.2125
0 0.70546875 0.5265625 0.0484375 0.225
0 0.646875 0.08203125 0.05 0.13359375
0 0.6484375 0.0359375 0.05234375 0.071875
0 0.3578125 0.234375 0.05078125 0.12890625
0 0.37890625 0.65546875 0.05078125 0.24375
0 0.63359375 0.23203125 0.05 0.1765625
0 0.1921875 0.42578125 0.06484375 0.20546875
0 0.984375 0.38984375 0.03125 0.19609375
0 0.96875 0.3078125 0.03359375 0.1125
0 0.95234375 0.3421875 0.046875 0.071875
0 0.9265625 0.45078125 0.04140625 0.2171875
0 0.9640625 0.45703125 0.05234375 0.19609375
0 0.56328125 0.3578125 0.059375 0.22265625
0 0.375 0.38203125 0.040625 0.1984375
0 0.40625 0.31484375 0.04453125 0.23203125
0 0.409375 0.18828125 0.04453125 0.13125
0 0.50390625 0.2875 0.040625 0.1671875
0 0.465625 0.275 0.0390625 0.18671875
0 0.5453125 0.08984375 0.0390625 0.15078125
0 0.5078125 0.078125 0.03203125 0.15546875
0 0.478125 0.08671875 0.03515625 0.1671875
0 0.2046875 0.2875 0.03359375 0.18203125
0 0.1859375 0.23125 0.0390625 0.16015625
0 0.16015625 0.20703125 0.03203125 0.184375
0 0.13828125 0.16875 0.0296875 0.17421875
0 0.1703125 0.0828125 0.028125 0.09765625
0 0.2046875 0.12265625 0.0359375 0.13828125
0 0.23984375 0.12578125 0.03359375 0.17890625
0 0.1734375 0.04375 0.0296875 0.0859375
0 0.4640625 0.79609375 0.0671875 0.29140625
0 0.7890625 0.215625 0.03515625 0.13359375
0 0.77421875 0.1125 0.0484375 0.1671875
0 0.78515625 0.03984375 0.028125 0.0796875
0 0.76015625 0.0453125 0.04140625 0.090625
0 0.853125 0.175 0.03515625 0.1578125
0 0.9328125 0.22265625 0.0375 0.153125
0 0.89453125 0.2296875 0.04140625 0.18203125
0 0.903125 0.15078125 0.03515625 0.11484375
0 0.91875 0.1203125 0.0359375 0.13828125
0 0.44765625 0.67421875 0.05625 0.21484375
0 0.51328125 0.63515625 0.06484375 0.23671875
0 0.06015625 0.36484375 0.046875 0.1984375