0 0.325 0.7953125 0.06328125 0.24140625
0 0.7859375 0.63125 0.05625 0.23359375
0 0.75625 0.50859375 0.053125 0.246875
0 0.6921875 0.046875 0.0546875 0.09375
0 0.37421875 0.18828125 0.05625 0.1421875
0 0.521875 0.17265625 0.04453125 0.19921875
0 0.4890625 0.16484375 0.053125 0.19453125
0 0.44921875 0.14375 0.053125 0.19453125
0 0.56796875 0.0234375 0.03828125 0.04609375
0 0.5375 0.01953125 0.04609375 0.0390625
0 0.4984375 0.02734375 0.053125 0.0546875
0 0.20859375 0.32734375 0.0578125 0.215625
0 0.1953125 0.16875 0.04609375 0.18671875
0 0.2375 0.11796875 0.03671875 0.19453125
0 0.13515625 0.11015625 0.05 0.19453125
0 0.23828125 0.0140625 0.03515625 0.028125
0 0.1703125 0.01953125 0.04453125 0.0390625
0 0.821875 0.0390625 0.0515625 0.07734375
0 0.39765625 0.65078125 0.05625 0.26796875
0 0.5828125 0.259375 0.0515625 0.23125
0 0.53359375 0.85546875 0.0734375 0.2890625
0 0.5546875 0.69375 0.06328125 0.28125
0 0.43046875 0.26875 0.05625 0.24921875
0 0.421875 0.3421875 0.06484375 0.24921875
0 0.1921875 0.2171875 0.04296875 0.17890625
0 0.83359375 0.1453125 0.0484375 0.165625
0 0.903125 0.10546875 0.04296875 0.1703125
0 0.953125 0.16640625 0.046875 0.2078125
0 0.95859375 0.0640625 0.04140625 0.1234375
0 0.98671875 0.1484375 0.0265625 0.18359375
0 0.99609375 0.10390625 0.0078125 0.1890625
0 0.98359375 0.4046875 0.0328125 0.234375
0 0.46875 0.75078125 0.059375 0.25234375
0 0.67734375 0.1859375 0.0546875 0.19453125