0 0.6640625 0.80390625 0.0578125 0.21953125
0 0.24375 0.6546875 0.05078125 0.2125
0 0.2703125 0.54375 0.0484375 0.225
0 0.32890625 0.09921875 0.05 0.13359375
0 0.328125 0.04453125 0.05234375 0.0890625
0 0.61875 0.2515625 0.05078125 0.12890625
0 0.484375 0.2375 0.040625 0.18203125
0 0.5140625 0.23046875 0.0484375 0.1765625
0 0.55 0.2109375 0.0484375 0.1765625
0 0.44375 0.0609375 0.034375 0.121875
0 0.4703125 0.0578125 0.0421875 0.115625
0 0.50625 0.06484375 0.0484375 0.1296875
0 0.7703125 0.37890625 0.05234375 0.19609375
0 0.78203125 0.234375 0.04140625 0.16953125
0 0.74296875 0.1875 0.03359375 0.1765625
0 0.83671875 0.18046875 0.0453125 0.1765625
0 0.77421875 0.05 0.0359375 0.08828125
0 0.7421875 0.053125 0.03203125 0.10625
0 0.8046875 0.0640625 0.040625 0.103125
0 0.2109375 0.0765625 0.046875 0.15078125
0 0.59765625 0.67265625 0.05078125 0.24375
0 0.35234375 0.27578125 0.05078125 0.1765625
0 0.42890625 0.31640625 0.046875 0.21015625
0 0.47421875 0.86328125 0.0671875 0.2734375
0 0.45390625 0.71171875 0.0578125 0.25546875
0 0.56796875 0.325 0.05078125 0.22734375
0 0.57578125 0.39140625 0.059375 0.22734375
0 0.78515625 0.278125 0.0390625 0.1625
0 0.2 0.2125 0.04453125 0.15078125
0 0.13671875 0.1765625 0.0390625 0.15546875
0 0.0921875 0.23125 0.04296875 0.1890625
0 0.08671875 0.13828125 0.0375 0.1125
0 0.0546875 0.21640625 0.0359375 0.1671875
0 0.03828125 0.17578125 0.03515625 0.171875
0 0.059375 0.44921875 0.0390625 0.2125
0 0.02109375 0.459375 0.0421875 0.18671875
0 0.00859375 0.40859375 0.01640625 0.20234375
0 0.01953125 0.31875 0.0390625 0.1375
0 0.5328125 0.76328125 0.05390625 0.2296875