0 0.3984375 0.6984375 0.05625 0.23359375
0 0.30546875 0.828125 0.0609375 0.23125
0 0.746875 0.67109375 0.05390625 0.22421875
0 0.71875 0.55390625 0.05078125 0.23671875
0 0.6578125 0.0859375 0.05234375 0.140625
0 0.6578125 0.0375 0.05625 0.075
0 0.353125 0.246875 0.05390625 0.1359375
0 0.6953125 0.9625 0.06875 0.07421875
0 0.4375 0.88203125 0.059375 0.23515625
0 0.54453125 0.9171875 0.07734375 0.16484375
0 0.5421875 0.77734375 0.06796875 0.2515625
0 0.6140625 0.29765625 0.05546875 0.2015625
0 0.5484375 0.2609375 0.05546875 0.21875
0 0.49453125 0.23203125 0.0421875 0.19140625
0 0.46328125 0.22421875 0.05078125 0.1859375
0 0.425 0.20390625 0.05078125 0.1859375
0 0.42109375 0.3828125 0.05390625 0.21640625
0 0.403125 0.31875 0.046875 0.17890625
0 0.02421875 0.509375 0.04765625 0.22421875
0 0.8921875 0.16015625 0.04375 0.19375
0 0.9328125 0.15390625 0.040625 0.15625
0 0.98046875 0.18828125 0.03828125 0.165625
0 0.9828125 0.62265625 0.03359375 0.2296875
0 0.98046875 0.34765625 0.03828125 0.20625
0 0.94765625 0.41015625 0.03671875 0.1859375
0 0.91328125 0.40078125 0.05234375 0.2265625
0 0.93515625 0.2609375 0.04765625 0.15859375
0 0.53828125 0.05546875 0.03671875 0.1109375
0 0.509375 0.0515625 0.04375 0.103125
0 0.471875 0.059375 0.05078125 0.11875
0 0.19453125 0.38046875 0.05546875 0.20625
0 0.18125 0.228125 0.04375 0.17890625
0 0.22265625 0.17890625 0.03515625 0.1859375
0 0.12421875 0.171875 0.04765625 0.1859375
0 0.18984375 0.040625 0.03828125 0.08046875
0 0.2234375 0.046875 0.03359375 0.09375
0 0.15703125 0.0515625 0.0421875 0.103125
0 0.7875 0.15625 0.046875 0.15078125
0 0.78125 0.0703125 0.04921875 0.140625
0 0.85625 0.12265625 0.040625 0.16875