0 0.665625 0.85546875 0.0609375 0.23125
0 0.22421875 0.69765625 0.05390625 0.22421875
0 0.25234375 0.58125 0.05078125 0.23671875
0 0.3140625 0.11328125 0.05234375 0.140625
0 0.3125 0.0515625 0.05546875 0.10234375
0 0.61796875 0.27421875 0.05390625 0.1359375
0 0.5953125 0.7171875 0.05390625 0.25625
0 0.328125 0.271875 0.05234375 0.1859375
0 0.7921875 0.475 0.06796875 0.21640625
0 0.009375 0.38671875 0.01796875 0.07578125
0 0.02109375 0.5015625 0.0421875 0.228125
0 0.40234375 0.40390625 0.0625 0.23359375
0 0.6 0.42890625 0.0421875 0.20859375
0 0.56640625 0.35859375 0.046875 0.24375
0 0.5640625 0.225 0.046875 0.13828125
0 0.4640625 0.3296875 0.0421875 0.17578125
0 0.5046875 0.3171875 0.040625 0.19609375
0 0.42109375 0.121875 0.040625 0.15859375
0 0.46015625 0.109375 0.03359375 0.16328125
0 0.490625 0.11796875 0.03671875 0.17578125
0 0.778125 0.3296875 0.03515625 0.19140625
0 0.7984375 0.2703125 0.040625 0.16875
0 0.82578125 0.2453125 0.03359375 0.19375
0 0.8484375 0.2046875 0.03125 0.18359375
0 0.81484375 0.1140625 0.0296875 0.103125
0 0.778125 0.15625 0.03828125 0.14609375
0 0.74140625 0.159375 0.03515625 0.18828125
0 0.81171875 0.07265625 0.03125 0.090625
0 0.50625 0.85546875 0.0703125 0.2890625
0 0.16484375 0.25390625 0.03671875 0.140625
0 0.18046875 0.14609375 0.05078125 0.17578125
0 0.16875 0.05546875 0.0296875 0.1109375
0 0.1953125 0.06171875 0.04375 0.12265625
0 0.096875 0.2109375 0.03671875 0.165625
0 0.0171875 0.26171875 0.034375 0.1609375
0 0.05390625 0.26875 0.04375 0.19140625
0 0.04453125 0.1859375 0.03671875 0.12109375
0 0.028125 0.153125 0.03828125 0.14609375
0 0.5234375 0.73671875 0.059375 0.2265625
0 0.45390625 0.6953125 0.06796875 0.24921875
0 0.93125 0.4109375 0.04921875 0.20859375