0 0.3515625 0.784375 0.0640625 0.24453125
0 0.81875 0.61796875 0.05703125 0.23671875
0 0.7890625 0.49453125 0.05390625 0.25
0 0.72421875 0.03671875 0.05546875 0.0734375
0 0.4015625 0.16953125 0.05703125 0.14375
0 0.5515625 0.15390625 0.04453125 0.20234375
0 0.51875 0.14609375 0.05390625 0.196875
0 0.478125 0.12421875 0.05390625 0.196875
0 0.52734375 0.0171875 0.05390625 0.034375
0 0.2203125 0.15 0.04609375 0.1890625
0 0.2625 0.09765625 0.0375 0.1953125
0 0.159375 0.09453125 0.05078125 0.18828125
0 0.85546875 0.02890625 0.05234375 0.0578125
0 0.42578125 0.6375 0.05703125 0.27109375
0 0.61328125 0.24140625 0.05234375 0.234375
0 0.45859375 0.25078125 0.05703125 0.25234375
0 0.45 0.325 0.065625 0.25234375
0 0.2171875 0.19921875 0.04375 0.18046875
0 0.86796875 0.12578125 0.04921875 0.1671875
0 0.93671875 0.0859375 0.0421875 0.171875
0 0.98203125 0.146875 0.0359375 0.2109375
0 0.98671875 0.05234375 0.0265625 0.1046875
0 0.709375 0.1671875 0.05546875 0.196875
0 0.578125 0.640625 0.06875 0.265625
0 0.534375 0.82265625 0.0703125 0.30078125
0 0.5046875 0.72265625 0.0609375 0.2875
0 0.21796875 0.3828125 0.071875 0.22890625