0 0.34140625 0.88359375 0.06484375 0.2328125
0 0.80859375 0.7234375 0.05703125 0.23671875
0 0.77890625 0.59921875 0.05390625 0.25
0 0.7140625 0.1046875 0.05546875 0.14921875
0 0.715625 0.046875 0.05859375 0.09375
0 0.39140625 0.275 0.05703125 0.14375
0 0.66796875 0.328125 0.05859375 0.2125
0 0.59921875 0.28984375 0.05859375 0.23125
0 0.54140625 0.259375 0.04453125 0.20234375
0 0.50859375 0.25078125 0.05390625 0.196875
0 0.46796875 0.2296875 0.05390625 0.196875
0 0.46328125 0.41875 0.05703125 0.22890625
0 0.44453125 0.35078125 0.04921875 0.1890625
0 0.03515625 0.553125 0.0671875 0.23671875
0 0.9625 0.18359375 0.04609375 0.2046875
0 0.99140625 0.175 0.0171875 0.165625
0 0.978125 0.43671875 0.04296875 0.2390625
0 0.990625 0.28828125 0.01875 0.1671875
0 0.5875 0.065625 0.0390625 0.13046875
0 0.55703125 0.06171875 0.046875 0.1234375
0 0.5171875 0.06953125 0.05390625 0.1390625
0 0.2234375 0.415625 0.05859375 0.21796875
0 0.21015625 0.2546875 0.04609375 0.1890625
0 0.253125 0.203125 0.0375 0.196875
0 0.14921875 0.1953125 0.05078125 0.196875
0 0.21875 0.05 0.040625 0.0984375
0 0.25390625 0.05625 0.0359375 0.1125
0 0.18515625 0.06640625 0.04453125 0.1140625
0 0.8515625 0.17890625 0.04921875 0.159375
0 0.8453125 0.08125 0.05234375 0.1625
0 0.925 0.14296875 0.04375 0.178125
0 0.5828125 0.7921875 0.06875 0.23125
0 0.5796875 0.93359375 0.071875 0.1328125
0 0.48203125 0.88671875 0.0609375 0.2265625
0 0.415625 0.74296875 0.05703125 0.27109375