0 0.7078125 0.79453125 0.06484375 0.24609375
0 0.2375 0.62734375 0.05703125 0.23828125
0 0.2671875 0.50234375 0.05390625 0.2515625
0 0.3328125 0.03984375 0.05625 0.07890625
0 0.65703125 0.17578125 0.05703125 0.14453125
0 0.6328125 0.646875 0.05703125 0.27265625
0 0.34765625 0.1734375 0.05546875 0.1984375
0 0.4796875 0.65 0.06953125 0.26796875
0 0.55390625 0.7328125 0.06171875 0.2890625
0 0.8421875 0.390625 0.071875 0.23046875
0 0.009375 0.29609375 0.01796875 0.08046875
0 0.021875 0.41796875 0.04296875 0.24296875
0 0.4265625 0.3140625 0.06640625 0.24921875
0 0.6375 0.340625 0.0453125 0.221875
0 0.60234375 0.265625 0.05 0.259375
0 0.59921875 0.12421875 0.05 0.146875
0 0.49296875 0.23515625 0.0453125 0.1875
0 0.5359375 0.221875 0.04375 0.20859375
0 0.44765625 0.04921875 0.04375 0.0984375
0 0.48828125 0.04375 0.0359375 0.0875
0 0.52265625 0.0515625 0.0390625 0.103125
0 0.828125 0.23515625 0.0375 0.203125
0 0.8484375 0.171875 0.04375 0.1796875
0 0.878125 0.1453125 0.0359375 0.20625
0 0.90234375 0.10234375 0.0328125 0.1953125
0 0.8671875 0.03046875 0.03125 0.0609375
0 0.828125 0.0640625 0.040625 0.12734375
0 0.7890625 0.07734375 0.0375 0.15390625
0 0.53828125 0.80546875 0.075 0.3265625
0 0.17421875 0.1546875 0.0390625 0.15
0 0.190625 0.06640625 0.05390625 0.1328125
0 0.10234375 0.109375 0.0390625 0.1765625
0 0.0171875 0.1625 0.034375 0.17109375
0 0.05625 0.17109375 0.046875 0.203125
0 0.04609375 0.0828125 0.0390625 0.128125
0 0.02890625 0.0625 0.040625 0.125