0 0.671875 0.79140625 0.05625 0.2140625
0 0.2625 0.64609375 0.05 0.20703125
0 0.2890625 0.5375 0.046875 0.21875
0 0.3453125 0.1046875 0.0484375 0.13046875
0 0.34453125 0.04765625 0.0515625 0.0953125
0 0.628125 0.25390625 0.05 0.12578125
0 0.31015625 0.940625 0.0640625 0.11796875
0 0.3859375 0.3 0.05078125 0.1859375
0 0.44609375 0.26640625 0.05078125 0.20234375
0 0.496875 0.23984375 0.0390625 0.1765625
0 0.52578125 0.2328125 0.046875 0.171875
0 0.5609375 0.2140625 0.046875 0.171875
0 0.56484375 0.3796875 0.05 0.2
0 0.58125 0.3203125 0.04296875 0.165625
0 0.93984375 0.496875 0.05859375 0.20703125
0 0.128125 0.1734375 0.040625 0.17890625
0 0.090625 0.16796875 0.03828125 0.14453125
0 0.04296875 0.2 0.040625 0.15390625
0 0.0171875 0.3609375 0.034375 0.209375
0 0.03046875 0.6015625 0.05859375 0.21171875
0 0.04296875 0.346875 0.0421875 0.190625
0 0.0765625 0.4046875 0.034375 0.171875
0 0.10859375 0.39609375 0.0484375 0.209375
0 0.08828125 0.26640625 0.04453125 0.146875
0 0.45625 0.0640625 0.034375 0.12734375
0 0.484375 0.06015625 0.040625 0.1203125
0 0.51875 0.0671875 0.046875 0.134375
0 0.775 0.37734375 0.05078125 0.190625
0 0.78671875 0.2359375 0.040625 0.165625
0 0.7484375 0.190625 0.0328125 0.171875
0 0.83984375 0.18359375 0.04453125 0.171875
0 0.77890625 0.05703125 0.03515625 0.0859375
0 0.7484375 0.05625 0.03125 0.11171875
0 0.80859375 0.07109375 0.0390625 0.1
0 0.225 0.1703125 0.04296875 0.13984375
0 0.23046875 0.0828125 0.04609375 0.146875
0 0.1609375 0.13828125 0.03828125 0.15625
0 0.46015625 0.70625 0.06015625 0.20234375
0 0.4625 0.8859375 0.0625 0.228125
0 0.5484375 0.815625 0.05390625 0.24921875
0 0.60703125 0.66328125 0.05 0.2375