0 0.68828125 0.8125 0.0578125 0.21953125
0 0.26875 0.66328125 0.05078125 0.2125
0 0.2953125 0.55234375 0.0484375 0.225
0 0.35390625 0.1078125 0.05 0.13359375
0 0.353125 0.0484375 0.053125 0.096875
0 0.64375 0.26015625 0.05078125 0.12890625
0 0.621875 0.68125 0.05078125 0.24375
0 0.3671875 0.2578125 0.05 0.1765625
0 0.48515625 0.68359375 0.06171875 0.2390625
0 0.5515625 0.7578125 0.05546875 0.2578125
0 0.80859375 0.4515625 0.06484375 0.20546875
0 0.01640625 0.415625 0.03203125 0.19609375
0 0.0328125 0.33359375 0.03359375 0.1125
0 0.0484375 0.36796875 0.046875 0.071875
0 0.07421875 0.4765625 0.04140625 0.2171875
0 0.03671875 0.4828125 0.05234375 0.19609375
0 0.43828125 0.38359375 0.059375 0.22265625
0 0.62578125 0.4078125 0.040625 0.1984375
0 0.59453125 0.340625 0.04453125 0.23203125
0 0.5921875 0.2140625 0.04453125 0.13125
0 0.496875 0.31328125 0.040625 0.1671875
0 0.53515625 0.30078125 0.0390625 0.18671875
0 0.45625 0.115625 0.0390625 0.15078125
0 0.49296875 0.10390625 0.03203125 0.15546875
0 0.52265625 0.1125 0.03515625 0.1671875
0 0.79609375 0.31328125 0.03359375 0.18203125
0 0.81484375 0.25703125 0.0390625 0.16015625
0 0.84140625 0.2328125 0.03203125 0.184375
0 0.8625 0.19453125 0.0296875 0.17421875
0 0.83125 0.10859375 0.028125 0.09765625
0 0.79609375 0.1484375 0.0359375 0.13828125
0 0.7609375 0.1515625 0.03359375 0.17890625
0 0.82734375 0.06953125 0.0296875 0.0859375
0 0.5375 0.821875 0.0671875 0.29140625
0 0.21171875 0.24140625 0.03515625 0.13359375
0 0.2265625 0.13828125 0.0484375 0.1671875
0 0.215625 0.05234375 0.028125 0.1046875
0 0.24140625 0.05859375 0.04140625 0.11640625
0 0.14765625 0.20078125 0.03515625 0.1578125
0 0.06796875 0.2484375 0.0375 0.153125
0 0.10625 0.25546875 0.04140625 0.18203125
0 0.09765625 0.1765625 0.03515625 0.11484375
0 0.08203125 0.14609375 0.0359375 0.13828125