0 0.60546875 0.7015625 0.0546875 0.22578125
0 0.6953125 0.8265625 0.05859375 0.2234375
0 0.26796875 0.67421875 0.0515625 0.21640625
0 0.2953125 0.56171875 0.04921875 0.228125
0 0.3546875 0.11015625 0.05078125 0.1359375
0 0.35390625 0.05 0.05390625 0.1
0 0.64921875 0.265625 0.0515625 0.13125
0 0.31796875 0.96015625 0.06640625 0.0796875
0 0.56796875 0.88203125 0.0578125 0.2359375
0 0.4640625 0.91640625 0.075 0.1671875
0 0.46640625 0.77734375 0.065625 0.24296875
0 0.396875 0.3140625 0.053125 0.19453125
0 0.46015625 0.27890625 0.053125 0.2109375
0 0.5125 0.25078125 0.040625 0.184375
0 0.54296875 0.24375 0.04921875 0.1796875
0 0.5796875 0.22421875 0.04921875 0.1796875
0 0.58359375 0.396875 0.0515625 0.20859375
0 0.60078125 0.334375 0.0453125 0.17265625
0 0.971875 0.51875 0.05546875 0.21640625
0 0.128125 0.18203125 0.0421875 0.18671875
0 0.08828125 0.17578125 0.03984375 0.15078125
0 0.0390625 0.209375 0.0421875 0.16015625
0 0.01484375 0.37734375 0.02890625 0.21875
0 0.028125 0.628125 0.05625 0.22109375
0 0.03828125 0.3625 0.04375 0.19921875
0 0.07421875 0.4234375 0.03515625 0.1796875
0 0.1078125 0.41328125 0.05078125 0.21875
0 0.08671875 0.27890625 0.04609375 0.153125
0 0.4703125 0.0671875 0.03515625 0.13359375
0 0.49921875 0.06328125 0.0421875 0.1265625
0 0.534375 0.07109375 0.04921875 0.14140625
0 0.803125 0.39453125 0.053125 0.19921875
0 0.81484375 0.24765625 0.0421875 0.17265625
0 0.77578125 0.2 0.034375 0.1796875
0 0.8703125 0.19296875 0.04609375 0.1796875
0 0.80703125 0.06015625 0.03671875 0.08984375
0 0.775 0.05859375 0.0328125 0.1171875
0 0.8375 0.075 0.040625 0.1046875
0 0.22890625 0.178125 0.0453125 0.1453125
0 0.234375 0.0875 0.04765625 0.153125
0 0.1625 0.1453125 0.03984375 0.1625