0 0.671875 0.8 0.05625 0.215625
0 0.2609375 0.653125 0.05 0.20859375
0 0.28671875 0.54453125 0.04765625 0.2203125
0 0.34453125 0.109375 0.0484375 0.13125
0 0.34296875 0.05 0.0515625 0.09921875
0 0.628125 0.25859375 0.05 0.1265625
0 0.3578125 0.25625 0.0484375 0.1734375
0 0.78984375 0.44609375 0.06328125 0.2015625
0 0.4265625 0.3796875 0.0578125 0.21796875
0 0.6109375 0.403125 0.03984375 0.19453125
0 0.5796875 0.3375 0.04375 0.22734375
0 0.57734375 0.21328125 0.04375 0.12890625
0 0.484375 0.31015625 0.03984375 0.1640625
0 0.521875 0.2984375 0.03828125 0.1828125
0 0.44453125 0.1171875 0.03828125 0.14765625
0 0.48046875 0.10546875 0.03125 0.15234375
0 0.509375 0.1140625 0.034375 0.1640625
0 0.77734375 0.31015625 0.0328125 0.178125
0 0.7953125 0.25546875 0.03828125 0.15703125
0 0.82109375 0.23203125 0.03125 0.18046875
0 0.8421875 0.19453125 0.02890625 0.17109375
0 0.81171875 0.11015625 0.02734375 0.09609375
0 0.77734375 0.14921875 0.03515625 0.1359375
0 0.74296875 0.15234375 0.0328125 0.17578125
0 0.8078125 0.071875 0.02890625 0.084375
0 0.209375 0.053125 0.028125 0.10625
0 0.23359375 0.059375 0.040625 0.11796875
0 0.09375 0.17734375 0.034375 0.1125
0 0.07890625 0.146875 0.03515625 0.1359375
0 0.53984375 0.68984375 0.05546875 0.2109375
0 0.91953125 0.38671875 0.04609375 0.19453125
0 0.578125 0.0703125 0.0375 0.140625
0 0.6109375 0.06953125 0.0375 0.1390625
0 0.1625 0.06484375 0.034375 0.1296875
0 0.546875 0.7890625 0.05625 0.26015625
0 0.4734375 0.6296875 0.059375 0.22265625
0 0.13125 0.215625 0.03515625 0.15234375
0 0.084375 0.27890625 0.0421875 0.18046875
0 0.05 0.2578125 0.03671875 0.17109375
0 0.05625 0.51953125 0.0515625 0.22265625
0 0.01953125 0.53125 0.03828125 0.21796875
0 0.021875 0.42421875 0.03828125 0.10078125
0 0.1953125 0.26328125 0.04375 0.15