0 0.70234375 0.84765625 0.06015625 0.22890625
0 0.265625 0.69296875 0.053125 0.22109375
0 0.29375 0.57734375 0.05 0.23359375
0 0.3546875 0.11484375 0.0515625 0.1390625
0 0.353125 0.05234375 0.0546875 0.1046875
0 0.65546875 0.27421875 0.053125 0.134375
0 0.31640625 0.971875 0.06796875 0.05546875
0 0.39765625 0.3234375 0.0546875 0.1984375
0 0.46171875 0.2875 0.0546875 0.21640625
0 0.515625 0.25859375 0.0421875 0.1890625
0 0.54609375 0.2515625 0.05 0.18359375
0 0.584375 0.23125 0.05 0.18359375
0 0.58828125 0.4078125 0.053125 0.2140625
0 0.60546875 0.34453125 0.04609375 0.1765625
0 0.978125 0.53359375 0.04296875 0.221875
0 0.12265625 0.18828125 0.04296875 0.19140625
0 0.08203125 0.18203125 0.040625 0.15390625
0 0.03203125 0.21640625 0.04296875 0.1640625
0 0.0109375 0.38828125 0.02109375 0.2234375
0 0.025 0.64453125 0.05 0.2265625
0 0.03125 0.3734375 0.04453125 0.20390625
0 0.0671875 0.43515625 0.0359375 0.18359375
0 0.1015625 0.42578125 0.0515625 0.2234375
0 0.0796875 0.2875 0.04765625 0.15625
0 0.47265625 0.06953125 0.0359375 0.1390625
0 0.50078125 0.06640625 0.04375 0.13203125
0 0.53828125 0.0734375 0.05 0.146875
0 0.8125 0.40546875 0.0546875 0.20390625
0 0.825 0.25546875 0.04296875 0.1765625
0 0.784375 0.20703125 0.03515625 0.18359375
0 0.88125 0.19921875 0.04765625 0.18359375
0 0.81640625 0.0640625 0.0375 0.0921875
0 0.784375 0.0609375 0.034375 0.121875
0 0.84765625 0.07890625 0.0421875 0.10703125
0 0.22578125 0.184375 0.04609375 0.14921875
0 0.23125 0.09140625 0.04921875 0.15625
0 0.15703125 0.15078125 0.040625 0.16640625
0 0.4765625 0.75703125 0.0640625 0.21640625
0 0.4796875 0.9140625 0.0671875 0.171875
0 0.57109375 0.8703125 0.05703125 0.259375
0 0.6328125 0.7109375 0.053125 0.253125