0 0.41484375 0.675 0.05625 0.2328125
0 0.3234375 0.80390625 0.06015625 0.2296875
0 0.76171875 0.64765625 0.053125 0.22265625
0 0.734375 0.53125 0.05078125 0.23515625
0 0.67265625 0.06796875 0.05234375 0.1359375
0 0.67421875 0.028125 0.0546875 0.05625
0 0.3703125 0.2265625 0.053125 0.13515625
0 0.7109375 0.95 0.06875 0.1
0 0.45390625 0.8703125 0.059375 0.259375
0 0.56015625 0.90546875 0.07734375 0.1890625
0 0.55859375 0.75390625 0.0671875 0.25
0 0.6296875 0.2765625 0.0546875 0.2
0 0.56484375 0.240625 0.0546875 0.2171875
0 0.5109375 0.21171875 0.0421875 0.18984375
0 0.4796875 0.20390625 0.05078125 0.18515625
0 0.4421875 0.184375 0.05078125 0.18515625
0 0.4375 0.36171875 0.053125 0.21484375
0 0.4203125 0.29765625 0.04609375 0.17734375
0 0.03515625 0.4875 0.06328125 0.22265625
0 0.90625 0.140625 0.04375 0.1921875
0 0.946875 0.134375 0.040625 0.1546875
0 0.9875 0.16875 0.025 0.16484375
0 0.98984375 0.6 0.0203125 0.228125
0 0.9875 0.3265625 0.025 0.2046875
0 0.96171875 0.3890625 0.03671875 0.18515625
0 0.92734375 0.37890625 0.05234375 0.225
0 0.94921875 0.240625 0.04765625 0.1578125
0 0.55390625 0.0453125 0.03671875 0.090625
0 0.525 0.0421875 0.04375 0.084375
0 0.4875 0.04921875 0.05 0.0984375
0 0.2125 0.359375 0.0546875 0.2046875
0 0.19921875 0.2078125 0.04375 0.17734375
0 0.240625 0.159375 0.03515625 0.18515625
0 0.14296875 0.1515625 0.04765625 0.18515625
0 0.2078125 0.03046875 0.03828125 0.0609375
0 0.23984375 0.03671875 0.0328125 0.0734375
0 0.17578125 0.0421875 0.0421875 0.084375
0 0.80234375 0.13671875 0.04609375 0.15
0 0.7953125 0.06015625 0.05 0.1203125
0 0.87109375 0.103125 0.040625 0.1671875