0 0.31875 0.809375 0.0578125 0.21953125
0 0.7390625 0.66015625 0.05078125 0.2125
0 0.71171875 0.54921875 0.0484375 0.225
0 0.65390625 0.1046875 0.05 0.13359375
0 0.6546875 0.04765625 0.05234375 0.09453125
0 0.3640625 0.2578125 0.05078125 0.12890625
0 0.4984375 0.24296875 0.040625 0.18203125
0 0.46875 0.2359375 0.0484375 0.1765625
0 0.4328125 0.2171875 0.0484375 0.1765625
0 0.53984375 0.0640625 0.03515625 0.128125
0 0.5125 0.0609375 0.0421875 0.12109375
0 0.4765625 0.06796875 0.0484375 0.1359375
0 0.20078125 0.23984375 0.04140625 0.16953125
0 0.23984375 0.19296875 0.03359375 0.1765625
0 0.14609375 0.1859375 0.0453125 0.1765625
0 0.20859375 0.05546875 0.0359375 0.08828125
0 0.240625 0.05625 0.03203125 0.11171875
0 0.178125 0.0703125 0.040625 0.103125
0 0.771875 0.08203125 0.046875 0.15078125
0 0.38515625 0.678125 0.05078125 0.24375
0 0.55390625 0.321875 0.046875 0.21015625
0 0.41484375 0.33046875 0.05078125 0.22734375
0 0.40703125 0.39765625 0.059375 0.22734375
0 0.19765625 0.28359375 0.0390625 0.1625
0 0.7828125 0.21796875 0.04453125 0.15078125
0 0.84609375 0.18203125 0.0390625 0.15546875
0 0.890625 0.2375 0.04296875 0.1890625
0 0.89609375 0.14375 0.0375 0.1125
0 0.928125 0.221875 0.0359375 0.1671875
0 0.63984375 0.25546875 0.05 0.1765625
0 0.52265625 0.68046875 0.06171875 0.2390625
0 0.4828125 0.84453125 0.06328125 0.2703125
0 0.45625 0.7546875 0.05546875 0.2578125
0 0.1984375 0.44921875 0.06484375 0.20546875
0 0.93046875 0.15234375 0.03359375 0.1578125
0 0.9875 0.4125 0.025 0.19609375
0 0.975 0.33046875 0.03359375 0.1125
0 0.95859375 0.36484375 0.046875 0.071875
0 0.9328125 0.47421875 0.04140625 0.2171875
0 0.97109375 0.4796875 0.05234375 0.19609375