0 0.3359375 0.80859375 0.05859375 0.2234375
0 0.76328125 0.65703125 0.0515625 0.21640625
0 0.7359375 0.54453125 0.04921875 0.228125
0 0.6765625 0.09296875 0.05078125 0.1359375
0 0.67734375 0.04140625 0.05390625 0.0828125
0 0.38203125 0.2484375 0.0515625 0.13125
0 0.6625 0.2453125 0.05078125 0.1796875
0 0.2140625 0.4421875 0.065625 0.20859375
0 0.590625 0.3734375 0.06015625 0.22578125
0 0.4 0.39765625 0.040625 0.2015625
0 0.43203125 0.3296875 0.0453125 0.23515625
0 0.434375 0.20078125 0.0453125 0.13359375
0 0.53125 0.3015625 0.040625 0.16953125
0 0.4921875 0.2890625 0.03984375 0.1890625
0 0.57265625 0.1015625 0.03984375 0.153125
0 0.53515625 0.0890625 0.0328125 0.1578125
0 0.5046875 0.09765625 0.03515625 0.16953125
0 0.2265625 0.3015625 0.034375 0.184375
0 0.2078125 0.24453125 0.03984375 0.1625
0 0.18125 0.2203125 0.0328125 0.18671875
0 0.159375 0.18125 0.0296875 0.17734375
0 0.19140625 0.09375 0.02890625 0.09921875
0 0.2265625 0.13359375 0.03671875 0.140625
0 0.2625 0.1375 0.034375 0.18203125
0 0.19453125 0.05390625 0.0296875 0.0875
0 0.8171875 0.0453125 0.028125 0.090625
0 0.790625 0.05078125 0.0421875 0.1015625
0 0.93671875 0.16328125 0.03515625 0.11640625
0 0.95234375 0.13125 0.03671875 0.140625
0 0.0796875 0.38046875 0.04765625 0.2015625
0 0.434375 0.06328125 0.0390625 0.1265625
0 0.4 0.0625 0.03984375 0.12421875
0 0.86484375 0.05703125 0.0359375 0.1140625
0 0.5421875 0.6328125 0.06171875 0.23046875
0 0.89765625 0.203125 0.03671875 0.1578125
0 0.94609375 0.26875 0.04375 0.18671875
0 0.98125 0.246875 0.0375 0.1765625
0 0.97421875 0.51875 0.0515625 0.23125
0 0.9953125 0.41875 0.00859375 0.10390625
0 0.83046875 0.253125 0.0453125 0.15546875
0 0.45703125 0.77734375 0.05703125 0.25703125
0 0.46875 0.66640625 0.053125 0.196875
0 0.82421875 0.109375 0.03515625 0.12109375