0 0.60078125 0.690625 0.059375 0.24609375
0 0.6984375 0.8265625 0.0640625 0.24296875
0 0.234375 0.66171875 0.05625 0.23515625
0 0.2640625 0.53828125 0.053125 0.2484375
0 0.32890625 0.06015625 0.05546875 0.1203125
0 0.32734375 0.01796875 0.0578125 0.0359375
0 0.6484375 0.21640625 0.05625 0.14296875
0 0.2890625 0.9640625 0.071875 0.071875
0 0.559375 0.8796875 0.0625 0.23984375
0 0.44765625 0.9171875 0.08125 0.165625
0 0.44921875 0.7734375 0.07109375 0.2640625
0 0.37421875 0.26875 0.0578125 0.21171875
0 0.44296875 0.23046875 0.0578125 0.2296875
0 0.5 0.2 0.04453125 0.20078125
0 0.5328125 0.1921875 0.053125 0.1953125
0 0.57265625 0.17109375 0.053125 0.1953125
0 0.57734375 0.35859375 0.05625 0.22734375
0 0.59609375 0.29140625 0.04921875 0.1875
0 0.984375 0.4921875 0.03125 0.2359375
0 0.08203125 0.125 0.04609375 0.203125
0 0.0390625 0.11875 0.04296875 0.1640625
0 0.0234375 0.38828125 0.03828125 0.1953125
0 0.06015625 0.37734375 0.0546875 0.2375
0 0.03671875 0.23046875 0.05078125 0.16640625
0 0.45390625 0.03671875 0.03828125 0.07265625
0 0.484375 0.0328125 0.04609375 0.065625
0 0.5234375 0.040625 0.053125 0.08125
0 0.815625 0.35625 0.0578125 0.21640625
0 0.82890625 0.19609375 0.04609375 0.1875
0 0.7859375 0.14453125 0.0375 0.1953125
0 0.8890625 0.13671875 0.05078125 0.1953125
0 0.8203125 0.0203125 0.040625 0.040625
0 0.78515625 0.02734375 0.0359375 0.0546875
0 0.85390625 0.0328125 0.04453125 0.065625
0 0.1921875 0.12109375 0.04921875 0.15859375
0 0.19765625 0.05234375 0.0515625 0.1046875
0 0.11953125 0.08671875 0.04296875 0.1734375