0 0.72734375 0.825 0.0609375 0.2328125
0 0.2828125 0.66640625 0.05390625 0.225
0 0.31171875 0.54921875 0.0515625 0.2375
0 0.3734375 0.078125 0.05234375 0.14140625
0 0.37265625 0.03359375 0.0546875 0.0671875
0 0.6796875 0.240625 0.05390625 0.13671875
0 0.5375 0.225 0.04296875 0.1921875
0 0.56875 0.21796875 0.0515625 0.1875
0 0.60703125 0.19765625 0.0515625 0.1875
0 0.49375 0.0515625 0.03671875 0.103125
0 0.52265625 0.0484375 0.04453125 0.09609375
0 0.56015625 0.05546875 0.0515625 0.1109375
0 0.85234375 0.22109375 0.04375 0.1796875
0 0.8109375 0.171875 0.0359375 0.1875
0 0.91015625 0.16484375 0.0484375 0.1875
0 0.84453125 0.03671875 0.0390625 0.07265625
0 0.8109375 0.04296875 0.034375 0.0859375
0 0.8765625 0.0484375 0.04296875 0.09609375
0 0.2484375 0.0671875 0.04921875 0.13359375
0 0.65703125 0.6859375 0.05390625 0.2578125
0 0.47890625 0.30859375 0.05 0.22265625
0 0.62578125 0.3171875 0.05390625 0.240625
0 0.634375 0.38828125 0.0625 0.240625
0 0.85546875 0.26796875 0.04140625 0.171875
0 0.23671875 0.1984375 0.046875 0.159375
0 0.1703125 0.1609375 0.04140625 0.16484375
0 0.12265625 0.21875 0.0453125 0.2
0 0.11640625 0.1203125 0.03984375 0.11875
0 0.0828125 0.20234375 0.03828125 0.17734375
0 0.3875 0.2375 0.05234375 0.1875
0 0.51171875 0.68828125 0.065625 0.253125
0 0.55390625 0.859375 0.0671875 0.28125
0 0.58203125 0.76640625 0.05859375 0.2734375
0 0.8546875 0.44296875 0.06796875 0.21796875
0 0.08046875 0.12890625 0.0359375 0.1671875
0 0.01640625 0.4046875 0.0328125 0.2078125
0 0.03359375 0.3171875 0.0359375 0.11875
0 0.05078125 0.35390625 0.05 0.07578125
0 0.07734375 0.46953125 0.04375 0.23046875
0 0.0375 0.47578125 0.05546875 0.2078125