0 0.6703125 0.7953125 0.05625 0.2140625
0 0.2609375 0.65 0.05 0.20703125
0 0.2875 0.54140625 0.046875 0.21875
0 0.34375 0.10859375 0.0484375 0.13046875
0 0.34296875 0.04921875 0.0515625 0.0984375
0 0.6265625 0.2578125 0.05 0.12578125
0 0.4953125 0.24375 0.0390625 0.1765625
0 0.52421875 0.23671875 0.046875 0.171875
0 0.559375 0.21796875 0.046875 0.171875
0 0.4546875 0.065625 0.034375 0.13125
0 0.48203125 0.0625 0.040625 0.125
0 0.51640625 0.06953125 0.046875 0.1390625
0 0.7734375 0.38046875 0.05078125 0.190625
0 0.78515625 0.23984375 0.040625 0.165625
0 0.746875 0.19453125 0.0328125 0.171875
0 0.83828125 0.1875 0.04453125 0.171875
0 0.77734375 0.0609375 0.03515625 0.0859375
0 0.746875 0.0578125 0.03125 0.115625
0 0.80703125 0.075 0.0390625 0.1
0 0.22890625 0.08671875 0.04609375 0.146875
0 0.60546875 0.6671875 0.05 0.2375
0 0.440625 0.3203125 0.04609375 0.2046875
0 0.48515625 0.86015625 0.065625 0.2796875
0 0.465625 0.70546875 0.05625 0.24921875
0 0.5765625 0.328125 0.05 0.22109375
0 0.584375 0.39375 0.0578125 0.22109375
0 0.7875 0.2828125 0.03828125 0.15859375
0 0.21875 0.21875 0.04296875 0.146875
0 0.15703125 0.184375 0.03828125 0.1515625
0 0.11328125 0.2375 0.0421875 0.18359375
0 0.1078125 0.146875 0.03671875 0.109375
0 0.07734375 0.22265625 0.03515625 0.16328125
0 0.0609375 0.1828125 0.034375 0.16796875
0 0.08125 0.44921875 0.03828125 0.20703125
0 0.04375 0.46015625 0.0421875 0.18125
0 0.0203125 0.40859375 0.040625 0.1984375
0 0.04140625 0.3234375 0.0390625 0.1328125
0 0.5421875 0.75546875 0.05234375 0.2234375
0 0.35703125 0.25546875 0.0484375 0.171875