0 0.28125 0.83125 0.06171875 0.234375
0 0.728125 0.671875 0.0546875 0.2265625
0 0.69921875 0.553125 0.0515625 0.2390625
0 0.6375 0.0796875 0.053125 0.1421875
0 0.6375 0.034375 0.05625 0.06875
0 0.32890625 0.24296875 0.0546875 0.1375
0 0.3515625 0.690625 0.0546875 0.259375
0 0.62265625 0.240625 0.053125 0.18828125
0 0.49765625 0.69375 0.065625 0.2546875
0 0.4265625 0.77265625 0.05859375 0.275
0 0.153125 0.446875 0.06875 0.21875
0 0.98984375 0.4078125 0.0203125 0.20859375
0 0.97890625 0.3203125 0.0359375 0.11953125
0 0.96171875 0.3578125 0.05 0.0765625
0 0.934375 0.4734375 0.04453125 0.23203125
0 0.9734375 0.47890625 0.053125 0.20859375
0 0.54765625 0.37421875 0.06328125 0.23671875
0 0.34765625 0.39921875 0.04296875 0.2109375
0 0.38125 0.328125 0.046875 0.246875
0 0.384375 0.19296875 0.046875 0.13984375
0 0.48515625 0.29921875 0.04296875 0.178125
0 0.44375 0.2859375 0.04140625 0.1984375
0 0.528125 0.0890625 0.04140625 0.16015625
0 0.4890625 0.0796875 0.034375 0.15859375
0 0.45625 0.08671875 0.0375 0.1734375
0 0.16640625 0.29921875 0.0359375 0.19375
0 0.146875 0.2390625 0.04140625 0.1703125
0 0.11875 0.21328125 0.034375 0.19609375
0 0.09609375 0.17265625 0.03125 0.1859375
0 0.1296875 0.08125 0.0296875 0.1046875
0 0.16640625 0.1234375 0.03828125 0.14765625
0 0.20390625 0.12734375 0.0359375 0.190625
0 0.1328125 0.0421875 0.03125 0.084375
0 0.4421875 0.84140625 0.071875 0.3109375
0 0.78828125 0.22265625 0.0375 0.1421875
0 0.77265625 0.11328125 0.0515625 0.178125
0 0.784375 0.0390625 0.0296875 0.07734375
0 0.75625 0.04453125 0.04375 0.0890625
0 0.85703125 0.17890625 0.0375 0.16796875
0 0.94140625 0.23046875 0.03984375 0.16328125
0 0.9 0.2375 0.04453125 0.19375
0 0.909375 0.15390625 0.0375 0.121875
0 0.92578125 0.1203125 0.03828125 0.14765625