0 0.659375 0.06171875 0.04375 0.1171875
0 0.66015625 0.03046875 0.0421875 0.0609375
0 0.7203125 0.5234375 0.05078125 0.225
0 0.74765625 0.64453125 0.05625 0.246875
0 0.31875 0.80078125 0.05390625 0.22734375
0 0.4453125 0.334375 0.05625 0.20234375
0 0.4109375 0.30703125 0.04296875 0.2078125
0 0.415625 0.1546875 0.05234375 0.165625
0 0.36171875 0.2265625 0.03671875 0.1046875
0 0.39921875 0.65390625 0.05234375 0.24140625
0 0.196875 0.30234375 0.0484375 0.19765625
0 0.21953125 0.19140625 0.03828125 0.18046875
0 0.23125 0.1453125 0.02890625 0.1609375
0 0.15703125 0.19296875 0.03671875 0.178125
0 0.128125 0.1625 0.03125 0.18046875
0 0.1578125 0.103125 0.0359375 0.14140625
0 0.203125 0.11796875 0.0359375 0.1609375
0 0.24765625 0.04296875 0.03984375 0.0859375
0 0.21796875 0.025 0.0359375 0.05
0 0.18359375 0.03203125 0.04375 0.0640625
0 0.76171875 0.028125 0.03046875 0.05625
0 0.95859375 0.5296875 0.0546875 0.23671875
0 0.9796875 0.50234375 0.03984375 0.246875
0 0.88671875 0.3390625 0.04296875 0.20234375
0 0.91953125 0.3328125 0.03984375 0.190625
0 0.9171875 0.25 0.03046875 0.1078125
0 0.94765625 0.27421875 0.0328125 0.190625
0 0.9796875 0.3 0.03125 0.19296875
0 0.88125 0.103125 0.03671875 0.1515625
0 0.49296875 0.17578125 0.04375 0.15859375
0 0.4578125 0.1671875 0.03984375 0.17578125
0 0.67109375 0.9140625 0.0765625 0.171875
0 0.5578125 0.19375 0.0484375 0.21015625
0 0.28359375 0.03203125 0.03046875 0.0640625
0 0.84453125 0.065625 0.0328125 0.1296875
0 0.03828125 0.52109375 0.046875 0.234375
0 0.4546875 0.8765625 0.0703125 0.246875
0 0.60859375 0.278125 0.046875 0.20234375
0 0.78125 0.12421875 0.04375 0.15390625
0 0.5546875 0.909375 0.07421875 0.18125
0 0.55546875 0.75390625 0.0671875 0.23671875
0 0.915625 0.21953125 0.046875 0.1390625
0 0.98203125 0.18359375 0.0359375 0.146875