0 0.6703125 0.83515625 0.0609375 0.2328125
0 0.22578125 0.6765625 0.05390625 0.225
0 0.25390625 0.559375 0.0515625 0.2375
0 0.315625 0.08828125 0.05234375 0.14140625
0 0.31484375 0.0390625 0.05546875 0.078125
0 0.62265625 0.25078125 0.05390625 0.13671875
0 0.48046875 0.23515625 0.04296875 0.1921875
0 0.51171875 0.22734375 0.0515625 0.1875
0 0.55 0.2078125 0.0515625 0.1875
0 0.55390625 0.3875 0.05390625 0.21796875
0 0.571875 0.32265625 0.046875 0.1796875
0 0.96171875 0.51484375 0.0640625 0.225
0 0.0046875 0.1921875 0.009375 0.1671875
0 0.4359375 0.05703125 0.03671875 0.11328125
0 0.465625 0.053125 0.04453125 0.10625
0 0.503125 0.0609375 0.0515625 0.12109375
0 0.78203125 0.384375 0.05546875 0.2078125
0 0.7953125 0.23125 0.04375 0.1796875
0 0.75390625 0.18203125 0.0359375 0.1875
0 0.85234375 0.17421875 0.0484375 0.1875
0 0.78671875 0.04140625 0.0390625 0.0828125
0 0.753125 0.0484375 0.034375 0.09609375
0 0.81875 0.053125 0.04296875 0.10625
0 0.18515625 0.159375 0.046875 0.1515625
0 0.190625 0.071875 0.04921875 0.14375
0 0.115625 0.125 0.04140625 0.16953125
0 0.440625 0.74296875 0.065625 0.2203125
0 0.59921875 0.69609375 0.05390625 0.2578125
0 0.4640625 0.88984375 0.071875 0.2203125
0 0.52890625 0.8328125 0.0640625 0.26328125
0 0.340625 0.27578125 0.05390625 0.1875
0 0.03125 0.2046875 0.0328125 0.20234375
0 0.065625 0.21015625 0.05 0.19765625
0 0.06484375 0.13515625 0.04296875 0.16484375
0 0.0453125 0.44375 0.05 0.225
0 0.0125 0.4453125 0.025 0.19375
0 0.01640625 0.37578125 0.0328125 0.15390625
0 0.0125 0.30390625 0.025 0.13125
0 0.42109375 0.31875 0.05 0.22265625