0 0.2953125 0.82578125 0.0609375 0.23125
0 0.73671875 0.66875 0.05390625 0.22421875
0 0.7078125 0.5515625 0.05078125 0.23671875
0 0.646875 0.084375 0.05234375 0.140625
0 0.64765625 0.03671875 0.05546875 0.0734375
0 0.3421875 0.2453125 0.05390625 0.1359375
0 0.684375 0.96171875 0.06875 0.0765625
0 0.603125 0.2953125 0.05546875 0.2015625
0 0.53828125 0.25859375 0.05546875 0.21875
0 0.48359375 0.2296875 0.0421875 0.19140625
0 0.45234375 0.22265625 0.05078125 0.1859375
0 0.4140625 0.20234375 0.05078125 0.1859375
0 0.41015625 0.38046875 0.05390625 0.21640625
0 0.3921875 0.31640625 0.046875 0.17890625
0 0.01875 0.5078125 0.0375 0.22421875
0 0.88125 0.1578125 0.04375 0.19375
0 0.921875 0.1515625 0.040625 0.15625
0 0.97265625 0.1875 0.04375 0.165625
0 0.99140625 0.36015625 0.0171875 0.2265625
0 0.97734375 0.62109375 0.04453125 0.2296875
0 0.9734375 0.3453125 0.0453125 0.20625
0 0.93671875 0.40859375 0.03671875 0.1859375
0 0.90234375 0.3984375 0.05234375 0.2265625
0 0.92421875 0.25859375 0.04765625 0.15859375
0 0.52734375 0.0546875 0.03671875 0.10859375
0 0.4984375 0.05078125 0.04375 0.1015625
0 0.4609375 0.05859375 0.05078125 0.11640625
0 0.18359375 0.378125 0.05546875 0.20625
0 0.17109375 0.22578125 0.04375 0.17890625
0 0.21171875 0.17734375 0.03515625 0.1859375
0 0.11328125 0.16953125 0.04765625 0.1859375
0 0.17890625 0.0390625 0.03828125 0.078125
0 0.2125 0.04609375 0.03359375 0.09140625
0 0.146875 0.05078125 0.0421875 0.1015625
0 0.7765625 0.1546875 0.046875 0.15078125
0 0.77109375 0.06953125 0.04921875 0.1390625
0 0.84609375 0.1203125 0.040625 0.16875
0 0.5234375 0.734375 0.06484375 0.21875
0 0.51953125 0.90234375 0.0671875 0.1953125
0 0.428125 0.85234375 0.0578125 0.26875
0 0.36484375 0.6875 0.05390625 0.25625