0 0.2375 0.8 0.0640625 0.24453125
0 0.7046875 0.63359375 0.05703125 0.23671875
0 0.675 0.51015625 0.05390625 0.25
0 0.609375 0.04453125 0.05546875 0.0890625
0 0.2875 0.1859375 0.05703125 0.14375
0 0.4375 0.16953125 0.04453125 0.20234375
0 0.4046875 0.16171875 0.05390625 0.196875
0 0.3640625 0.140625 0.05390625 0.196875
0 0.359375 0.32890625 0.05703125 0.22890625
0 0.340625 0.26171875 0.04921875 0.1890625
0 0.95546875 0.12421875 0.04609375 0.17578125
0 0.48359375 0.02109375 0.0390625 0.04140625
0 0.453125 0.0171875 0.046875 0.034375
0 0.41328125 0.025 0.05390625 0.05
0 0.11953125 0.3265625 0.05859375 0.21796875
0 0.10625 0.165625 0.04609375 0.1890625
0 0.14921875 0.1140625 0.0375 0.196875
0 0.0453125 0.10546875 0.05078125 0.196875
0 0.08125 0.0171875 0.04453125 0.034375
0 0.74765625 0.08984375 0.04921875 0.159375
0 0.74140625 0.03671875 0.05234375 0.0734375
0 0.8203125 0.07109375 0.04296875 0.1421875
0 0.47890625 0.703125 0.06875 0.23125
0 0.31171875 0.65390625 0.05703125 0.27109375
0 0.453125 0.8703125 0.075 0.259375
0 0.3859375 0.79765625 0.0671875 0.2765625
0 0.58359375 0.2125 0.05703125 0.196875
0 0.90859375 0.1375 0.034375 0.2125
0 0.8734375 0.14296875 0.05234375 0.2078125
0 0.8734375 0.07578125 0.04453125 0.15078125
0 0.89375 0.3890625 0.05234375 0.23671875
0 0.94140625 0.39140625 0.04765625 0.2046875
0 0.93046875 0.3171875 0.04453125 0.1625
0 0.93828125 0.24140625 0.04453125 0.13828125
0 0.97734375 0.33828125 0.04453125 0.23125
0 0.49921875 0.2578125 0.05234375 0.234375