0 0.3296875 0.8 0.05703125 0.21640625
0 0.74296875 0.653125 0.05 0.209375
0 0.71640625 0.54375 0.04765625 0.22109375
0 0.659375 0.10625 0.04921875 0.13203125
0 0.66015625 0.04765625 0.0515625 0.0953125
0 0.37421875 0.25625 0.05 0.12734375
0 0.50625 0.2421875 0.03984375 0.17890625
0 0.47734375 0.23515625 0.04765625 0.17421875
0 0.44140625 0.21640625 0.04765625 0.17421875
0 0.4375 0.38359375 0.05 0.20234375
0 0.42109375 0.3234375 0.04375 0.1671875
0 0.05859375 0.50234375 0.059375 0.209375
0 0.96484375 0.20234375 0.040625 0.15546875
0 0.54765625 0.06484375 0.034375 0.12890625
0 0.51953125 0.0609375 0.0421875 0.121875
0 0.484375 0.06796875 0.046875 0.1359375
0 0.225 0.38125 0.0515625 0.19296875
0 0.21328125 0.2390625 0.040625 0.1671875
0 0.2515625 0.19296875 0.0328125 0.17421875
0 0.16015625 0.1859375 0.0453125 0.17421875
0 0.22109375 0.0578125 0.0359375 0.08671875
0 0.2515625 0.05625 0.03125 0.1125
0 0.19140625 0.071875 0.03984375 0.1015625
0 0.78046875 0.171875 0.04375 0.14140625
0 0.77578125 0.08359375 0.04609375 0.1484375
0 0.8453125 0.13984375 0.03828125 0.1578125
0 0.3953125 0.67109375 0.05 0.23984375
0 0.4609375 0.79765625 0.059375 0.24453125
0 0.6359375 0.28046875 0.05 0.17421875
0 0.9234375 0.2140625 0.03046875 0.18828125
0 0.8921875 0.21875 0.04609375 0.18359375
0 0.89296875 0.14921875 0.03984375 0.153125
0 0.91015625 0.43671875 0.04609375 0.209375
0 0.95234375 0.4390625 0.0421875 0.18125
0 0.94296875 0.3734375 0.03984375 0.14375
0 0.94921875 0.30625 0.03984375 0.12265625
0 0.98203125 0.39140625 0.0359375 0.20546875
0 0.5609375 0.3203125 0.04609375 0.20703125
0 0.51640625 0.8625 0.06640625 0.275
0 0.5359375 0.709375 0.05703125 0.2515625