0 0.6453125 0.82109375 0.06328125 0.24140625
0 0.18359375 0.65703125 0.05625 0.23359375
0 0.21328125 0.53515625 0.053125 0.246875
0 0.278125 0.06015625 0.0546875 0.11953125
0 0.2765625 0.01796875 0.0578125 0.0359375
0 0.5953125 0.21484375 0.05625 0.1421875
0 0.4484375 0.19921875 0.04453125 0.19921875
0 0.48046875 0.19140625 0.053125 0.19453125
0 0.5203125 0.1703125 0.053125 0.19453125
0 0.525 0.35625 0.05625 0.22578125
0 0.54296875 0.28984375 0.0484375 0.18671875
0 0.94765625 0.4890625 0.06640625 0.23359375
0 0.403125 0.0359375 0.0375 0.071875
0 0.4328125 0.0328125 0.04609375 0.06484375
0 0.471875 0.040625 0.053125 0.08125
0 0.76171875 0.35390625 0.0578125 0.215625
0 0.775 0.1953125 0.04609375 0.18671875
0 0.73203125 0.14375 0.03671875 0.19453125
0 0.834375 0.1359375 0.05 0.19453125
0 0.76640625 0.0203125 0.03984375 0.040625
0 0.73125 0.02734375 0.03515625 0.0546875
0 0.79921875 0.0328125 0.04453125 0.06484375
0 0.1421875 0.1203125 0.0484375 0.1578125
0 0.14765625 0.05234375 0.0515625 0.10390625
0 0.06953125 0.0859375 0.0421875 0.171875
0 0.40703125 0.72578125 0.06796875 0.228125
0 0.571875 0.67734375 0.05625 0.26796875
0 0.43125 0.88125 0.075 0.2375
0 0.49921875 0.81875 0.06640625 0.2734375
0 0.303125 0.24140625 0.05625 0.19453125
0 0.021875 0.17265625 0.04375 0.2046875
0 0.0203125 0.09453125 0.040625 0.1703125
0 0.01171875 0.415625 0.02265625 0.234375
0 0.38671875 0.2859375 0.0515625 0.23125