0 0.6828125 0.79921875 0.0578125 0.21953125
0 0.26328125 0.65 0.05078125 0.2125
0 0.28984375 0.5390625 0.0484375 0.225
0 0.3484375 0.09453125 0.05 0.13359375
0 0.34765625 0.0421875 0.05234375 0.084375
0 0.63828125 0.246875 0.05078125 0.12890625
0 0.61640625 0.66796875 0.05078125 0.24375
0 0.36171875 0.24453125 0.05 0.1765625
0 0.4796875 0.6703125 0.06171875 0.2390625
0 0.54609375 0.74453125 0.05546875 0.2578125
0 0.803125 0.43828125 0.06484375 0.20546875
0 0.01328125 0.40234375 0.0265625 0.19609375
0 0.02734375 0.3203125 0.03359375 0.1125
0 0.04375 0.3546875 0.046875 0.071875
0 0.06875 0.46328125 0.04140625 0.2171875
0 0.03125 0.46953125 0.05234375 0.19609375
0 0.4328125 0.3703125 0.059375 0.22265625
0 0.6203125 0.39375 0.040625 0.1984375
0 0.5890625 0.32734375 0.04453125 0.23203125
0 0.58671875 0.20078125 0.04453125 0.13125
0 0.49140625 0.3 0.040625 0.1671875
0 0.5296875 0.2875 0.0390625 0.18671875
0 0.45078125 0.10234375 0.0390625 0.15078125
0 0.4875 0.090625 0.03203125 0.15546875
0 0.5171875 0.09921875 0.03515625 0.1671875
0 0.790625 0.3 0.03359375 0.18203125
0 0.809375 0.24375 0.0390625 0.16015625
0 0.8359375 0.21953125 0.03203125 0.184375
0 0.85703125 0.18125 0.0296875 0.17421875
0 0.82578125 0.0953125 0.028125 0.09765625
0 0.790625 0.13515625 0.0359375 0.13828125
0 0.75546875 0.13828125 0.03359375 0.17890625
0 0.82265625 0.05625 0.0296875 0.0859375
0 0.53203125 0.80859375 0.0671875 0.29140625
0 0.20703125 0.228125 0.03515625 0.13359375
0 0.221875 0.125 0.0484375 0.1671875
0 0.21015625 0.04609375 0.028125 0.09140625
0 0.2359375 0.0515625 0.04140625 0.103125
0 0.1421875 0.1875 0.03515625 0.1578125
0 0.06328125 0.23515625 0.0375 0.153125
0 0.1015625 0.2421875 0.04140625 0.18203125
0 0.0921875 0.16328125 0.03515625 0.11484375
0 0.07734375 0.13203125 0.0359375 0.13828125