0 0.3078125 0.7890625 0.0578125 0.21953125
0 0.728125 0.6390625 0.05078125 0.2125
0 0.7015625 0.528125 0.0484375 0.225
0 0.64296875 0.08359375 0.05 0.13359375
0 0.64375 0.03671875 0.05234375 0.0734375
0 0.353125 0.23671875 0.05078125 0.12890625
0 0.375 0.65703125 0.05078125 0.24375
0 0.6296875 0.234375 0.05 0.1765625
0 0.18828125 0.428125 0.06484375 0.20546875
0 0.98203125 0.39140625 0.03515625 0.19609375
0 0.9640625 0.309375 0.03359375 0.1125
0 0.94765625 0.34453125 0.046875 0.071875
0 0.92265625 0.453125 0.04140625 0.2171875
0 0.96015625 0.45859375 0.05234375 0.19609375
0 0.55859375 0.359375 0.059375 0.22265625
0 0.3703125 0.38359375 0.040625 0.1984375
0 0.40234375 0.31640625 0.04453125 0.23203125
0 0.4046875 0.18984375 0.04453125 0.13125
0 0.5 0.2890625 0.040625 0.1671875
0 0.46171875 0.27734375 0.0390625 0.18671875
0 0.540625 0.0921875 0.0390625 0.15078125
0 0.50390625 0.0796875 0.03203125 0.15546875
0 0.47421875 0.08828125 0.03515625 0.1671875
0 0.20078125 0.2890625 0.03359375 0.18203125
0 0.18203125 0.2328125 0.0390625 0.16015625
0 0.15546875 0.209375 0.03203125 0.184375
0 0.134375 0.17109375 0.0296875 0.17421875
0 0.165625 0.08515625 0.028125 0.09765625
0 0.20078125 0.12421875 0.0359375 0.13828125
0 0.2359375 0.128125 0.03359375 0.17890625
0 0.16875 0.0453125 0.0296875 0.0859375
0 0.459375 0.7984375 0.0671875 0.29140625
0 0.784375 0.2171875 0.03515625 0.13359375
0 0.76953125 0.11484375 0.0484375 0.1671875
0 0.78125 0.040625 0.028125 0.08125
0 0.7546875 0.04609375 0.040625 0.0921875
0 0.84921875 0.1765625 0.03515625 0.1578125
0 0.928125 0.225 0.0375 0.153125
0 0.88984375 0.23203125 0.04140625 0.18203125
0 0.89921875 0.153125 0.03515625 0.11484375
0 0.9140625 0.121875 0.0359375 0.13828125
0 0.44296875 0.6765625 0.05625 0.21484375
0 0.509375 0.63671875 0.06484375 0.23671875
0 0.05546875 0.3671875 0.046875 0.1984375