0 0.33984375 0.83828125 0.0625 0.23671875
0 0.7921875 0.67734375 0.0546875 0.22890625
0 0.76328125 0.5578125 0.05234375 0.24140625
0 0.7 0.0796875 0.05390625 0.14375
0 0.7015625 0.034375 0.05703125 0.06875
0 0.38828125 0.24453125 0.0546875 0.1390625
0 0.5328125 0.22890625 0.04375 0.1953125
0 0.50078125 0.22109375 0.05234375 0.190625
0 0.46171875 0.20078125 0.05234375 0.190625
0 0.4578125 0.38359375 0.0546875 0.22109375
0 0.43984375 0.31796875 0.04765625 0.1828125
0 0.04296875 0.51328125 0.06484375 0.22890625
0 0.578125 0.05234375 0.0375 0.1046875
0 0.54765625 0.04921875 0.0453125 0.09765625
0 0.509375 0.05625 0.053125 0.1125
0 0.22578125 0.38046875 0.05625 0.2109375
0 0.2125 0.225 0.04453125 0.1828125
0 0.2546875 0.175 0.0359375 0.190625
0 0.15390625 0.1671875 0.04921875 0.190625
0 0.22109375 0.03671875 0.0390625 0.0734375
0 0.25546875 0.04375 0.034375 0.0875
0 0.18828125 0.04921875 0.04375 0.09765625
0 0.8328125 0.1515625 0.04765625 0.1546875
0 0.82734375 0.06796875 0.05 0.1359375
0 0.90390625 0.1171875 0.0421875 0.17265625
0 0.41171875 0.696875 0.0546875 0.2625
0 0.4828125 0.8359375 0.06484375 0.2671875
0 0.675 0.2703125 0.0546875 0.190625
0 0.9859375 0.196875 0.028125 0.20625
0 0.9546875 0.203125 0.05078125 0.20078125
0 0.95546875 0.12734375 0.04375 0.1671875
0 0.975 0.440625 0.05 0.2296875
0 0.99375 0.3703125 0.0125 0.15625
0 0.59296875 0.3140625 0.05078125 0.2265625
0 0.54453125 0.878125 0.07265625 0.24375
0 0.565625 0.73984375 0.0625 0.275