0 0.5953125 0.68359375 0.053125 0.22109375
0 0.6828125 0.80625 0.0578125 0.21875
0 0.26484375 0.6578125 0.05078125 0.21171875
0 0.29140625 0.546875 0.0484375 0.2234375
0 0.35 0.1046875 0.04921875 0.1328125
0 0.3484375 0.04765625 0.05234375 0.0953125
0 0.63828125 0.25703125 0.05078125 0.128125
0 0.3140625 0.94921875 0.065625 0.1015625
0 0.5578125 0.87265625 0.05625 0.2546875
0 0.45703125 0.90625 0.0734375 0.1875
0 0.45859375 0.75859375 0.0640625 0.2375
0 0.39140625 0.3046875 0.05234375 0.18984375
0 0.453125 0.2703125 0.05234375 0.20703125
0 0.50390625 0.24296875 0.03984375 0.18046875
0 0.53359375 0.2359375 0.0484375 0.17578125
0 0.56953125 0.21640625 0.0484375 0.17578125
0 0.5734375 0.38515625 0.05078125 0.2046875
0 0.590625 0.325 0.04375 0.16875
0 0.95703125 0.50546875 0.06015625 0.21171875
0 0.128125 0.175 0.04140625 0.1828125
0 0.0890625 0.16953125 0.0390625 0.14765625
0 0.04140625 0.20234375 0.04140625 0.15703125
0 0.015625 0.36640625 0.03125 0.2140625
0 0.02890625 0.6125 0.0578125 0.21640625
0 0.040625 0.35234375 0.04296875 0.19453125
0 0.075 0.41171875 0.034375 0.17578125
0 0.1078125 0.40234375 0.04921875 0.2140625
0 0.0875 0.2703125 0.0453125 0.15
0 0.4625 0.0640625 0.034375 0.128125
0 0.490625 0.0609375 0.04140625 0.121875
0 0.52578125 0.06796875 0.0484375 0.1359375
0 0.78828125 0.3828125 0.05234375 0.19453125
0 0.80078125 0.2390625 0.04140625 0.16875
0 0.76171875 0.19296875 0.03359375 0.17578125
0 0.8546875 0.1859375 0.0453125 0.17578125
0 0.7921875 0.05625 0.0359375 0.08828125
0 0.7609375 0.05625 0.03203125 0.1125
0 0.82265625 0.0703125 0.03984375 0.10234375
0 0.2265625 0.171875 0.04375 0.14296875
0 0.23203125 0.0828125 0.046875 0.15
0 0.16171875 0.13984375 0.0390625 0.159375