0 0.6890625 0.7953125 0.059375 0.22734375
0 0.2546875 0.64140625 0.053125 0.21953125
0 0.2828125 0.5265625 0.05 0.23203125
0 0.34296875 0.06796875 0.0515625 0.13515625
0 0.34140625 0.028125 0.0546875 0.05625
0 0.6421875 0.225 0.053125 0.13359375
0 0.6203125 0.659375 0.053125 0.25234375
0 0.35703125 0.22265625 0.0515625 0.1828125
0 0.478125 0.66171875 0.0640625 0.246875
0 0.546875 0.73828125 0.05703125 0.2671875
0 0.81328125 0.42265625 0.06640625 0.2125
0 0.00546875 0.38515625 0.0109375 0.20234375
0 0.0140625 0.3 0.028125 0.115625
0 0.02734375 0.3359375 0.0484375 0.07421875
0 0.05390625 0.4484375 0.04296875 0.225
0 0.02109375 0.45390625 0.0421875 0.20234375
0 0.4296875 0.35234375 0.0609375 0.2296875
0 0.62421875 0.3765625 0.04140625 0.2046875
0 0.59140625 0.3078125 0.04609375 0.23984375
0 0.5890625 0.1765625 0.04609375 0.1359375
0 0.490625 0.27890625 0.04140625 0.17265625
0 0.53046875 0.2671875 0.040625 0.19296875
0 0.4484375 0.0765625 0.040625 0.153125
0 0.48671875 0.071875 0.03359375 0.14296875
0 0.5171875 0.07890625 0.0359375 0.1578125
0 0.8 0.27890625 0.034375 0.1875
0 0.81953125 0.22109375 0.040625 0.165625
0 0.84609375 0.19609375 0.03359375 0.18984375
0 0.86875 0.15703125 0.03046875 0.18046875
0 0.8359375 0.06796875 0.02890625 0.1015625
0 0.8 0.10859375 0.0375 0.14296875
0 0.7640625 0.1125 0.034375 0.18515625
0 0.8328125 0.0359375 0.03046875 0.07109375
0 0.5328125 0.80546875 0.06953125 0.3015625
0 0.19609375 0.2046875 0.0359375 0.13828125
0 0.21171875 0.0984375 0.05 0.17265625
0 0.2 0.03203125 0.02890625 0.0640625
0 0.2265625 0.03828125 0.04296875 0.07578125
0 0.1296875 0.16328125 0.0359375 0.16328125
0 0.04765625 0.2125 0.0390625 0.1578125
0 0.0875 0.21953125 0.04296875 0.1875
0 0.078125 0.13828125 0.0359375 0.11875
0 0.0625 0.10625 0.0375 0.14296875