0 0.3140625 0.84140625 0.06328125 0.24140625
0 0.775 0.67734375 0.05625 0.23359375
0 0.74609375 0.55546875 0.053125 0.246875
0 0.68046875 0.06953125 0.0546875 0.1390625
0 0.6828125 0.028125 0.0578125 0.05546875
0 0.36328125 0.23515625 0.05625 0.1421875
0 0.7203125 0.97109375 0.071875 0.0578125
0 0.6359375 0.2875 0.0578125 0.21015625
0 0.56796875 0.24921875 0.0578125 0.228125
0 0.5109375 0.21875 0.04453125 0.19921875
0 0.47890625 0.2109375 0.053125 0.19453125
0 0.4390625 0.18984375 0.053125 0.19453125
0 0.434375 0.3765625 0.05625 0.22578125
0 0.41640625 0.309375 0.0484375 0.18671875
0 0.02265625 0.50859375 0.04453125 0.234375
0 0.9265625 0.14453125 0.04609375 0.20234375
0 0.96953125 0.1375 0.04296875 0.1625
0 0.9828125 0.4046875 0.034375 0.19453125
0 0.9484375 0.3953125 0.0546875 0.23671875
0 0.971875 0.24921875 0.05 0.165625
0 0.55703125 0.04609375 0.03828125 0.0921875
0 0.52578125 0.0421875 0.0453125 0.084375
0 0.4875 0.05078125 0.053125 0.10078125
0 0.19765625 0.37421875 0.0578125 0.215625
0 0.184375 0.21484375 0.04609375 0.18671875
0 0.22734375 0.1640625 0.03671875 0.19453125
0 0.12421875 0.15625 0.05 0.19453125
0 0.19296875 0.03046875 0.03984375 0.0609375
0 0.228125 0.0375 0.03515625 0.07421875
0 0.15859375 0.0421875 0.0453125 0.084375
0 0.8171875 0.13984375 0.0484375 0.1578125
0 0.81171875 0.06171875 0.0515625 0.1234375
0 0.88984375 0.1046875 0.04296875 0.17578125
0 0.55234375 0.7453125 0.06796875 0.228125
0 0.54921875 0.91015625 0.07109375 0.1796875
0 0.453125 0.8640625 0.06015625 0.271875
0 0.3875 0.696875 0.05625 0.26796875