0 0.3171875 0.778125 0.06015625 0.2296875
0 0.75625 0.621875 0.053125 0.22265625
0 0.728125 0.50546875 0.05078125 0.23515625
0 0.66640625 0.0546875 0.0515625 0.109375
0 0.66875 0.01484375 0.0546875 0.0296875
0 0.36484375 0.20078125 0.053125 0.13515625
0 0.5046875 0.18515625 0.0421875 0.18984375
0 0.47421875 0.178125 0.05078125 0.18515625
0 0.4359375 0.1578125 0.05078125 0.18515625
0 0.5484375 0.0328125 0.03671875 0.06484375
0 0.51953125 0.02890625 0.04375 0.0578125
0 0.4828125 0.03671875 0.05078125 0.07265625
0 0.19375 0.18203125 0.04375 0.17734375
0 0.234375 0.1328125 0.03515625 0.18515625
0 0.13671875 0.12578125 0.04765625 0.18515625
0 0.2015625 0.0171875 0.0375 0.034375
0 0.23515625 0.02421875 0.03359375 0.04765625
0 0.1703125 0.02890625 0.0421875 0.0578125
0 0.790625 0.04765625 0.04921875 0.0953125
0 0.38671875 0.640625 0.053125 0.2546875
0 0.56328125 0.26796875 0.04921875 0.2203125
0 0.41796875 0.2765625 0.053125 0.2375
0 0.409375 0.346875 0.06171875 0.2375
0 0.19140625 0.228125 0.040625 0.1703125
0 0.80234375 0.159375 0.04609375 0.1578125
0 0.86796875 0.121875 0.040625 0.1625
0 0.91484375 0.17890625 0.0453125 0.19765625
0 0.92109375 0.08203125 0.0390625 0.1171875
0 0.95390625 0.16328125 0.03828125 0.175
0 0.653125 0.19765625 0.05234375 0.18515625
0 0.53046875 0.64296875 0.06484375 0.25
0 0.4890625 0.8140625 0.065625 0.2828125
0 0.4609375 0.7203125 0.0578125 0.2703125
0 0.1921875 0.40078125 0.0671875 0.21484375
0 0.95625 0.090625 0.03515625 0.16484375
0 0.9921875 0.27578125 0.015625 0.1171875
0 0.98046875 0.3125 0.0390625 0.075
0 0.959375 0.4265625 0.04375 0.22734375
0 0.98515625 0.43203125 0.0296875 0.2046875