0 0.5734375 0.66875 0.05390625 0.22265625
0 0.66171875 0.79140625 0.0578125 0.21953125
0 0.24140625 0.6421875 0.05078125 0.2125
0 0.26875 0.53125 0.0484375 0.225
0 0.32734375 0.08671875 0.05 0.13359375
0 0.32578125 0.03828125 0.05234375 0.0765625
0 0.61640625 0.23984375 0.05078125 0.12890625
0 0.290625 0.9421875 0.065625 0.115625
0 0.5359375 0.859375 0.05625 0.25546875
0 0.434375 0.89921875 0.0734375 0.2015625
0 0.43671875 0.74375 0.06484375 0.2390625
0 0.36875 0.2875 0.05234375 0.19140625
0 0.43046875 0.25234375 0.05234375 0.2078125
0 0.48203125 0.225 0.040625 0.18203125
0 0.51171875 0.21796875 0.0484375 0.1765625
0 0.5484375 0.19921875 0.0484375 0.1765625
0 0.55234375 0.36875 0.05078125 0.20546875
0 0.56875 0.3078125 0.04453125 0.16953125
0 0.9375 0.4890625 0.06015625 0.2125
0 0.10390625 0.15703125 0.04140625 0.184375
0 0.06484375 0.15078125 0.0390625 0.1484375
0 0.01875 0.184375 0.0375 0.1578125
0 0.0171875 0.59609375 0.034375 0.2171875
0 0.01875 0.33515625 0.0375 0.19609375
0 0.05078125 0.39453125 0.03515625 0.1765625
0 0.08359375 0.38515625 0.05 0.21484375
0 0.06328125 0.25234375 0.0453125 0.15078125
0 0.44140625 0.0546875 0.0359375 0.109375
0 0.46796875 0.0515625 0.0421875 0.103125
0 0.50390625 0.05859375 0.0484375 0.1171875
0 0.76796875 0.36640625 0.05234375 0.19609375
0 0.7796875 0.221875 0.04140625 0.16953125
0 0.740625 0.175 0.03359375 0.1765625
0 0.834375 0.16796875 0.0453125 0.1765625
0 0.771875 0.040625 0.03671875 0.08125
0 0.740625 0.046875 0.03203125 0.09375
0 0.80234375 0.0515625 0.040625 0.103125
0 0.203125 0.153125 0.04453125 0.14375
0 0.20859375 0.06953125 0.046875 0.13828125
0 0.1375 0.12109375 0.0390625 0.16015625