0 0.32265625 0.79375 0.05625 0.215625
0 0.73359375 0.64765625 0.05 0.20859375
0 0.7078125 0.5390625 0.04765625 0.2203125
0 0.65078125 0.103125 0.0484375 0.13125
0 0.6515625 0.046875 0.0515625 0.09375
0 0.3671875 0.253125 0.05 0.1265625
0 0.6375 0.25078125 0.0484375 0.1734375
0 0.2046875 0.440625 0.06328125 0.2015625
0 0.56796875 0.37421875 0.0578125 0.21796875
0 0.38359375 0.396875 0.03984375 0.19453125
0 0.41484375 0.33203125 0.04375 0.22734375
0 0.4171875 0.2078125 0.04375 0.12890625
0 0.51015625 0.3046875 0.03984375 0.1640625
0 0.47265625 0.29296875 0.03828125 0.1828125
0 0.55078125 0.11171875 0.03828125 0.14765625
0 0.5140625 0.1 0.03125 0.15234375
0 0.48515625 0.1078125 0.034375 0.1640625
0 0.2171875 0.3046875 0.0328125 0.178125
0 0.19921875 0.25 0.03828125 0.15703125
0 0.1734375 0.2265625 0.03125 0.18046875
0 0.15234375 0.1890625 0.02890625 0.17109375
0 0.18359375 0.1046875 0.02734375 0.09609375
0 0.2171875 0.14296875 0.03515625 0.1359375
0 0.2515625 0.146875 0.0328125 0.17578125
0 0.18671875 0.065625 0.02890625 0.084375
0 0.7859375 0.05078125 0.02734375 0.10078125
0 0.7609375 0.05625 0.040625 0.1125
0 0.90078125 0.17109375 0.034375 0.1125
0 0.91640625 0.140625 0.03515625 0.1359375
0 0.4546875 0.684375 0.05546875 0.2109375
0 0.07578125 0.38046875 0.04609375 0.19453125
0 0.4171875 0.06796875 0.03828125 0.1359375
0 0.384375 0.0671875 0.03828125 0.13359375
0 0.83203125 0.0625 0.034375 0.12421875
0 0.44765625 0.78359375 0.05625 0.26015625
0 0.52109375 0.62421875 0.059375 0.22265625
0 0.86328125 0.21015625 0.03515625 0.15234375
0 0.91015625 0.2734375 0.0421875 0.18046875
0 0.94453125 0.25234375 0.03671875 0.17109375
0 0.93828125 0.5140625 0.0515625 0.22265625
0 0.978125 0.52578125 0.04375 0.21796875
0 0.97265625 0.41796875 0.03828125 0.10078125
0 0.79921875 0.2578125 0.04375 0.15