0 0.32109375 0.840625 0.06015625 0.22890625
0 0.75703125 0.6859375 0.053125 0.22109375
0 0.7296875 0.5703125 0.05 0.23359375
0 0.66875 0.1078125 0.0515625 0.1390625
0 0.66953125 0.0484375 0.0546875 0.096875
0 0.36796875 0.2671875 0.053125 0.134375
0 0.50703125 0.25234375 0.0421875 0.1890625
0 0.4765625 0.24453125 0.05 0.18359375
0 0.4390625 0.225 0.05 0.18359375
0 0.55078125 0.06640625 0.0359375 0.13203125
0 0.521875 0.0625 0.04375 0.125
0 0.48515625 0.0703125 0.05 0.13984375
0 0.19765625 0.2484375 0.04296875 0.1765625
0 0.23828125 0.2 0.03515625 0.18359375
0 0.14140625 0.1921875 0.04765625 0.18359375
0 0.20625 0.05703125 0.0375 0.0921875
0 0.2390625 0.0578125 0.03359375 0.115625
0 0.175 0.071875 0.0421875 0.10703125
0 0.79140625 0.084375 0.04921875 0.15625
0 0.38984375 0.70390625 0.053125 0.253125
0 0.56484375 0.334375 0.04921875 0.21875
0 0.4203125 0.34296875 0.053125 0.2359375
0 0.4125 0.4125 0.06171875 0.2359375
0 0.1953125 0.29453125 0.040625 0.16875
0 0.80234375 0.22578125 0.04609375 0.15625
0 0.86796875 0.18828125 0.040625 0.16171875
0 0.91484375 0.24609375 0.04453125 0.19609375
0 0.9203125 0.14921875 0.0390625 0.1171875
0 0.953125 0.2296875 0.0375 0.17421875
0 0.6546875 0.2640625 0.0515625 0.18359375
0 0.53203125 0.70703125 0.0640625 0.2484375
0 0.49140625 0.86796875 0.065625 0.26328125
0 0.46328125 0.78359375 0.05703125 0.26875
0 0.19609375 0.465625 0.0671875 0.2140625
0 0.95625 0.1578125 0.03515625 0.1640625
0 0.9921875 0.3421875 0.01484375 0.11640625
0 0.98046875 0.378125 0.0390625 0.07421875
0 0.959375 0.4921875 0.04296875 0.22578125
0 0.98515625 0.49765625 0.02890625 0.20390625