0 0.59453125 0.6828125 0.053125 0.21875
0 0.68125 0.80390625 0.05703125 0.21640625
0 0.26796875 0.65703125 0.05 0.209375
0 0.29453125 0.54765625 0.04765625 0.22109375
0 0.35234375 0.109375 0.04921875 0.13203125
0 0.35078125 0.05 0.0515625 0.1
0 0.63671875 0.26015625 0.05 0.12734375
0 0.31640625 0.94765625 0.06484375 0.1046875
0 0.5578125 0.87109375 0.05546875 0.2515625
0 0.4578125 0.90546875 0.07265625 0.1890625
0 0.46015625 0.75703125 0.06328125 0.23515625
0 0.39296875 0.3078125 0.0515625 0.18828125
0 0.45390625 0.2734375 0.0515625 0.2046875
0 0.5046875 0.24609375 0.03984375 0.17890625
0 0.53359375 0.2390625 0.04765625 0.17421875
0 0.56953125 0.2203125 0.04765625 0.17421875
0 0.5734375 0.3875 0.05 0.20234375
0 0.58984375 0.32734375 0.04375 0.1671875
0 0.95234375 0.50625 0.059375 0.209375
0 0.13203125 0.17890625 0.040625 0.18125
0 0.09375 0.1734375 0.03828125 0.14609375
0 0.04609375 0.20625 0.040625 0.15546875
0 0.01875 0.36796875 0.0375 0.2109375
0 0.0328125 0.6125 0.059375 0.2140625
0 0.04609375 0.3546875 0.0421875 0.19296875
0 0.08046875 0.41328125 0.034375 0.17421875
0 0.1125 0.40390625 0.04921875 0.21171875
0 0.0921875 0.2734375 0.0453125 0.1484375
0 0.4640625 0.06640625 0.034375 0.1328125
0 0.490625 0.06328125 0.04140625 0.1265625
0 0.52578125 0.0703125 0.04765625 0.140625
0 0.7859375 0.38515625 0.0515625 0.19296875
0 0.79765625 0.24296875 0.040625 0.1671875
0 0.759375 0.196875 0.0328125 0.17421875
0 0.8515625 0.18984375 0.0453125 0.17421875
0 0.78984375 0.06171875 0.0359375 0.08671875
0 0.75859375 0.05859375 0.03203125 0.11640625
0 0.81953125 0.07578125 0.03984375 0.1015625
0 0.23046875 0.17578125 0.04375 0.14140625
0 0.2359375 0.0875 0.04609375 0.1484375
0 0.165625 0.14375 0.03828125 0.1578125