0 0.36953125 0.66484375 0.06015625 0.24765625
0 0.271875 0.80234375 0.0640625 0.24453125
0 0.7390625 0.6359375 0.05703125 0.23671875
0 0.709375 0.5125 0.05390625 0.25
0 0.64375 0.04609375 0.05546875 0.09140625
0 0.321875 0.1875 0.05703125 0.14375
0 0.684375 0.95234375 0.07265625 0.09453125
0 0.4109375 0.8671875 0.0625 0.26484375
0 0.52421875 0.9046875 0.08203125 0.190625
0 0.521875 0.74921875 0.071875 0.265625
0 0.59765625 0.240625 0.05859375 0.2125
0 0.52890625 0.20234375 0.05859375 0.23125
0 0.47109375 0.171875 0.04453125 0.20234375
0 0.43828125 0.1640625 0.05390625 0.196875
0 0.39765625 0.1421875 0.05390625 0.196875
0 0.39375 0.33125 0.05703125 0.22890625
0 0.375 0.26328125 0.04921875 0.1890625
0 0.8921875 0.09921875 0.04609375 0.19765625
0 0.9359375 0.0890625 0.04375 0.16484375
0 0.9828125 0.12578125 0.034375 0.17578125
0 0.98515625 0.58515625 0.0296875 0.2421875
0 0.9828125 0.29453125 0.034375 0.21796875
0 0.9515625 0.3609375 0.0390625 0.196875
0 0.91484375 0.35 0.05546875 0.2390625
0 0.9375 0.20234375 0.05078125 0.1671875
0 0.51796875 0.021875 0.0390625 0.04375
0 0.48671875 0.01796875 0.046875 0.0359375
0 0.446875 0.02578125 0.053125 0.0515625
0 0.15390625 0.32890625 0.05859375 0.21796875
0 0.13984375 0.16796875 0.04609375 0.1890625
0 0.18359375 0.115625 0.0375 0.196875
0 0.0796875 0.1078125 0.05078125 0.196875
0 0.11484375 0.01796875 0.04453125 0.0359375
0 0.78125 0.0921875 0.04921875 0.159375
0 0.775 0.0375 0.053125 0.075
0 0.8546875 0.07265625 0.04296875 0.14453125