0 0.575 0.67734375 0.0546875 0.225
0 0.6640625 0.8015625 0.05859375 0.22265625
0 0.2390625 0.65078125 0.0515625 0.21484375
0 0.26640625 0.53828125 0.04921875 0.22734375
0 0.32578125 0.08828125 0.05 0.13515625
0 0.32421875 0.0390625 0.053125 0.078125
0 0.61875 0.24296875 0.0515625 0.13046875
0 0.2890625 0.94765625 0.06640625 0.1046875
0 0.53671875 0.8703125 0.05703125 0.25859375
0 0.434375 0.90390625 0.07421875 0.19140625
0 0.43671875 0.753125 0.06484375 0.24140625
0 0.36796875 0.29140625 0.053125 0.19375
0 0.43046875 0.25625 0.053125 0.21015625
0 0.4828125 0.22890625 0.040625 0.18359375
0 0.5125 0.22109375 0.04921875 0.17890625
0 0.54921875 0.20234375 0.04921875 0.17890625
0 0.553125 0.3734375 0.0515625 0.2078125
0 0.5703125 0.3125 0.04453125 0.171875
0 0.9421875 0.49609375 0.0609375 0.21484375
0 0.1 0.16015625 0.0421875 0.1859375
0 0.0609375 0.15390625 0.0390625 0.15
0 0.01640625 0.1875 0.0328125 0.159375
0 0.01484375 0.60390625 0.0296875 0.2203125
0 0.01640625 0.33984375 0.0328125 0.1984375
0 0.04609375 0.4 0.03515625 0.17890625
0 0.0796875 0.390625 0.05 0.21796875
0 0.05859375 0.25625 0.04609375 0.15234375
0 0.440625 0.05625 0.03515625 0.1125
0 0.46953125 0.05234375 0.0421875 0.1046875
0 0.5046875 0.06015625 0.04921875 0.1203125
0 0.77109375 0.37109375 0.053125 0.1984375
0 0.78359375 0.225 0.0421875 0.171875
0 0.74453125 0.178125 0.03359375 0.17890625
0 0.83828125 0.1703125 0.04609375 0.17890625
0 0.77578125 0.04140625 0.03671875 0.0828125
0 0.74453125 0.04765625 0.0328125 0.0953125
0 0.80625 0.053125 0.040625 0.10390625
0 0.20078125 0.15625 0.04453125 0.1453125
0 0.20703125 0.0703125 0.0484375 0.140625
0 0.134375 0.1234375 0.0390625 0.16171875