0 0.32890625 0.79140625 0.05625 0.21328125
0 0.7359375 0.646875 0.04921875 0.20625
0 0.709375 0.5390625 0.046875 0.21796875
0 0.653125 0.10859375 0.0484375 0.1296875
0 0.6546875 0.05 0.05078125 0.09921875
0 0.37265625 0.25703125 0.04921875 0.125
0 0.50234375 0.24296875 0.0390625 0.17578125
0 0.47421875 0.2359375 0.046875 0.17109375
0 0.4390625 0.21796875 0.046875 0.17109375
0 0.5421875 0.065625 0.034375 0.13125
0 0.51640625 0.0625 0.040625 0.125
0 0.48203125 0.06953125 0.046875 0.1390625
0 0.2140625 0.23984375 0.040625 0.1640625
0 0.2515625 0.19453125 0.0328125 0.17109375
0 0.16171875 0.1875 0.04453125 0.17109375
0 0.221875 0.06171875 0.03515625 0.0859375
0 0.25234375 0.0578125 0.03125 0.115625
0 0.19296875 0.075 0.0390625 0.09921875
0 0.7671875 0.08671875 0.0453125 0.14609375
0 0.39296875 0.6640625 0.04921875 0.2359375
0 0.55625 0.31953125 0.0453125 0.20390625
0 0.421875 0.32734375 0.04921875 0.21953125
0 0.4140625 0.3921875 0.05703125 0.21953125
0 0.21171875 0.28203125 0.0375 0.15703125
0 0.778125 0.21875 0.04296875 0.14609375
0 0.8390625 0.184375 0.0375 0.15078125
0 0.8828125 0.2375 0.04140625 0.1828125
0 0.88828125 0.146875 0.03671875 0.10859375
0 0.91875 0.221875 0.03515625 0.16171875
0 0.63984375 0.2546875 0.0484375 0.17109375
0 0.52578125 0.66640625 0.06015625 0.23125
0 0.4875 0.825 0.0609375 0.26171875
0 0.46171875 0.73828125 0.053125 0.25
0 0.2125 0.4421875 0.0625 0.19921875
0 0.92109375 0.15546875 0.0328125 0.153125
0 0.98203125 0.40625 0.0359375 0.190625
0 0.9640625 0.32734375 0.0328125 0.10859375
0 0.9484375 0.3609375 0.0453125 0.06953125
0 0.9234375 0.46640625 0.040625 0.2109375
0 0.96015625 0.471875 0.05078125 0.18984375