0 0.6734375 0.79609375 0.0578125 0.21953125
0 0.253125 0.646875 0.05078125 0.2125
0 0.28046875 0.5359375 0.0484375 0.225
0 0.3390625 0.09140625 0.05 0.13359375
0 0.3375 0.040625 0.05234375 0.08125
0 0.628125 0.24453125 0.05078125 0.12890625
0 0.30234375 0.94453125 0.065625 0.1109375
0 0.38046875 0.2921875 0.05234375 0.19140625
0 0.4421875 0.25703125 0.05234375 0.2078125
0 0.49375 0.2296875 0.040625 0.18203125
0 0.5234375 0.22265625 0.0484375 0.1765625
0 0.56015625 0.20390625 0.0484375 0.1765625
0 0.5640625 0.3734375 0.05078125 0.20546875
0 0.58046875 0.3125 0.04453125 0.16953125
0 0.94921875 0.49375 0.06015625 0.2125
0 0.115625 0.16171875 0.04140625 0.184375
0 0.0765625 0.15546875 0.0390625 0.1484375
0 0.028125 0.1890625 0.04140625 0.1578125
0 0.009375 0.35390625 0.01796875 0.21484375
0 0.02265625 0.6015625 0.0453125 0.21796875
0 0.02734375 0.33984375 0.04296875 0.19609375
0 0.0625 0.4 0.03515625 0.1765625
0 0.0953125 0.38984375 0.05 0.21484375
0 0.075 0.25703125 0.0453125 0.15078125
0 0.453125 0.05703125 0.034375 0.1140625
0 0.48046875 0.05390625 0.0421875 0.1078125
0 0.51640625 0.0609375 0.0484375 0.121875
0 0.7796875 0.37109375 0.05234375 0.19609375
0 0.7921875 0.2265625 0.04140625 0.16953125
0 0.753125 0.1796875 0.03359375 0.1765625
0 0.84609375 0.17265625 0.0453125 0.1765625
0 0.78359375 0.04296875 0.03671875 0.0859375
0 0.75234375 0.04921875 0.03203125 0.0984375
0 0.8140625 0.05703125 0.040625 0.103125
0 0.21484375 0.15859375 0.04453125 0.14375
0 0.2203125 0.071875 0.046875 0.14375
0 0.14921875 0.12578125 0.0390625 0.16015625
0 0.45625 0.709375 0.06171875 0.2078125
0 0.459375 0.88828125 0.06484375 0.22265625
0 0.546875 0.82109375 0.05546875 0.25546875
0 0.60703125 0.66484375 0.05078125 0.24375