0 0.3359375 0.815625 0.0578125 0.21953125
0 0.75625 0.66640625 0.05078125 0.2125
0 0.7296875 0.5546875 0.0484375 0.225
0 0.67109375 0.11015625 0.05 0.13359375
0 0.671875 0.05 0.05234375 0.1
0 0.38125 0.26328125 0.05078125 0.12890625
0 0.515625 0.24921875 0.040625 0.18203125
0 0.4859375 0.2421875 0.0484375 0.1765625
0 0.45 0.22265625 0.0484375 0.1765625
0 0.4453125 0.3921875 0.05078125 0.20546875
0 0.42890625 0.33125 0.04453125 0.16953125
0 0.0609375 0.51328125 0.06015625 0.2125
0 0.9796875 0.20703125 0.040625 0.1578125
0 0.55703125 0.0671875 0.03515625 0.13359375
0 0.52890625 0.06328125 0.0421875 0.1265625
0 0.49375 0.07109375 0.0484375 0.14140625
0 0.2296875 0.38984375 0.05234375 0.19609375
0 0.21796875 0.2453125 0.04140625 0.16953125
0 0.25703125 0.19921875 0.03359375 0.1765625
0 0.16328125 0.19140625 0.0453125 0.1765625
0 0.22578125 0.06171875 0.0359375 0.08828125
0 0.25703125 0.05859375 0.0328125 0.1171875
0 0.1953125 0.07578125 0.040625 0.103125
0 0.79453125 0.17734375 0.04453125 0.14375
0 0.7890625 0.0875 0.046875 0.15078125
0 0.86015625 0.1453125 0.0390625 0.16015625
0 0.553125 0.728125 0.06171875 0.2078125
0 0.40234375 0.684375 0.05078125 0.24375
0 0.53125 0.88125 0.06796875 0.23671875
0 0.46953125 0.81328125 0.06015625 0.2484375
0 0.64765625 0.2875 0.05078125 0.1765625
0 0.93984375 0.2203125 0.03125 0.19140625
0 0.90703125 0.225 0.046875 0.18671875
0 0.9078125 0.1546875 0.040625 0.15546875
0 0.9265625 0.44609375 0.046875 0.2125
0 0.96875 0.4484375 0.04296875 0.184375
0 0.959375 0.38203125 0.040625 0.14609375
0 0.965625 0.31328125 0.040625 0.12421875
0 0.98984375 0.4 0.0203125 0.209375
0 0.57109375 0.328125 0.046875 0.21015625