0 0.72109375 0.7890625 0.0609375 0.23125
0 0.2796875 0.63125 0.05390625 0.22421875
0 0.3078125 0.51484375 0.05078125 0.23671875
0 0.36953125 0.05859375 0.05234375 0.11640625
0 0.36875 0.01796875 0.05546875 0.0359375
0 0.67421875 0.2078125 0.05390625 0.1359375
0 0.5328125 0.19296875 0.0421875 0.19140625
0 0.5640625 0.18515625 0.05078125 0.1859375
0 0.60234375 0.16484375 0.05078125 0.1859375
0 0.60625 0.34375 0.05390625 0.21640625
0 0.62421875 0.2796875 0.046875 0.17890625
0 0.98984375 0.46953125 0.0203125 0.2234375
0 0.04375 0.15 0.04375 0.165625
0 0.4890625 0.0359375 0.03671875 0.07109375
0 0.51796875 0.03203125 0.04375 0.0640625
0 0.55546875 0.03984375 0.05078125 0.0796875
0 0.8328125 0.34140625 0.05546875 0.20625
0 0.8453125 0.1890625 0.04375 0.17890625
0 0.8046875 0.13984375 0.03515625 0.1859375
0 0.903125 0.13203125 0.04765625 0.1859375
0 0.83828125 0.0203125 0.0390625 0.040625
0 0.80390625 0.02734375 0.03359375 0.0546875
0 0.86953125 0.03203125 0.0421875 0.0640625
0 0.23984375 0.1171875 0.046875 0.15078125
0 0.2453125 0.05078125 0.04921875 0.1015625
0 0.1703125 0.08359375 0.040625 0.1671875
0 0.6515625 0.65078125 0.05390625 0.25625
0 0.58125 0.7859375 0.06328125 0.26171875
0 0.39453125 0.2328125 0.05390625 0.1859375
0 0.0875 0.1625 0.0328125 0.2015625
0 0.12109375 0.1671875 0.04921875 0.19609375
0 0.1203125 0.09296875 0.0421875 0.16328125
0 0.1015625 0.4 0.04921875 0.22421875
0 0.05703125 0.40234375 0.0453125 0.19375
0 0.06640625 0.33203125 0.0421875 0.153125
0 0.059375 0.2609375 0.0421875 0.13046875
0 0.02265625 0.35234375 0.0421875 0.21875
0 0.47421875 0.27578125 0.04921875 0.22109375
0 0.521875 0.85390625 0.0703125 0.29140625
0 0.50078125 0.6921875 0.0609375 0.26875