0 0.3390625 0.85546875 0.0625 0.23828125
0 0.79375 0.69375 0.05546875 0.23046875
0 0.76484375 0.5734375 0.05234375 0.24375
0 0.7015625 0.090625 0.05390625 0.1453125
0 0.703125 0.03984375 0.05703125 0.0796875
0 0.3875 0.25703125 0.05546875 0.13984375
0 0.4109375 0.71328125 0.05546875 0.26484375
0 0.68671875 0.25390625 0.05390625 0.1921875
0 0.20859375 0.4640625 0.0703125 0.22265625
0 0.990625 0.49140625 0.01796875 0.23515625
0 0.61015625 0.390625 0.0640625 0.24140625
0 0.40625 0.41640625 0.04375 0.215625
0 0.440625 0.34375 0.0484375 0.2515625
0 0.44375 0.20625 0.0484375 0.14296875
0 0.54609375 0.3140625 0.04375 0.18125
0 0.5046875 0.30078125 0.0421875 0.20234375
0 0.590625 0.1 0.0421875 0.16328125
0 0.55078125 0.08671875 0.03515625 0.16875
0 0.51875 0.09609375 0.0375 0.18125
0 0.221875 0.3140625 0.03671875 0.196875
0 0.2015625 0.253125 0.0421875 0.1734375
0 0.1734375 0.2265625 0.03515625 0.2
0 0.15 0.18515625 0.03203125 0.1890625
0 0.184375 0.0921875 0.03046875 0.10625
0 0.221875 0.13515625 0.0390625 0.15078125
0 0.26015625 0.1390625 0.03671875 0.19453125
0 0.18828125 0.04921875 0.03203125 0.09375
0 0.50234375 0.85390625 0.07265625 0.2921875
0 0.85546875 0.2359375 0.0375 0.1453125
0 0.8390625 0.12421875 0.05234375 0.18125
0 0.85078125 0.04375 0.0296875 0.0875
0 0.82265625 0.05 0.0453125 0.1
0 0.925 0.1921875 0.0375 0.17109375
0 0.9953125 0.24375 0.009375 0.165625
0 0.96953125 0.2515625 0.0453125 0.196875
0 0.97890625 0.165625 0.0375 0.12421875
0 0.9875 0.13125 0.025 0.15
0 0.48515625 0.73359375 0.0609375 0.23359375
0 0.55625 0.69140625 0.0703125 0.25703125
0 0.06484375 0.3984375 0.05078125 0.215625