0 0.628125 0.81328125 0.0640625 0.24296875
0 0.1640625 0.64765625 0.05625 0.23515625
0 0.19375 0.525 0.053125 0.2484375
0 0.259375 0.053125 0.05625 0.10625
0 0.578125 0.20234375 0.05625 0.14296875
0 0.2734375 0.2 0.0546875 0.1953125
0 0.7609375 0.4140625 0.07109375 0.22734375
0 0.3515625 0.33828125 0.065625 0.24609375
0 0.559375 0.36484375 0.04453125 0.21953125
0 0.52421875 0.290625 0.04921875 0.25625
0 0.52109375 0.15078125 0.04921875 0.1453125
0 0.41640625 0.2609375 0.04453125 0.18515625
0 0.45859375 0.24765625 0.04296875 0.20625
0 0.37109375 0.06328125 0.04296875 0.12578125
0 0.4125 0.0578125 0.0359375 0.11484375
0 0.4453125 0.065625 0.03828125 0.13125
0 0.746875 0.2609375 0.0375 0.20078125
0 0.76796875 0.1984375 0.04296875 0.17734375
0 0.796875 0.171875 0.0359375 0.203125
0 0.8203125 0.1296875 0.0328125 0.19296875
0 0.7859375 0.04453125 0.03125 0.0890625
0 0.746875 0.078125 0.03984375 0.153125
0 0.70859375 0.090625 0.03671875 0.18046875
0 0.78203125 0.01875 0.0328125 0.0375
0 0.10546875 0.015625 0.03125 0.03046875
0 0.13359375 0.021875 0.04609375 0.04296875
0 0.90703125 0.34609375 0.05234375 0.21953125
0 0.52109375 0.03515625 0.04296875 0.06953125
0 0.559375 0.03359375 0.04375 0.0671875
0 0.053125 0.02890625 0.03828125 0.05703125
0 0.40390625 0.62109375 0.0671875 0.25078125
0 0.01953125 0.15234375 0.0390625 0.1703125
0 0.090625 0.2078125 0.04921875 0.16875
0 0.496875 0.77890625 0.0625 0.28046875
0 0.484375 0.65859375 0.0578125 0.2140625
0 0.09765625 0.05859375 0.03828125 0.1171875