0 0.6703125 0.79296875 0.05625 0.2140625
0 0.26171875 0.64765625 0.05 0.20703125
0 0.2875 0.53984375 0.046875 0.21875
0 0.34453125 0.10625 0.0484375 0.13046875
0 0.34375 0.0484375 0.0515625 0.096875
0 0.6265625 0.25546875 0.05 0.12578125
0 0.60546875 0.665625 0.05 0.2375
0 0.3578125 0.253125 0.0484375 0.171875
0 0.7875 0.4421875 0.0625 0.2
0 0.015625 0.40625 0.03125 0.190625
0 0.03203125 0.3265625 0.0328125 0.109375
0 0.04765625 0.36015625 0.04609375 0.06953125
0 0.07265625 0.46640625 0.040625 0.21171875
0 0.0359375 0.471875 0.05078125 0.190625
0 0.4265625 0.37578125 0.0578125 0.21640625
0 0.609375 0.3984375 0.0390625 0.19296875
0 0.57890625 0.33359375 0.04296875 0.22578125
0 0.5765625 0.21015625 0.04296875 0.128125
0 0.484375 0.30703125 0.0390625 0.16328125
0 0.52109375 0.2953125 0.03828125 0.18125
0 0.44375 0.11484375 0.03828125 0.146875
0 0.48046875 0.103125 0.03125 0.1515625
0 0.50859375 0.1109375 0.034375 0.16328125
0 0.775 0.30703125 0.0328125 0.1765625
0 0.79375 0.25234375 0.03828125 0.15625
0 0.81875 0.22890625 0.03125 0.17890625
0 0.83984375 0.19140625 0.02890625 0.1703125
0 0.809375 0.1078125 0.02734375 0.0953125
0 0.775 0.14609375 0.03515625 0.13515625
0 0.74140625 0.15 0.0328125 0.17421875
0 0.80625 0.06953125 0.02890625 0.08359375
0 0.5234375 0.80234375 0.065625 0.284375
0 0.20625 0.23671875 0.034375 0.13046875
0 0.22109375 0.13671875 0.046875 0.16328125
0 0.21015625 0.05234375 0.02734375 0.10390625
0 0.23515625 0.0578125 0.040625 0.115625
0 0.14375 0.19765625 0.034375 0.15390625
0 0.06640625 0.24375 0.03671875 0.14921875
0 0.10390625 0.25078125 0.040625 0.1765625
0 0.0953125 0.17421875 0.034375 0.11171875
0 0.08046875 0.14375 0.03515625 0.13515625
0 0.5390625 0.68359375 0.0546875 0.209375
0 0.475 0.6453125 0.0625 0.23046875
0 0.91640625 0.3828125 0.04609375 0.19296875