0 0.26953125 0.8265625 0.0609375 0.2328125
0 0.71328125 0.66875 0.05390625 0.225
0 0.68515625 0.55078125 0.0515625 0.2375
0 0.6234375 0.08046875 0.05234375 0.14140625
0 0.62421875 0.03515625 0.05546875 0.06953125
0 0.3171875 0.2421875 0.05390625 0.13671875
0 0.609375 0.23984375 0.05234375 0.1875
0 0.1421875 0.44453125 0.06796875 0.21796875
0 0.534375 0.37265625 0.0625 0.23515625
0 0.33515625 0.39765625 0.04296875 0.21015625
0 0.36875 0.32734375 0.046875 0.2453125
0 0.371875 0.19296875 0.046875 0.1390625
0 0.471875 0.2984375 0.04296875 0.17734375
0 0.43125 0.28515625 0.04140625 0.19765625
0 0.51484375 0.0890625 0.04140625 0.159375
0 0.47578125 0.0796875 0.034375 0.15859375
0 0.44375 0.08671875 0.0375 0.1734375
0 0.15546875 0.2984375 0.0359375 0.1921875
0 0.13515625 0.23828125 0.04140625 0.16953125
0 0.1078125 0.21328125 0.034375 0.19453125
0 0.08515625 0.17265625 0.03125 0.184375
0 0.11875 0.08203125 0.0296875 0.10390625
0 0.15546875 0.1234375 0.03828125 0.146875
0 0.1921875 0.12734375 0.0359375 0.18984375
0 0.121875 0.0421875 0.03125 0.084375
0 0.76953125 0.0390625 0.0296875 0.078125
0 0.74296875 0.0453125 0.04375 0.08984375
0 0.89453125 0.15390625 0.03671875 0.12109375
0 0.9109375 0.12109375 0.03828125 0.146875
0 0.01328125 0.3796875 0.0265625 0.209375
0 0.37109375 0.0578125 0.040625 0.115625
0 0.3359375 0.05703125 0.04140625 0.11328125
0 0.8203125 0.0515625 0.03671875 0.103125
0 0.48359375 0.64375 0.0640625 0.240625
0 0.85390625 0.1953125 0.03828125 0.16484375
0 0.90390625 0.2640625 0.0453125 0.19453125
0 0.94140625 0.24140625 0.03984375 0.184375
0 0.934375 0.52421875 0.05546875 0.240625
0 0.9765625 0.53671875 0.046875 0.2359375
0 0.971875 0.42109375 0.04140625 0.10859375
0 0.784375 0.24765625 0.046875 0.16171875
0 0.3953125 0.79375 0.059375 0.26796875
0 0.40703125 0.67890625 0.05546875 0.2046875
0 0.77734375 0.0984375 0.03671875 0.1265625