0 0.321875 0.7890625 0.0578125 0.22109375
0 0.74375 0.6390625 0.0515625 0.2140625
0 0.7171875 0.52734375 0.0484375 0.22578125
0 0.65859375 0.08046875 0.05 0.134375
0 0.659375 0.03515625 0.053125 0.0703125
0 0.3671875 0.234375 0.0515625 0.1296875
0 0.64453125 0.23203125 0.05 0.178125
0 0.20078125 0.4265625 0.06484375 0.20703125
0 0.5734375 0.3578125 0.059375 0.2234375
0 0.384375 0.38203125 0.040625 0.19921875
0 0.41640625 0.31484375 0.04453125 0.2328125
0 0.41875 0.1875 0.04453125 0.13203125
0 0.5140625 0.28671875 0.040625 0.16796875
0 0.47578125 0.275 0.0390625 0.1875
0 0.55546875 0.0890625 0.0390625 0.1515625
0 0.51875 0.07734375 0.0328125 0.1546875
0 0.48828125 0.08515625 0.03515625 0.16796875
0 0.21328125 0.28671875 0.03359375 0.1828125
0 0.19453125 0.23046875 0.0390625 0.1609375
0 0.16875 0.20625 0.0328125 0.18515625
0 0.146875 0.16796875 0.0296875 0.17578125
0 0.178125 0.08125 0.028125 0.0984375
0 0.21328125 0.12109375 0.03671875 0.1390625
0 0.2484375 0.125 0.03359375 0.18046875
0 0.18203125 0.0421875 0.0296875 0.084375
0 0.79765625 0.0390625 0.028125 0.078125
0 0.771875 0.04453125 0.04140625 0.0890625
0 0.915625 0.15 0.03515625 0.115625
0 0.93125 0.11875 0.03671875 0.1390625
0 0.06796875 0.36484375 0.04765625 0.19921875
0 0.41875 0.05703125 0.0390625 0.11328125
0 0.384375 0.05546875 0.040625 0.1109375
0 0.8453125 0.05078125 0.03515625 0.1015625
0 0.52578125 0.61484375 0.0609375 0.228125
0 0.87734375 0.18984375 0.03671875 0.15625
0 0.925 0.2546875 0.04296875 0.18515625
0 0.96015625 0.2328125 0.0375 0.17578125
0 0.95390625 0.50234375 0.05234375 0.228125
0 0.9859375 0.5140625 0.02734375 0.22421875
0 0.984375 0.403125 0.03125 0.103125
0 0.8109375 0.2390625 0.04453125 0.15390625
0 0.44140625 0.7578125 0.05703125 0.2546875
0 0.453125 0.6484375 0.05234375 0.19453125
0 0.8046875 0.096875 0.03515625 0.1203125