0 0.26796875 0.77890625 0.06171875 0.2359375
0 0.7171875 0.61875 0.0546875 0.228125
0 0.68828125 0.49921875 0.0515625 0.240625
0 0.625 0.046875 0.053125 0.09375
0 0.315625 0.18671875 0.0546875 0.13828125
0 0.459375 0.171875 0.04296875 0.19453125
0 0.428125 0.1640625 0.0515625 0.18984375
0 0.3890625 0.14375 0.0515625 0.18984375
0 0.5046875 0.02421875 0.0375 0.0484375
0 0.475 0.0203125 0.04453125 0.040625
0 0.43671875 0.028125 0.0515625 0.05625
0 0.15390625 0.32265625 0.05625 0.21015625
0 0.14140625 0.16796875 0.04453125 0.18203125
0 0.1828125 0.11796875 0.0359375 0.18984375
0 0.0828125 0.11015625 0.04921875 0.18984375
0 0.18359375 0.015625 0.034375 0.03046875
0 0.1171875 0.0203125 0.04296875 0.040625
0 0.7515625 0.0390625 0.05 0.078125
0 0.3390625 0.6375 0.0546875 0.2609375
0 0.60078125 0.2125 0.0546875 0.18984375
0 0.51953125 0.25625 0.05 0.22578125
0 0.47109375 0.8484375 0.071875 0.303125
0 0.4921875 0.6796875 0.06171875 0.27421875
0 0.3703125 0.26484375 0.0546875 0.24296875
0 0.36171875 0.33671875 0.06328125 0.24296875
0 0.13828125 0.21484375 0.04140625 0.17421875
0 0.7640625 0.14453125 0.04765625 0.16171875
0 0.83125 0.10625 0.04140625 0.16640625
0 0.8796875 0.16484375 0.04609375 0.20234375
0 0.88515625 0.065625 0.040625 0.1203125
0 0.91953125 0.1484375 0.0390625 0.1796875
0 0.9375 0.1046875 0.0375 0.184375
0 0.91484375 0.3984375 0.04140625 0.228125
0 0.95625 0.41015625 0.04609375 0.2
0 0.9796875 0.35390625 0.040625 0.2171875
0 0.95859375 0.26015625 0.04296875 0.14609375
0 0.4078125 0.73515625 0.0578125 0.24609375