0 0.58203125 0.675 0.05234375 0.21796875
0 0.66796875 0.79609375 0.05625 0.215625
0 0.25703125 0.64921875 0.05 0.20859375
0 0.28359375 0.540625 0.04765625 0.2203125
0 0.340625 0.10546875 0.0484375 0.13125
0 0.33984375 0.04765625 0.0515625 0.0953125
0 0.62421875 0.25546875 0.05 0.1265625
0 0.30546875 0.94296875 0.0640625 0.11328125
0 0.5453125 0.8625 0.05546875 0.25078125
0 0.446875 0.90078125 0.071875 0.1984375
0 0.44765625 0.74921875 0.06328125 0.234375
0 0.38125 0.30234375 0.0515625 0.1875
0 0.4421875 0.26796875 0.0515625 0.20390625
0 0.49296875 0.24140625 0.03984375 0.178125
0 0.521875 0.234375 0.04765625 0.1734375
0 0.55703125 0.215625 0.04765625 0.1734375
0 0.5609375 0.38125 0.05 0.2015625
0 0.57734375 0.321875 0.04375 0.16640625
0 0.93828125 0.5 0.059375 0.20859375
0 0.121875 0.17421875 0.040625 0.18046875
0 0.084375 0.16875 0.03828125 0.1453125
0 0.03671875 0.2015625 0.040625 0.1546875
0 0.01328125 0.3625 0.0265625 0.2109375
0 0.0265625 0.6046875 0.053125 0.21328125
0 0.0359375 0.3484375 0.0421875 0.1921875
0 0.0703125 0.40703125 0.034375 0.1734375
0 0.10234375 0.39765625 0.0484375 0.2109375
0 0.08203125 0.26796875 0.04453125 0.14765625
0 0.4515625 0.0640625 0.034375 0.128125
0 0.47890625 0.0609375 0.04140625 0.121875
0 0.5140625 0.06796875 0.04765625 0.1359375
0 0.771875 0.37890625 0.0515625 0.1921875
0 0.784375 0.2375 0.040625 0.16640625
0 0.74609375 0.1921875 0.0328125 0.1734375
0 0.8375 0.18515625 0.04453125 0.1734375
0 0.7765625 0.05703125 0.03515625 0.08671875
0 0.7453125 0.05625 0.03125 0.1125
0 0.80546875 0.07109375 0.03984375 0.10078125
0 0.21953125 0.17109375 0.04375 0.140625
0 0.225 0.0828125 0.04609375 0.14765625
0 0.15546875 0.1390625 0.03828125 0.15703125