0 0.40234375 0.6671875 0.05390625 0.22265625
0 0.3140625 0.790625 0.0578125 0.21953125
0 0.734375 0.64140625 0.05078125 0.2125
0 0.70703125 0.53046875 0.0484375 0.225
0 0.6484375 0.0859375 0.05 0.13359375
0 0.64921875 0.0375 0.0515625 0.075
0 0.359375 0.23828125 0.05078125 0.12890625
0 0.68515625 0.94140625 0.065625 0.11640625
0 0.43984375 0.85859375 0.05625 0.25546875
0 0.54140625 0.8984375 0.0734375 0.20234375
0 0.5390625 0.74296875 0.06484375 0.2390625
0 0.60703125 0.28671875 0.05234375 0.19140625
0 0.5453125 0.2515625 0.05234375 0.2078125
0 0.49375 0.22421875 0.040625 0.18203125
0 0.4640625 0.2171875 0.0484375 0.1765625
0 0.42734375 0.19765625 0.0484375 0.1765625
0 0.4234375 0.36796875 0.05078125 0.20546875
0 0.40703125 0.30703125 0.04453125 0.16953125
0 0.03828125 0.48828125 0.06015625 0.2125
0 0.871875 0.15625 0.04140625 0.184375
0 0.9109375 0.15 0.0390625 0.1484375
0 0.959375 0.18359375 0.04140625 0.1578125
0 0.984375 0.3484375 0.03046875 0.21484375
0 0.97109375 0.5953125 0.0578125 0.21796875
0 0.96015625 0.334375 0.04296875 0.19609375
0 0.925 0.39375 0.03515625 0.1765625
0 0.8921875 0.384375 0.05 0.21484375
0 0.91328125 0.2515625 0.0453125 0.15078125
0 0.53515625 0.0546875 0.03515625 0.109375
0 0.50703125 0.05078125 0.0421875 0.1015625
0 0.471875 0.05859375 0.0484375 0.11640625
0 0.2078125 0.36484375 0.05234375 0.19609375
0 0.19609375 0.2203125 0.04140625 0.16953125
0 0.23515625 0.17421875 0.03359375 0.1765625
0 0.14140625 0.1671875 0.0453125 0.1765625
0 0.203125 0.03984375 0.0375 0.0796875
0 0.234375 0.04609375 0.03125 0.0921875
0 0.1734375 0.05078125 0.040625 0.1015625
0 0.77265625 0.15234375 0.04453125 0.14375
0 0.7671875 0.06875 0.046875 0.1375
0 0.83828125 0.1203125 0.0390625 0.16015625