0 0.69296875 0.83828125 0.059375 0.22734375
0 0.25859375 0.68359375 0.053125 0.21953125
0 0.28671875 0.56875 0.05 0.23203125
0 0.346875 0.109375 0.0515625 0.13828125
0 0.3453125 0.04921875 0.0546875 0.0984375
0 0.64609375 0.2671875 0.053125 0.13359375
0 0.50703125 0.25234375 0.04140625 0.1875
0 0.5375 0.2453125 0.05 0.1828125
0 0.575 0.225 0.05 0.1828125
0 0.46484375 0.06640625 0.0359375 0.1328125
0 0.49296875 0.06328125 0.04296875 0.1265625
0 0.5296875 0.0703125 0.05 0.140625
0 0.80234375 0.3984375 0.05390625 0.20234375
0 0.81484375 0.2484375 0.04296875 0.17578125
0 0.77421875 0.20078125 0.034375 0.1828125
0 0.87109375 0.19296875 0.046875 0.1828125
0 0.80625 0.05859375 0.0375 0.09140625
0 0.77421875 0.05859375 0.03359375 0.11640625
0 0.8375 0.0734375 0.04140625 0.10625
0 0.22421875 0.0859375 0.0484375 0.15546875
0 0.62421875 0.70234375 0.053125 0.25234375
0 0.44921875 0.334375 0.0484375 0.2171875
0 0.496875 0.87890625 0.06875 0.2421875
0 0.47578125 0.74296875 0.059375 0.2640625
0 0.59296875 0.34296875 0.053125 0.234375
0 0.6015625 0.41171875 0.0609375 0.234375
0 0.81796875 0.29453125 0.040625 0.16796875
0 0.21328125 0.2265625 0.04609375 0.15546875
0 0.1484375 0.18984375 0.040625 0.1609375
0 0.1015625 0.24609375 0.04453125 0.1953125
0 0.09609375 0.15 0.0390625 0.11640625
0 0.06328125 0.23046875 0.0375 0.17265625
0 0.04609375 0.18828125 0.0359375 0.178125
0 0.06796875 0.47109375 0.040625 0.21953125
0 0.028125 0.48203125 0.04453125 0.19296875
0 0.0125 0.428125 0.025 0.209375
0 0.025 0.3375 0.04140625 0.140625
0 0.55703125 0.79609375 0.05546875 0.2375
0 0.3609375 0.26484375 0.0515625 0.1828125