0 0.66015625 0.7859375 0.0578125 0.22109375
0 0.2375 0.63515625 0.0515625 0.2140625
0 0.26484375 0.5234375 0.0484375 0.22578125
0 0.3234375 0.0765625 0.05 0.134375
0 0.321875 0.0328125 0.053125 0.065625
0 0.61484375 0.23046875 0.0515625 0.1296875
0 0.4796875 0.215625 0.040625 0.1828125
0 0.509375 0.20859375 0.0484375 0.178125
0 0.5453125 0.1890625 0.0484375 0.178125
0 0.4375 0.05 0.03515625 0.1
0 0.465625 0.046875 0.0421875 0.09296875
0 0.50078125 0.05390625 0.0484375 0.1078125
0 0.76640625 0.3578125 0.05234375 0.196875
0 0.77890625 0.2125 0.0421875 0.1703125
0 0.73984375 0.165625 0.03359375 0.178125
0 0.83359375 0.1578125 0.04609375 0.178125
0 0.77109375 0.0359375 0.03671875 0.07109375
0 0.7390625 0.0421875 0.0328125 0.08359375
0 0.8015625 0.046875 0.040625 0.09296875
0 0.2046875 0.0640625 0.046875 0.128125
0 0.59296875 0.653125 0.0515625 0.2453125
0 0.4234375 0.2953125 0.04765625 0.21171875
0 0.46875 0.853125 0.0671875 0.28828125
0 0.44921875 0.69296875 0.0578125 0.25703125
0 0.56328125 0.30390625 0.0515625 0.228125
0 0.57109375 0.37109375 0.059375 0.228125
0 0.78125 0.25703125 0.0390625 0.16328125
0 0.19375 0.190625 0.04453125 0.1515625
0 0.13046875 0.1546875 0.0390625 0.15625
0 0.08515625 0.21015625 0.04296875 0.18984375
0 0.0796875 0.11640625 0.0375 0.11328125
0 0.04765625 0.19453125 0.03671875 0.16796875
0 0.03046875 0.153125 0.03515625 0.1734375
0 0.0515625 0.42890625 0.0390625 0.2140625
0 0.01796875 0.4390625 0.0359375 0.1875
0 0.0046875 0.3875 0.009375 0.20390625
0 0.015625 0.2984375 0.03046875 0.1375
0 0.528125 0.74453125 0.05390625 0.23046875
0 0.33671875 0.228125 0.05 0.178125