0 0.31328125 0.84765625 0.0625 0.23671875
0 0.765625 0.68671875 0.0546875 0.22890625
0 0.73671875 0.5671875 0.05234375 0.24140625
0 0.6734375 0.0890625 0.05390625 0.14375
0 0.675 0.0390625 0.05703125 0.078125
0 0.36171875 0.25390625 0.0546875 0.1390625
0 0.50625 0.23828125 0.04375 0.1953125
0 0.47421875 0.23046875 0.05234375 0.190625
0 0.43515625 0.21015625 0.05234375 0.190625
0 0.5515625 0.05703125 0.0375 0.1140625
0 0.52109375 0.053125 0.0453125 0.10625
0 0.4828125 0.0609375 0.053125 0.121875
0 0.19921875 0.38984375 0.05625 0.2109375
0 0.1859375 0.234375 0.04453125 0.1828125
0 0.228125 0.184375 0.0359375 0.190625
0 0.12734375 0.1765625 0.04921875 0.190625
0 0.19453125 0.04140625 0.0390625 0.0828125
0 0.22890625 0.0484375 0.034375 0.096875
0 0.1609375 0.053125 0.04375 0.10625
0 0.80078125 0.07265625 0.05 0.1453125
0 0.38515625 0.70625 0.0546875 0.2625
0 0.56640625 0.32265625 0.05078125 0.2265625
0 0.51796875 0.8828125 0.07265625 0.234375
0 0.5390625 0.7484375 0.0625 0.275
0 0.41640625 0.33203125 0.0546875 0.24453125
0 0.4078125 0.40390625 0.06328125 0.24453125
0 0.1828125 0.28203125 0.0421875 0.175
0 0.8125 0.2109375 0.04765625 0.16171875
0 0.88046875 0.17265625 0.0421875 0.1671875
0 0.92890625 0.23203125 0.04609375 0.203125
0 0.934375 0.13125 0.040625 0.12109375
0 0.96875 0.21484375 0.0390625 0.1796875
0 0.98359375 0.17109375 0.03203125 0.18515625
0 0.9640625 0.465625 0.0421875 0.22890625
0 0.990625 0.47578125 0.01875 0.2015625
0 0.99296875 0.3265625 0.01328125 0.146875
0 0.45390625 0.80390625 0.0578125 0.246875
0 0.659375 0.25078125 0.05390625 0.190625