0 0.7109375 0.8046875 0.0609375 0.23125
0 0.26953125 0.64765625 0.05390625 0.22421875
0 0.29765625 0.53046875 0.05078125 0.23671875
0 0.359375 0.06640625 0.05234375 0.1328125
0 0.35859375 0.02578125 0.0546875 0.0515625
0 0.6640625 0.22421875 0.05390625 0.1359375
0 0.3734375 0.22109375 0.05234375 0.1859375
0 0.8375 0.425 0.06796875 0.21640625
0 0.44765625 0.353125 0.0625 0.23359375
0 0.6453125 0.37890625 0.0421875 0.20859375
0 0.6125 0.3078125 0.046875 0.24375
0 0.609375 0.175 0.046875 0.13828125
0 0.51015625 0.27890625 0.0421875 0.17578125
0 0.55 0.26640625 0.040625 0.19609375
0 0.4671875 0.07578125 0.04140625 0.15078125
0 0.50546875 0.0703125 0.03359375 0.140625
0 0.53671875 0.078125 0.03671875 0.15625
0 0.82421875 0.27890625 0.03515625 0.19140625
0 0.84375 0.2203125 0.040625 0.16875
0 0.87109375 0.19453125 0.03359375 0.19375
0 0.89375 0.1546875 0.03125 0.18359375
0 0.8609375 0.0640625 0.0296875 0.103125
0 0.82421875 0.10546875 0.03828125 0.14609375
0 0.7875 0.109375 0.03515625 0.18828125
0 0.85703125 0.03359375 0.03125 0.0671875
0 0.2140625 0.03046875 0.0296875 0.06015625
0 0.240625 0.0359375 0.04375 0.071875
0 0.090625 0.1359375 0.03671875 0.12109375
0 0.07421875 0.103125 0.03828125 0.14609375
0 0.97578125 0.3609375 0.04765625 0.20859375
0 0.609375 0.0484375 0.040625 0.096875
0 0.64453125 0.04765625 0.04140625 0.0953125
0 0.1640625 0.04296875 0.03671875 0.08515625
0 0.49765625 0.62265625 0.06328125 0.2390625
0 0.13046875 0.17734375 0.03828125 0.16328125
0 0.08046875 0.2453125 0.0453125 0.19375
0 0.04375 0.22265625 0.03984375 0.18359375
0 0.05 0.50390625 0.05546875 0.2390625
0 0.015625 0.51640625 0.03125 0.234375
0 0.0171875 0.40078125 0.03359375 0.1078125
0 0.2 0.22890625 0.046875 0.1609375
0 0.5859375 0.771875 0.059375 0.26640625
0 0.57421875 0.6578125 0.05546875 0.20390625
0 0.20625 0.08046875 0.03671875 0.12578125