0 0.678125 0.81875 0.06015625 0.2296875
0 0.2390625 0.6625 0.053125 0.22265625
0 0.2671875 0.546875 0.05078125 0.23515625
0 0.328125 0.08125 0.05234375 0.13984375
0 0.32734375 0.03515625 0.0546875 0.0703125
0 0.63125 0.24140625 0.053125 0.13515625
0 0.5796875 0.325 0.04609375 0.2421875
0 0.5765625 0.19296875 0.04609375 0.1375
0 0.5078125 0.85390625 0.0546875 0.26484375
0 0.46484375 0.6828125 0.0578125 0.24765625
0 0.53203125 0.753125 0.06015625 0.2375
0 0.41875 0.36015625 0.053125 0.22265625
0 0.47421875 0.2765625 0.04375 0.1796875
0 0.51328125 0.271875 0.05078125 0.1796875
0 0.43671875 0.0828125 0.04609375 0.165625
0 0.471875 0.07578125 0.040625 0.15078125
0 0.50625 0.08515625 0.040625 0.1703125
0 0.03671875 0.47421875 0.05625 0.225
0 0.0078125 0.478125 0.015625 0.2
0 0.01015625 0.37734375 0.0203125 0.103125
0 0.03125 0.23125 0.0421875 0.18984375
0 0.0734375 0.23125 0.05078125 0.18984375
0 0.03203125 0.11875 0.03515625 0.11015625
0 0.06875 0.1390625 0.040625 0.125
0 0.11640625 0.16796875 0.040625 0.17734375
0 0.1828125 0.2140625 0.0421875 0.16015625
0 0.1953125 0.08671875 0.053125 0.13984375
0 0.21015625 0.04765625 0.0359375 0.0953125
0 0.18828125 0.0328125 0.0296875 0.065625
0 0.33984375 0.246875 0.040625 0.1703125
0 0.61328125 0.6890625 0.05234375 0.21015625
0 0.60390625 0.39140625 0.0390625 0.21484375
0 0.80390625 0.4375 0.053125 0.2078125
0 0.79140625 0.2875 0.04609375 0.1921875
0 0.8046875 0.21875 0.03671875 0.16484375
0 0.82578125 0.203125 0.03359375 0.1828125
0 0.84921875 0.1765625 0.03515625 0.175
0 0.89375 0.1765625 0.0390625 0.1796875
0 0.8765625 0.146875 0.0390625 0.1796875
0 0.75546875 0.1328125 0.03828125 0.17265625
0 0.73828125 0.1 0.03515625 0.17265625
0 0.7890625 0.084375 0.03203125 0.11015625
0 0.821875 0.071875 0.03359375 0.1046875
0 0.82421875 0.05703125 0.03828125 0.1140625