0 0.64609375 0.78515625 0.0625 0.23671875
0 0.19453125 0.62421875 0.0546875 0.22890625
0 0.2234375 0.5046875 0.05234375 0.24140625
0 0.2859375 0.04921875 0.05390625 0.09765625
0 0.59765625 0.190625 0.0546875 0.1390625
0 0.453125 0.17578125 0.04375 0.1953125
0 0.48515625 0.16796875 0.05234375 0.190625
0 0.52421875 0.146875 0.05234375 0.190625
0 0.40859375 0.02578125 0.0375 0.0515625
0 0.43828125 0.021875 0.0453125 0.04375
0 0.4765625 0.0296875 0.05234375 0.059375
0 0.7734375 0.171875 0.04453125 0.1828125
0 0.73125 0.12109375 0.0359375 0.190625
0 0.83203125 0.1140625 0.04921875 0.190625
0 0.76484375 0.01015625 0.0390625 0.0203125
0 0.73125 0.0171875 0.034375 0.03359375
0 0.7984375 0.021875 0.04375 0.04375
0 0.15859375 0.04140625 0.05 0.08203125
0 0.575 0.64375 0.0546875 0.2625
0 0.39296875 0.26015625 0.05078125 0.2265625
0 0.54296875 0.26953125 0.0546875 0.24453125
0 0.5515625 0.34140625 0.06328125 0.24453125
0 0.7765625 0.21875 0.0421875 0.175
0 0.146875 0.1484375 0.04765625 0.16171875
0 0.07890625 0.11015625 0.0421875 0.1671875
0 0.03046875 0.16875 0.04609375 0.203125
0 0.025 0.06875 0.040625 0.12109375
0 0.00546875 0.1515625 0.01015625 0.1796875
0 0.30078125 0.18828125 0.05390625 0.190625
0 0.42734375 0.64609375 0.06640625 0.25703125
0 0.46953125 0.82265625 0.06796875 0.290625
0 0.4984375 0.72578125 0.059375 0.278125
0 0.77578125 0.396875 0.06953125 0.22109375