0 0.60546875 0.65390625 0.05625 0.2328125
0 0.69765625 0.7828125 0.06015625 0.2296875
0 0.25859375 0.6265625 0.053125 0.22265625
0 0.28671875 0.51015625 0.05078125 0.23515625
0 0.34765625 0.0578125 0.05234375 0.11484375
0 0.34765625 0.0171875 0.0546875 0.034375
0 0.65078125 0.20546875 0.053125 0.13515625
0 0.31015625 0.93984375 0.06875 0.1203125
0 0.56640625 0.85390625 0.059375 0.2671875
0 0.4609375 0.89453125 0.078125 0.2109375
0 0.4625 0.7328125 0.0671875 0.25
0 0.39140625 0.25546875 0.0546875 0.2
0 0.45625 0.21953125 0.0546875 0.2171875
0 0.51015625 0.190625 0.0421875 0.18984375
0 0.540625 0.1828125 0.05078125 0.18515625
0 0.57890625 0.16328125 0.05078125 0.18515625
0 0.5828125 0.340625 0.053125 0.21484375
0 0.60078125 0.2765625 0.04609375 0.17734375
0 0.97734375 0.465625 0.0453125 0.221875
0 0.11484375 0.11953125 0.04375 0.1921875
0 0.07421875 0.11328125 0.040625 0.1546875
0 0.0234375 0.14765625 0.04375 0.16484375
0 0.00703125 0.3203125 0.0140625 0.225
0 0.0203125 0.57890625 0.040625 0.228125
0 0.02265625 0.30546875 0.0453125 0.2046875
0 0.059375 0.36796875 0.03671875 0.18515625
0 0.09375 0.3578125 0.05234375 0.225
0 0.071875 0.21953125 0.04765625 0.1578125
0 0.46640625 0.03515625 0.03671875 0.0703125
0 0.4953125 0.03125 0.04375 0.0625
0 0.5328125 0.0390625 0.05078125 0.078125
0 0.80859375 0.33828125 0.0546875 0.2046875
0 0.82109375 0.18671875 0.04375 0.17734375
0 0.78046875 0.13828125 0.03515625 0.18515625
0 0.878125 0.13046875 0.04765625 0.18515625
0 0.81328125 0.0203125 0.03828125 0.03984375
0 0.7796875 0.0265625 0.03359375 0.053125
0 0.84453125 0.03125 0.0421875 0.0625
0 0.21875 0.115625 0.04609375 0.15
0 0.22421875 0.05 0.04921875 0.1
0 0.15 0.0828125 0.040625 0.16484375