0 0.28671875 0.8125 0.06171875 0.234375
0 0.73359375 0.653125 0.0546875 0.2265625
0 0.70546875 0.53515625 0.0515625 0.2390625
0 0.64296875 0.06640625 0.053125 0.13203125
0 0.64453125 0.02578125 0.05625 0.05078125
0 0.334375 0.22421875 0.0546875 0.1375
0 0.47734375 0.209375 0.04296875 0.19375
0 0.44609375 0.2015625 0.0515625 0.18828125
0 0.4078125 0.18125 0.0515625 0.18828125
0 0.521875 0.04296875 0.0375 0.0859375
0 0.4921875 0.03984375 0.04453125 0.0796875
0 0.4546875 0.04765625 0.0515625 0.09453125
0 0.1609375 0.20546875 0.04453125 0.18046875
0 0.20234375 0.15546875 0.0359375 0.18828125
0 0.103125 0.1484375 0.0484375 0.18828125
0 0.16953125 0.028125 0.0390625 0.05625
0 0.203125 0.034375 0.034375 0.06875
0 0.13671875 0.03984375 0.04296875 0.0796875
0 0.76875 0.05859375 0.05 0.1171875
0 0.3578125 0.67265625 0.0546875 0.259375
0 0.53671875 0.29296875 0.05 0.22421875
0 0.3890625 0.30234375 0.0546875 0.2421875
0 0.38046875 0.3734375 0.06328125 0.2421875
0 0.1578125 0.25234375 0.04140625 0.1734375
0 0.78046875 0.1828125 0.046875 0.16015625
0 0.84765625 0.14453125 0.04140625 0.165625
0 0.8953125 0.203125 0.04609375 0.20078125
0 0.90078125 0.10390625 0.03984375 0.11953125
0 0.934375 0.18671875 0.03828125 0.178125
0 0.62890625 0.221875 0.053125 0.18828125
0 0.503125 0.675 0.065625 0.2546875
0 0.4609375 0.84921875 0.0671875 0.2875
0 0.4328125 0.75390625 0.05859375 0.275
0 0.15859375 0.428125 0.06875 0.21875
0 0.9375 0.1125 0.0359375 0.16796875
0 0.9921875 0.38984375 0.01484375 0.20859375
0 0.98359375 0.3015625 0.0328125 0.11953125
0 0.9671875 0.3390625 0.05 0.0765625
0 0.940625 0.4546875 0.04453125 0.23203125
0 0.97578125 0.46015625 0.0484375 0.2078125