0 0.65234375 0.77734375 0.0625 0.23828125
0 0.196875 0.61484375 0.05546875 0.23046875
0 0.2265625 0.49453125 0.05234375 0.24375
0 0.28984375 0.0421875 0.05390625 0.084375
0 0.60390625 0.178125 0.05546875 0.13984375
0 0.4578125 0.1625 0.04375 0.196875
0 0.48984375 0.1546875 0.05234375 0.1921875
0 0.5296875 0.13359375 0.05234375 0.1921875
0 0.4125 0.01875 0.0375 0.0375
0 0.44296875 0.01484375 0.0453125 0.0296875
0 0.48125 0.02265625 0.05234375 0.0453125
0 0.78046875 0.15859375 0.0453125 0.184375
0 0.73828125 0.1078125 0.03671875 0.1921875
0 0.83984375 0.1 0.04921875 0.1921875
0 0.8046875 0.01484375 0.04375 0.0296875
0 0.16171875 0.034375 0.05078125 0.06875
0 0.58046875 0.634375 0.05546875 0.26484375
0 0.39765625 0.24765625 0.05078125 0.228125
0 0.5484375 0.25703125 0.05546875 0.24609375
0 0.55703125 0.3296875 0.0640625 0.24609375
0 0.78359375 0.20625 0.0421875 0.1765625
0 0.15 0.13515625 0.0484375 0.16328125
0 0.08125 0.09609375 0.0421875 0.16875
0 0.0328125 0.15625 0.046875 0.2046875
0 0.0265625 0.0578125 0.040625 0.11484375
0 0.00625 0.13828125 0.0125 0.18125
0 0.3046875 0.175 0.05390625 0.1921875
0 0.43203125 0.63671875 0.0671875 0.259375
0 0.475 0.81484375 0.06875 0.29296875
0 0.50390625 0.7171875 0.059375 0.28046875
0 0.7828125 0.38515625 0.0703125 0.22265625
0 0.0046875 0.4125 0.009375 0.23515625