0 0.67109375 0.82421875 0.05859375 0.2234375
0 0.24375 0.67265625 0.0515625 0.21640625
0 0.27109375 0.559375 0.04921875 0.228125
0 0.33046875 0.10859375 0.05078125 0.1359375
0 0.3296875 0.04921875 0.05390625 0.0984375
0 0.625 0.26328125 0.0515625 0.13125
0 0.48828125 0.24921875 0.040625 0.184375
0 0.51875 0.24140625 0.04921875 0.1796875
0 0.55546875 0.22265625 0.04921875 0.1796875
0 0.44609375 0.06640625 0.03515625 0.13203125
0 0.47421875 0.0625 0.04296875 0.125
0 0.5109375 0.06953125 0.05 0.1390625
0 0.79140625 0.2453125 0.0421875 0.17265625
0 0.7515625 0.1984375 0.034375 0.1796875
0 0.84609375 0.190625 0.04609375 0.1796875
0 0.7828125 0.05859375 0.03671875 0.08984375
0 0.75078125 0.0578125 0.0328125 0.115625
0 0.81328125 0.0734375 0.040625 0.1046875
0 0.21015625 0.08515625 0.04765625 0.153125
0 0.603125 0.690625 0.0515625 0.24765625
0 0.43203125 0.32890625 0.04765625 0.21328125
0 0.5734375 0.3375 0.0515625 0.23046875
0 0.58125 0.40546875 0.06015625 0.23046875
0 0.79375 0.290625 0.03984375 0.16484375
0 0.19921875 0.2234375 0.0453125 0.153125
0 0.13515625 0.1875 0.03984375 0.1578125
0 0.08984375 0.24296875 0.04375 0.19140625
0 0.084375 0.1484375 0.03828125 0.1140625
0 0.05234375 0.22734375 0.03671875 0.16953125
0 0.34453125 0.2609375 0.05078125 0.1796875
0 0.4640625 0.69296875 0.0625 0.24296875
0 0.50390625 0.859375 0.0640625 0.27421875
0 0.53125 0.76875 0.05625 0.2625
0 0.79296875 0.4578125 0.065625 0.20859375
0 0.04921875 0.15703125 0.034375 0.16015625
0 0.0109375 0.3375 0.02109375 0.11328125
0 0.02265625 0.37265625 0.04453125 0.07265625
0 0.046875 0.48359375 0.0421875 0.22109375
0 0.01796875 0.48828125 0.0359375 0.1984375