0 0.3375 0.765625 0.059375 0.24609375
0 0.240625 0.88984375 0.0640625 0.21953125
0 0.7046875 0.73671875 0.05625 0.23515625
0 0.675 0.61328125 0.053125 0.2484375
0 0.61015625 0.121875 0.0546875 0.14765625
0 0.61171875 0.05546875 0.0578125 0.1109375
0 0.290625 0.29140625 0.05625 0.14296875
0 0.37890625 0.9171875 0.0625 0.16484375
0 0.49140625 0.9546875 0.08125 0.090625
0 0.4890625 0.84921875 0.07109375 0.2640625
0 0.5640625 0.34375 0.0578125 0.21171875
0 0.49609375 0.30546875 0.0578125 0.2296875
0 0.4390625 0.275 0.04453125 0.20078125
0 0.40625 0.2671875 0.053125 0.1953125
0 0.36640625 0.24609375 0.053125 0.1953125
0 0.36171875 0.43359375 0.05625 0.22734375
0 0.34296875 0.36640625 0.04921875 0.1875
0 0.85703125 0.2 0.04609375 0.203125
0 0.9 0.19375 0.04296875 0.1640625
0 0.953125 0.23046875 0.04609375 0.17421875
0 0.98203125 0.4125 0.0359375 0.2375
0 0.9671875 0.6859375 0.065625 0.240625
0 0.95390625 0.396875 0.04765625 0.21640625
0 0.915625 0.46328125 0.03828125 0.1953125
0 0.87890625 0.45234375 0.0546875 0.2375
0 0.90234375 0.30546875 0.05078125 0.16640625
0 0.48515625 0.07421875 0.03828125 0.14765625
0 0.45390625 0.0703125 0.04609375 0.140625
0 0.41484375 0.078125 0.053125 0.15625
0 0.1234375 0.43125 0.0578125 0.21640625
0 0.11015625 0.27109375 0.04609375 0.1875
0 0.153125 0.21953125 0.0375 0.1953125
0 0.05 0.21171875 0.05078125 0.1953125
0 0.11875 0.06796875 0.03984375 0.09765625
0 0.15390625 0.06484375 0.0359375 0.1296875
0 0.08515625 0.08359375 0.04453125 0.11328125
0 0.746875 0.19609375 0.04921875 0.15859375
0 0.740625 0.096875 0.05234375 0.16640625
0 0.81953125 0.16015625 0.04296875 0.17734375