0 0.7515625 0.8140625 0.06328125 0.24140625
0 0.28984375 0.65 0.05625 0.23359375
0 0.31953125 0.528125 0.053125 0.246875
0 0.384375 0.05625 0.0546875 0.1125
0 0.3828125 0.0140625 0.0578125 0.028125
0 0.7015625 0.2078125 0.05625 0.1421875
0 0.5546875 0.19140625 0.04453125 0.19921875
0 0.58671875 0.18359375 0.053125 0.19453125
0 0.6265625 0.1625 0.053125 0.19453125
0 0.50859375 0.0328125 0.03828125 0.06484375
0 0.5390625 0.02890625 0.04609375 0.0578125
0 0.578125 0.03671875 0.053125 0.0734375
0 0.88125 0.1875 0.04609375 0.18671875
0 0.83828125 0.13671875 0.03671875 0.19453125
0 0.940625 0.12890625 0.05 0.19453125
0 0.87265625 0.0171875 0.03984375 0.03359375
0 0.83828125 0.0234375 0.0359375 0.046875
0 0.90546875 0.02890625 0.04453125 0.0578125
0 0.25390625 0.0484375 0.0515625 0.096875
0 0.678125 0.66953125 0.05625 0.26796875
0 0.49296875 0.278125 0.0515625 0.23125
0 0.64609375 0.2875 0.05625 0.24921875
0 0.6546875 0.3609375 0.06484375 0.24921875
0 0.884375 0.23671875 0.04296875 0.17890625
0 0.2421875 0.1640625 0.0484375 0.165625
0 0.17265625 0.125 0.04296875 0.1703125
0 0.1234375 0.18515625 0.046875 0.2078125
0 0.1171875 0.0828125 0.04140625 0.1234375
0 0.0828125 0.16796875 0.03984375 0.18359375
0 0.3984375 0.2046875 0.0546875 0.19453125
0 0.528125 0.67265625 0.06796875 0.2625
0 0.57109375 0.8515625 0.06953125 0.29609375
0 0.60078125 0.75390625 0.06015625 0.28359375
0 0.88359375 0.4171875 0.07109375 0.22578125
0 0.0796875 0.0921875 0.03671875 0.1734375
0 0.015625 0.37734375 0.03046875 0.215625
0 0.03125 0.2875 0.03671875 0.1234375
0 0.04921875 0.32578125 0.0515625 0.07890625
0 0.0765625 0.4453125 0.04609375 0.2390625
0 0.0359375 0.4515625 0.0578125 0.215625