0 0.34140625 0.6359375 0.059375 0.24609375
0 0.24453125 0.771875 0.0640625 0.24296875
0 0.7078125 0.60625 0.05625 0.23515625
0 0.678125 0.48359375 0.053125 0.2484375
0 0.6140625 0.0328125 0.05546875 0.065625
0 0.72265625 0.0421875 0.04453125 0.084375
0 0.29375 0.1609375 0.05625 0.14296875
0 0.65390625 0.93671875 0.07265625 0.12578125
0 0.3828125 0.846875 0.0625 0.2828125
0 0.4953125 0.8890625 0.08125 0.221875
0 0.49296875 0.71875 0.07109375 0.2640625
0 0.56796875 0.2140625 0.0578125 0.21171875
0 0.49921875 0.17578125 0.0578125 0.2296875
0 0.4421875 0.1453125 0.04453125 0.20078125
0 0.409375 0.1375 0.053125 0.1953125
0 0.36953125 0.11640625 0.053125 0.1953125
0 0.36484375 0.30390625 0.05625 0.22734375
0 0.346875 0.23671875 0.04921875 0.1875
0 0.86015625 0.0859375 0.04609375 0.17109375
0 0.903125 0.07265625 0.04296875 0.14453125
0 0.95703125 0.10078125 0.04609375 0.17421875
0 0.98359375 0.2828125 0.03203125 0.2375
0 0.96875 0.55625 0.06171875 0.240625
0 0.9578125 0.2671875 0.04765625 0.21640625
0 0.91875 0.3328125 0.03828125 0.1953125
0 0.8828125 0.32265625 0.0546875 0.2375
0 0.90546875 0.17578125 0.05078125 0.16640625
0 0.1265625 0.3015625 0.0578125 0.21640625
0 0.11328125 0.14140625 0.04609375 0.1875
0 0.15625 0.09375 0.0375 0.18671875
0 0.053125 0.08984375 0.05078125 0.1796875