0 0.3296875 0.8234375 0.059375 0.22578125
0 0.76171875 0.66953125 0.05234375 0.21875
0 0.73359375 0.55546875 0.05 0.23046875
0 0.67421875 0.0984375 0.05078125 0.1375
0 0.675 0.04453125 0.05390625 0.08828125
0 0.3765625 0.25625 0.05234375 0.1328125
0 0.66015625 0.253125 0.05078125 0.18203125
0 0.20625 0.45234375 0.06640625 0.2109375
0 0.5875 0.38203125 0.0609375 0.228125
0 0.39453125 0.40703125 0.04140625 0.20390625
0 0.4265625 0.33828125 0.0453125 0.23828125
0 0.4296875 0.2078125 0.0453125 0.13515625
0 0.5265625 0.31015625 0.04140625 0.171875
0 0.4875 0.29765625 0.03984375 0.19140625
0 0.56875 0.10703125 0.03984375 0.1546875
0 0.53125 0.0953125 0.0328125 0.159375
0 0.50078125 0.10390625 0.0359375 0.171875
0 0.21953125 0.31015625 0.034375 0.18671875
0 0.2 0.25234375 0.03984375 0.16484375
0 0.1734375 0.22734375 0.0328125 0.1890625
0 0.15078125 0.18828125 0.03046875 0.17890625
0 0.18359375 0.1 0.02890625 0.10078125
0 0.21953125 0.140625 0.0375 0.1421875
0 0.25546875 0.14453125 0.034375 0.184375
0 0.18671875 0.059375 0.03046875 0.08828125
0 0.81640625 0.0484375 0.02890625 0.09609375
0 0.78984375 0.05390625 0.0421875 0.1078125
0 0.93671875 0.1703125 0.0359375 0.11796875
0 0.953125 0.13828125 0.0375 0.1421875
0 0.0703125 0.38984375 0.0484375 0.20390625
0 0.42890625 0.06640625 0.03984375 0.1328125
0 0.39453125 0.065625 0.040625 0.13046875
0 0.86484375 0.06015625 0.0359375 0.1203125
0 0.53828125 0.6453125 0.0625 0.23359375
0 0.89765625 0.21015625 0.0375 0.159375
0 0.946875 0.2765625 0.04453125 0.1890625
0 0.98125 0.2546875 0.03671875 0.17890625
0 0.97421875 0.5296875 0.05078125 0.23359375
0 0.8296875 0.2609375 0.0453125 0.15703125
0 0.45234375 0.79140625 0.0578125 0.26015625
0 0.4640625 0.6796875 0.05390625 0.19921875
0 0.8234375 0.115625 0.0359375 0.12265625