0 0.3609375 0.82890625 0.06484375 0.24609375
0 0.83125 0.66171875 0.05703125 0.23828125
0 0.80078125 0.53671875 0.05390625 0.2515625
0 0.7359375 0.05703125 0.05625 0.11328125
0 0.73671875 0.0140625 0.05859375 0.028125
0 0.41171875 0.21015625 0.05703125 0.14453125
0 0.56171875 0.19453125 0.0453125 0.203125
0 0.52890625 0.1859375 0.05390625 0.1984375
0 0.48828125 0.16484375 0.05390625 0.1984375
0 0.60859375 0.0328125 0.0390625 0.065625
0 0.57734375 0.02890625 0.046875 0.0578125
0 0.5375 0.03671875 0.053125 0.0734375
0 0.2421875 0.35234375 0.05859375 0.21953125
0 0.22890625 0.190625 0.046875 0.18984375
0 0.27265625 0.13828125 0.0375 0.1984375
0 0.16796875 0.13046875 0.05078125 0.1984375
0 0.2375 0.01640625 0.040625 0.0328125
0 0.2734375 0.0234375 0.0359375 0.046875
0 0.20390625 0.02890625 0.0453125 0.0578125
0 0.8671875 0.0484375 0.053125 0.096875
0 0.4359375 0.68125 0.05703125 0.27265625
0 0.709375 0.2375 0.05703125 0.1984375
0 0.62421875 0.2828125 0.05234375 0.23515625
0 0.5734375 0.87109375 0.075 0.2578125
0 0.59609375 0.72578125 0.06484375 0.28671875
0 0.46875 0.2921875 0.05703125 0.25390625
0 0.459375 0.3671875 0.06640625 0.25390625
0 0.22578125 0.23984375 0.04375 0.18203125
0 0.88046875 0.16640625 0.05 0.16875
0 0.95078125 0.12578125 0.04375 0.17421875
0 0.98828125 0.1875 0.02265625 0.21171875
0 0.99296875 0.0828125 0.0140625 0.125
0 0.5078125 0.7828125 0.06015625 0.25703125