0 0.690625 0.81640625 0.0578125 0.22109375
0 0.26875 0.66640625 0.0515625 0.2140625
0 0.2953125 0.5546875 0.0484375 0.22578125
0 0.35390625 0.10703125 0.05 0.134375
0 0.353125 0.0484375 0.053125 0.096875
0 0.6453125 0.2609375 0.0515625 0.1296875
0 0.6234375 0.684375 0.0515625 0.2453125
0 0.36796875 0.25859375 0.05 0.178125
0 0.81171875 0.453125 0.06484375 0.20703125
0 0.015625 0.4171875 0.03046875 0.196875
0 0.03125 0.334375 0.03359375 0.11328125
0 0.04765625 0.36953125 0.04765625 0.071875
0 0.0734375 0.47890625 0.0421875 0.21875
0 0.03515625 0.484375 0.05234375 0.196875
0 0.43828125 0.38515625 0.059375 0.2234375
0 0.628125 0.40859375 0.040625 0.19921875
0 0.59609375 0.34140625 0.04453125 0.2328125
0 0.59375 0.2140625 0.04453125 0.13203125
0 0.4984375 0.3140625 0.040625 0.16796875
0 0.53671875 0.3015625 0.0390625 0.1875
0 0.45703125 0.115625 0.0390625 0.1515625
0 0.49375 0.10390625 0.0328125 0.15625
0 0.5234375 0.11171875 0.03515625 0.16796875
0 0.7984375 0.3140625 0.03359375 0.1828125
0 0.81796875 0.2578125 0.0390625 0.1609375
0 0.84375 0.23359375 0.0328125 0.18515625
0 0.865625 0.1953125 0.0296875 0.17578125
0 0.83359375 0.10859375 0.028125 0.0984375
0 0.7984375 0.1484375 0.03671875 0.1390625
0 0.76328125 0.1515625 0.03359375 0.18046875
0 0.83046875 0.06875 0.0296875 0.08671875
0 0.53828125 0.82578125 0.0671875 0.29296875
0 0.21171875 0.2421875 0.03515625 0.134375
0 0.2265625 0.13828125 0.0484375 0.16796875
0 0.21484375 0.05234375 0.028125 0.1046875
0 0.24140625 0.0578125 0.0421875 0.115625
0 0.146875 0.20078125 0.03515625 0.15859375
0 0.0671875 0.24921875 0.0375 0.15390625
0 0.10546875 0.25625 0.0421875 0.1828125
0 0.096875 0.1765625 0.03515625 0.115625
0 0.08125 0.1453125 0.03671875 0.1390625
0 0.5546875 0.703125 0.05703125 0.21640625
0 0.48828125 0.6640625 0.06484375 0.23828125
0 0.94453125 0.3921875 0.04765625 0.19921875