0 0.72578125 0.83203125 0.06328125 0.23984375
0 0.26796875 0.66875 0.05546875 0.23203125
0 0.296875 0.54765625 0.053125 0.2453125
0 0.3609375 0.0671875 0.0546875 0.134375
0 0.359375 0.02578125 0.0578125 0.05078125
0 0.6765625 0.22890625 0.05546875 0.140625
0 0.5296875 0.21328125 0.04375 0.1984375
0 0.5625 0.20546875 0.053125 0.19296875
0 0.6015625 0.184375 0.053125 0.19296875
0 0.484375 0.04375 0.03828125 0.0875
0 0.515625 0.03984375 0.046875 0.0796875
0 0.553125 0.04765625 0.053125 0.0953125
0 0.84140625 0.3671875 0.05703125 0.2140625
0 0.8546875 0.209375 0.0453125 0.18515625
0 0.81171875 0.15859375 0.03671875 0.19296875
0 0.9140625 0.15078125 0.05 0.19296875
0 0.84609375 0.028125 0.03984375 0.05625
0 0.8109375 0.03515625 0.03515625 0.0703125
0 0.8796875 0.03984375 0.04375 0.0796875
0 0.23203125 0.059375 0.05078125 0.11875
0 0.653125 0.68828125 0.05546875 0.26640625
0 0.46875 0.29921875 0.0515625 0.2296875
0 0.51875 0.87421875 0.0734375 0.2515625
0 0.496875 0.73125 0.06328125 0.27890625
0 0.62109375 0.30859375 0.05546875 0.24765625
0 0.6296875 0.38203125 0.06484375 0.24765625
0 0.85703125 0.2578125 0.0421875 0.17734375
0 0.2203125 0.1859375 0.0484375 0.1640625
0 0.15078125 0.146875 0.0421875 0.16953125
0 0.10234375 0.20703125 0.046875 0.20625
0 0.09609375 0.10546875 0.04140625 0.12265625
0 0.06171875 0.18984375 0.03984375 0.1828125
0 0.04375 0.1453125 0.03828125 0.18828125
0 0.06640625 0.44453125 0.0421875 0.23203125
0 0.02421875 0.45625 0.046875 0.20390625
0 0.01015625 0.4 0.0203125 0.22109375
0 0.021875 0.303125 0.04375 0.14921875
0 0.5828125 0.7875 0.05859375 0.25078125
0 0.375 0.2265625 0.05390625 0.19296875