0 0.35234375 0.8703125 0.0625 0.23671875
0 0.80390625 0.709375 0.0546875 0.22890625
0 0.775 0.58984375 0.05234375 0.24140625
0 0.7125 0.11171875 0.05390625 0.14375
0 0.71328125 0.05078125 0.05703125 0.10078125
0 0.40078125 0.2765625 0.0546875 0.1390625
0 0.5453125 0.2609375 0.04375 0.1953125
0 0.51328125 0.253125 0.05234375 0.190625
0 0.47421875 0.2328125 0.05234375 0.190625
0 0.58984375 0.06875 0.0375 0.13671875
0 0.56015625 0.06484375 0.0453125 0.1296875
0 0.521875 0.07265625 0.05234375 0.1453125
0 0.225 0.25703125 0.04453125 0.1828125
0 0.26640625 0.20703125 0.0359375 0.190625
0 0.16640625 0.19921875 0.04921875 0.190625
0 0.23359375 0.05859375 0.0390625 0.0953125
0 0.2671875 0.059375 0.034375 0.11875
0 0.20078125 0.07421875 0.04375 0.1109375
0 0.83984375 0.0875 0.05078125 0.16171875
0 0.4234375 0.72890625 0.0546875 0.2625
0 0.60546875 0.3453125 0.05078125 0.2265625
0 0.45546875 0.3546875 0.0546875 0.24453125
0 0.446875 0.4265625 0.06328125 0.24453125
0 0.221875 0.3046875 0.0421875 0.175
0 0.85078125 0.23359375 0.04765625 0.16171875
0 0.91875 0.1953125 0.0421875 0.1671875
0 0.96796875 0.2546875 0.04609375 0.203125
0 0.9734375 0.15390625 0.040625 0.12109375
0 0.99375 0.2375 0.0125 0.1796875
0 0.69765625 0.2734375 0.05390625 0.190625
0 0.57109375 0.73125 0.06640625 0.25703125
0 0.528125 0.88125 0.06796875 0.2375
0 0.49921875 0.8109375 0.059375 0.278125
0 0.22265625 0.48203125 0.06953125 0.22109375
0 0.99609375 0.16328125 0.0078125 0.16953125
0 0.9953125 0.50859375 0.009375 0.23359375