0 0.33203125 0.80859375 0.05859375 0.2234375
0 0.75859375 0.65703125 0.0515625 0.21640625
0 0.73125 0.54453125 0.04921875 0.228125
0 0.671875 0.09296875 0.05078125 0.1359375
0 0.6734375 0.04140625 0.05390625 0.0828125
0 0.37734375 0.2484375 0.0515625 0.13125
0 0.5140625 0.23359375 0.040625 0.184375
0 0.484375 0.2265625 0.04921875 0.1796875
0 0.44765625 0.20703125 0.04921875 0.1796875
0 0.55625 0.05859375 0.03515625 0.11640625
0 0.528125 0.0546875 0.04296875 0.109375
0 0.4921875 0.0625 0.04921875 0.12421875
0 0.22421875 0.3765625 0.053125 0.19921875
0 0.21171875 0.2296875 0.0421875 0.17265625
0 0.2515625 0.1828125 0.034375 0.1796875
0 0.15625 0.175 0.04609375 0.1796875
0 0.21953125 0.04375 0.0375 0.0875
0 0.2515625 0.05 0.0328125 0.1
0 0.1890625 0.0578125 0.040625 0.1046875
0 0.7921875 0.07265625 0.04765625 0.1453125
0 0.39921875 0.675 0.0515625 0.24765625
0 0.57109375 0.31328125 0.04765625 0.21328125
0 0.525 0.865625 0.06796875 0.26875
0 0.5453125 0.715625 0.05859375 0.259375
0 0.4296875 0.321875 0.0515625 0.23046875
0 0.42109375 0.38984375 0.06015625 0.23046875
0 0.20859375 0.275 0.03984375 0.16484375
0 0.803125 0.2078125 0.0453125 0.153125
0 0.8671875 0.171875 0.03984375 0.1578125
0 0.91328125 0.22734375 0.04375 0.19140625
0 0.91875 0.1328125 0.03828125 0.1140625
0 0.95078125 0.21171875 0.03671875 0.16953125
0 0.96796875 0.1703125 0.03515625 0.175
0 0.946875 0.4484375 0.03984375 0.21640625
0 0.98125 0.45859375 0.0375 0.1890625
0 0.99453125 0.40703125 0.01015625 0.20546875
0 0.98359375 0.3171875 0.03203125 0.1390625
0 0.46484375 0.7671875 0.0546875 0.2328125
0 0.65859375 0.2453125 0.05078125 0.1796875