0 0.340625 0.79765625 0.06015625 0.2296875
0 0.7796875 0.64140625 0.053125 0.22265625
0 0.7515625 0.52578125 0.05078125 0.23515625
0 0.68984375 0.06484375 0.05234375 0.1296875
0 0.69140625 0.025 0.0546875 0.05
0 0.3875 0.2203125 0.053125 0.13515625
0 0.41015625 0.66015625 0.053125 0.2546875
0 0.6765625 0.21796875 0.05234375 0.18515625
0 0.21484375 0.4203125 0.0671875 0.21484375
0 0.9921875 0.3328125 0.015625 0.075
0 0.98046875 0.446875 0.0390625 0.22734375
0 0.60234375 0.34921875 0.06171875 0.2328125
0 0.40625 0.37421875 0.0421875 0.2078125
0 0.4390625 0.30390625 0.04609375 0.2421875
0 0.44140625 0.171875 0.04609375 0.1375
0 0.540625 0.27578125 0.0421875 0.175
0 0.50078125 0.26328125 0.040625 0.1953125
0 0.58359375 0.07421875 0.040625 0.14765625
0 0.54453125 0.06875 0.0328125 0.1375
0 0.5140625 0.0765625 0.03671875 0.153125
0 0.228125 0.27578125 0.03515625 0.18984375
0 0.20859375 0.21640625 0.040625 0.1671875
0 0.18125 0.19140625 0.03359375 0.1921875
0 0.15859375 0.1515625 0.03125 0.1828125
0 0.19140625 0.06171875 0.0296875 0.10234375
0 0.228125 0.103125 0.03828125 0.1453125
0 0.26484375 0.10703125 0.03515625 0.1875
0 0.1953125 0.0328125 0.03125 0.06484375
0 0.4984375 0.8078125 0.0703125 0.3046875
0 0.83828125 0.20078125 0.03671875 0.13984375
0 0.82265625 0.09296875 0.05078125 0.175
0 0.83515625 0.02890625 0.02890625 0.0578125
0 0.8078125 0.03515625 0.04296875 0.0703125
0 0.90625 0.1578125 0.03671875 0.16484375
0 0.984375 0.2078125 0.03125 0.16015625
0 0.9484375 0.215625 0.04375 0.18984375
0 0.9578125 0.1328125 0.03671875 0.1203125
0 0.97421875 0.10078125 0.03828125 0.1453125
0 0.48203125 0.68046875 0.059375 0.225
0 0.55078125 0.6390625 0.0671875 0.24765625
0 0.0765625 0.35703125 0.04921875 0.2078125