0 0.46796875 0.6546875 0.059375 0.24609375
0 0.3703125 0.790625 0.0640625 0.24296875
0 0.834375 0.62578125 0.05625 0.23515625
0 0.8046875 0.50234375 0.053125 0.2484375
0 0.73984375 0.0421875 0.05546875 0.084375
0 0.8484375 0.0515625 0.04375 0.103125
0 0.4203125 0.18046875 0.05625 0.14296875
0 0.7796875 0.94609375 0.071875 0.1078125
0 0.509375 0.86171875 0.0625 0.27578125
0 0.62109375 0.89921875 0.08125 0.2015625
0 0.61953125 0.7375 0.07109375 0.2640625
0 0.69453125 0.2328125 0.0578125 0.21171875
0 0.62578125 0.19453125 0.0578125 0.2296875
0 0.56875 0.1640625 0.04453125 0.20078125
0 0.5359375 0.15625 0.053125 0.1953125
0 0.49609375 0.13515625 0.053125 0.1953125
0 0.49140625 0.32265625 0.05625 0.22734375
0 0.4734375 0.25546875 0.04921875 0.1875
0 0.06640625 0.45625 0.0671875 0.23515625
0 0.98203125 0.0953125 0.0359375 0.190625
0 0.990625 0.340625 0.01875 0.2375
0 0.61484375 0.01875 0.03828125 0.03671875
0 0.584375 0.01484375 0.04609375 0.0296875
0 0.5453125 0.02265625 0.053125 0.0453125
0 0.253125 0.3203125 0.0578125 0.21640625
0 0.23984375 0.16015625 0.04609375 0.1875
0 0.2828125 0.10859375 0.0375 0.1953125
0 0.1796875 0.10078125 0.05078125 0.1953125
0 0.215625 0.01484375 0.04453125 0.0296875