0 0.5984375 0.7328125 0.05859375 0.24140625
0 0.69375 0.86640625 0.0625 0.23828125
0 0.23828125 0.70390625 0.05546875 0.23046875
0 0.26796875 0.58359375 0.05234375 0.24375
0 0.33125 0.10078125 0.05390625 0.1453125
0 0.3296875 0.0453125 0.05703125 0.090625
0 0.6453125 0.2671875 0.05546875 0.13984375
0 0.2921875 0.98359375 0.07109375 0.0328125
0 0.55859375 0.9 0.0609375 0.2
0 0.44765625 0.93671875 0.0796875 0.1265625
0 0.45 0.8140625 0.0703125 0.259375
0 0.3765625 0.31875 0.05703125 0.2078125
0 0.44296875 0.28125 0.05703125 0.22578125
0 0.49921875 0.2515625 0.04375 0.196875
0 0.53125 0.24375 0.05234375 0.1921875
0 0.57109375 0.22265625 0.05234375 0.1921875
0 0.575 0.40703125 0.05546875 0.22265625
0 0.59375 0.34140625 0.0484375 0.184375
0 0.9796875 0.5375 0.03984375 0.23125
0 0.0890625 0.17734375 0.0453125 0.2
0 0.046875 0.17109375 0.0421875 0.1609375
0 0.00859375 0.20703125 0.0171875 0.17109375
0 0.00859375 0.37109375 0.0171875 0.2125
0 0.03203125 0.4359375 0.0375 0.1921875
0 0.0671875 0.425 0.05390625 0.23359375
0 0.04453125 0.28125 0.04921875 0.16328125
0 0.45390625 0.06328125 0.0375 0.1265625
0 0.48515625 0.059375 0.0453125 0.11875
0 0.5234375 0.0671875 0.053125 0.134375
0 0.809375 0.4046875 0.05703125 0.2125
0 0.821875 0.24765625 0.0453125 0.184375
0 0.7796875 0.196875 0.03671875 0.1921875
0 0.88125 0.1890625 0.04921875 0.1921875
0 0.81328125 0.04765625 0.0390625 0.0953125
0 0.77890625 0.0546875 0.03515625 0.10859375
0 0.84609375 0.06328125 0.04375 0.11171875
0 0.196875 0.1734375 0.0484375 0.15546875
0 0.203125 0.07890625 0.05078125 0.1578125
0 0.12578125 0.1390625 0.0421875 0.1734375