0 0.4125 0.665625 0.053125 0.22109375
0 0.325 0.78828125 0.0578125 0.21875
0 0.74296875 0.63984375 0.05078125 0.21171875
0 0.71640625 0.52890625 0.0484375 0.2234375
0 0.6578125 0.08671875 0.04921875 0.1328125
0 0.65859375 0.03828125 0.0515625 0.0765625
0 0.3703125 0.2390625 0.05078125 0.128125
0 0.69375 0.93984375 0.065625 0.11953125
0 0.45 0.85546875 0.05625 0.25390625
0 0.55078125 0.896875 0.0734375 0.20625
0 0.54921875 0.740625 0.0640625 0.2375
0 0.61640625 0.28671875 0.05234375 0.18984375
0 0.55546875 0.25234375 0.05234375 0.20703125
0 0.50390625 0.225 0.03984375 0.18046875
0 0.47421875 0.21796875 0.0484375 0.17578125
0 0.43828125 0.1984375 0.0484375 0.17578125
0 0.434375 0.3671875 0.05078125 0.2046875
0 0.4171875 0.30703125 0.04375 0.16875
0 0.0515625 0.4875 0.06015625 0.21171875
0 0.88046875 0.15703125 0.04140625 0.1828125
0 0.91875 0.15078125 0.0390625 0.14765625
0 0.9671875 0.184375 0.04140625 0.15703125
0 0.98828125 0.3484375 0.02265625 0.2140625
0 0.975 0.59375 0.05 0.21640625
0 0.96796875 0.334375 0.04296875 0.19453125
0 0.9328125 0.39375 0.034375 0.17578125
0 0.9 0.384375 0.04921875 0.2140625
0 0.92109375 0.25234375 0.0453125 0.15
0 0.5453125 0.05546875 0.034375 0.11015625
0 0.5171875 0.0515625 0.040625 0.103125
0 0.48203125 0.05859375 0.0484375 0.1171875
0 0.21953125 0.36484375 0.05234375 0.19453125
0 0.2078125 0.22109375 0.04140625 0.16875
0 0.24609375 0.175 0.03359375 0.17578125
0 0.153125 0.16796875 0.0453125 0.17578125
0 0.21484375 0.040625 0.0359375 0.08125
0 0.246875 0.046875 0.03203125 0.09375
0 0.1859375 0.05234375 0.03984375 0.10234375
0 0.78125 0.15390625 0.04375 0.14296875
0 0.77578125 0.06953125 0.046875 0.1390625
0 0.846875 0.12109375 0.0390625 0.159375