0 0.328125 0.7953125 0.05625 0.2140625
0 0.73671875 0.65 0.05 0.20703125
0 0.7109375 0.54140625 0.046875 0.21875
0 0.65390625 0.10859375 0.0484375 0.13046875
0 0.6546875 0.04921875 0.0515625 0.0984375
0 0.371875 0.2578125 0.05 0.12578125
0 0.640625 0.25546875 0.0484375 0.171875
0 0.2109375 0.44375 0.0625 0.2
0 0.571875 0.37734375 0.0578125 0.21640625
0 0.3890625 0.40078125 0.0390625 0.19296875
0 0.41953125 0.33515625 0.04296875 0.22578125
0 0.421875 0.21171875 0.04296875 0.128125
0 0.5140625 0.30859375 0.0390625 0.16328125
0 0.47734375 0.296875 0.03828125 0.18125
0 0.5546875 0.11640625 0.03828125 0.146875
0 0.51796875 0.1046875 0.03125 0.1515625
0 0.48984375 0.11328125 0.034375 0.16328125
0 0.2234375 0.30859375 0.0328125 0.1765625
0 0.2046875 0.25390625 0.03828125 0.15625
0 0.1796875 0.23046875 0.03125 0.17890625
0 0.15859375 0.19375 0.02890625 0.1703125
0 0.1890625 0.109375 0.02734375 0.0953125
0 0.2234375 0.14765625 0.03515625 0.13515625
0 0.25703125 0.1515625 0.0328125 0.17421875
0 0.1921875 0.07109375 0.02890625 0.08359375
0 0.78828125 0.053125 0.02734375 0.10625
0 0.76328125 0.05859375 0.040625 0.1171875
0 0.903125 0.17578125 0.034375 0.11171875
0 0.91796875 0.14609375 0.03515625 0.13515625
0 0.459375 0.6859375 0.0546875 0.209375
0 0.08203125 0.384375 0.04609375 0.19296875
0 0.421875 0.0703125 0.0375 0.140625
0 0.3890625 0.06953125 0.03828125 0.1390625
0 0.83515625 0.06484375 0.034375 0.1296875
0 0.45234375 0.784375 0.05625 0.25859375
0 0.52578125 0.6265625 0.05859375 0.22109375
0 0.865625 0.2140625 0.03515625 0.1515625
0 0.9125 0.27734375 0.0421875 0.17890625
0 0.94609375 0.25625 0.03671875 0.1703125
0 0.940625 0.5171875 0.05078125 0.22109375
0 0.97890625 0.528125 0.0421875 0.2171875
0 0.97421875 0.421875 0.03828125 0.1
0 0.8015625 0.26171875 0.04296875 0.14921875