0 0.671875 0.79609375 0.05625 0.2140625
0 0.26328125 0.65078125 0.05 0.20703125
0 0.2890625 0.5421875 0.046875 0.21875
0 0.34609375 0.109375 0.0484375 0.13046875
0 0.34453125 0.05 0.05078125 0.1
0 0.628125 0.25859375 0.05 0.12578125
0 0.3109375 0.94296875 0.0640625 0.11328125
0 0.38671875 0.3046875 0.05078125 0.1859375
0 0.446875 0.27109375 0.05078125 0.20234375
0 0.49765625 0.24453125 0.0390625 0.1765625
0 0.5265625 0.2375 0.046875 0.171875
0 0.56171875 0.21875 0.046875 0.171875
0 0.565625 0.384375 0.05 0.2
0 0.58203125 0.325 0.04296875 0.165625
0 0.940625 0.5015625 0.05859375 0.20703125
0 0.12890625 0.178125 0.040625 0.17890625
0 0.090625 0.171875 0.03828125 0.14453125
0 0.04375 0.2046875 0.040625 0.15390625
0 0.0171875 0.365625 0.034375 0.209375
0 0.03046875 0.60625 0.05859375 0.21171875
0 0.04296875 0.3515625 0.0421875 0.190625
0 0.07734375 0.409375 0.034375 0.171875
0 0.109375 0.4 0.0484375 0.209375
0 0.0890625 0.27109375 0.04453125 0.146875
0 0.45703125 0.06640625 0.034375 0.1328125
0 0.484375 0.0625 0.040625 0.125
0 0.51875 0.06953125 0.046875 0.1390625
0 0.77578125 0.38203125 0.05078125 0.190625
0 0.7875 0.240625 0.040625 0.165625
0 0.74921875 0.1953125 0.0328125 0.171875
0 0.840625 0.18828125 0.04453125 0.171875
0 0.7796875 0.06171875 0.03515625 0.0859375
0 0.7484375 0.0578125 0.03125 0.115625
0 0.80859375 0.07578125 0.0390625 0.1
0 0.22578125 0.17421875 0.04296875 0.13984375
0 0.23125 0.0875 0.04609375 0.146875
0 0.16171875 0.14296875 0.03828125 0.15625
0 0.4609375 0.7109375 0.06015625 0.20234375
0 0.4640625 0.88828125 0.0625 0.2234375
0 0.54921875 0.8203125 0.05390625 0.24921875
0 0.60703125 0.66796875 0.05 0.2375