0 0.646875 0.85703125 0.06328125 0.24140625
0 0.1859375 0.69296875 0.05625 0.23359375
0 0.21484375 0.57109375 0.053125 0.246875
0 0.2796875 0.0828125 0.0546875 0.146875
0 0.278125 0.0359375 0.0578125 0.07109375
0 0.59765625 0.25078125 0.05625 0.1421875
0 0.29375 0.24765625 0.0546875 0.19453125
0 0.77890625 0.4609375 0.07109375 0.22578125
0 0.371875 0.3859375 0.06484375 0.24453125
0 0.578125 0.41171875 0.04453125 0.21796875
0 0.54375 0.33828125 0.0484375 0.2546875
0 0.540625 0.19921875 0.0484375 0.14453125
0 0.43671875 0.30859375 0.04453125 0.18359375
0 0.47890625 0.2953125 0.04296875 0.2046875
0 0.39140625 0.09140625 0.04296875 0.165625
0 0.43203125 0.08203125 0.03515625 0.1640625
0 0.46484375 0.08984375 0.03828125 0.1796875
0 0.76484375 0.30859375 0.03671875 0.19921875
0 0.7859375 0.246875 0.04296875 0.17578125
0 0.8140625 0.2203125 0.03515625 0.20234375
0 0.83828125 0.178125 0.0328125 0.19140625
0 0.803125 0.08359375 0.03125 0.1078125
0 0.76484375 0.12734375 0.03984375 0.15234375
0 0.7265625 0.13125 0.03671875 0.196875
0 0.79921875 0.04375 0.0328125 0.0875
0 0.12734375 0.03984375 0.03046875 0.0796875
0 0.15546875 0.04609375 0.0453125 0.0921875
0 0.009375 0.1578125 0.01875 0.125
0 0.92421875 0.39375 0.0515625 0.21796875
0 0.540625 0.059375 0.0421875 0.11875
0 0.57734375 0.05859375 0.04296875 0.11640625
0 0.075 0.053125 0.03828125 0.10625
0 0.42421875 0.66640625 0.06640625 0.24921875
0 0.040625 0.2015625 0.03984375 0.1703125
0 0.00625 0.27265625 0.01171875 0.20234375
0 0.1125 0.25546875 0.0484375 0.16796875
0 0.51640625 0.82265625 0.06171875 0.278125
0 0.50390625 0.70390625 0.0578125 0.2125
0 0.11953125 0.10078125 0.03828125 0.13125