0 0.74453125 0.7765625 0.06328125 0.24140625
0 0.2828125 0.6125 0.05625 0.23359375
0 0.3125 0.48984375 0.053125 0.246875
0 0.3765625 0.0375 0.0546875 0.07421875
0 0.69453125 0.16953125 0.05625 0.1421875
0 0.546875 0.15390625 0.04453125 0.19921875
0 0.5796875 0.14609375 0.053125 0.19453125
0 0.61953125 0.125 0.053125 0.19453125
0 0.62421875 0.31171875 0.05625 0.22578125
0 0.6421875 0.24453125 0.0484375 0.18671875
0 0.0359375 0.109375 0.04609375 0.1734375
0 0.57109375 0.01796875 0.053125 0.0359375
0 0.8609375 0.30859375 0.0578125 0.215625
0 0.87421875 0.15 0.04609375 0.18671875
0 0.83125 0.0984375 0.03671875 0.19453125
0 0.934375 0.09375 0.05 0.1875
0 0.24140625 0.0765625 0.04921875 0.153125
0 0.246875 0.0296875 0.0515625 0.05859375
0 0.16953125 0.06328125 0.0421875 0.1265625
0 0.67109375 0.63203125 0.05625 0.26796875
0 0.5984375 0.7734375 0.06640625 0.2734375
0 0.40234375 0.19609375 0.05625 0.19453125
0 0.08125 0.12265625 0.03359375 0.21015625
0 0.1171875 0.12734375 0.0515625 0.2046875
0 0.11640625 0.06796875 0.04453125 0.13515625
0 0.09609375 0.3703125 0.0515625 0.23359375
0 0.05 0.3734375 0.046875 0.20234375
0 0.06015625 0.3 0.04453125 0.16015625
0 0.053125 0.225 0.04453125 0.13671875
0 0.01875 0.31953125 0.0375 0.2296875
0 0.4859375 0.240625 0.0515625 0.23125
0 0.5359375 0.84609375 0.0734375 0.3078125
0 0.5140625 0.675 0.06328125 0.28125