0 0.67109375 0.7671875 0.06015625 0.24921875
0 0.7703125 0.890625 0.06484375 0.21875
0 0.3 0.7375 0.05703125 0.23828125
0 0.3296875 0.61328125 0.05390625 0.2515625
0 0.3953125 0.11484375 0.05546875 0.15
0 0.39453125 0.0515625 0.0578125 0.103125
0 0.71953125 0.28671875 0.05703125 0.14453125
0 0.6296875 0.91875 0.06328125 0.1625
0 0.515625 0.95625 0.0828125 0.0875
0 0.51796875 0.8515625 0.071875 0.26796875
0 0.4421875 0.33984375 0.05859375 0.2140625
0 0.5109375 0.30078125 0.05859375 0.2328125
0 0.56953125 0.2703125 0.0453125 0.203125
0 0.60234375 0.2625 0.05390625 0.1984375
0 0.64296875 0.240625 0.05390625 0.1984375
0 0.64765625 0.43125 0.05703125 0.23046875
0 0.66640625 0.3625 0.05 0.18984375
0 0.14609375 0.19375 0.046875 0.20625
0 0.10234375 0.1875 0.04375 0.165625
0 0.04765625 0.225 0.046875 0.1765625
0 0.01875 0.409375 0.0375 0.240625
0 0.03359375 0.6859375 0.06640625 0.24375
0 0.046875 0.39375 0.0484375 0.21953125
0 0.08671875 0.46015625 0.0390625 0.1984375
0 0.1234375 0.45 0.05546875 0.240625
0 0.1 0.30078125 0.05078125 0.16875
0 0.52265625 0.0703125 0.0390625 0.140625
0 0.55390625 0.0671875 0.046875 0.13359375
0 0.59296875 0.075 0.05390625 0.15
0 0.8890625 0.428125 0.05859375 0.21953125
0 0.90234375 0.26640625 0.046875 0.18984375
0 0.85859375 0.2140625 0.0375 0.1984375
0 0.96328125 0.20625 0.05078125 0.1984375
0 0.89296875 0.06015625 0.040625 0.09921875
0 0.8578125 0.06171875 0.0359375 0.1234375
0 0.92734375 0.0765625 0.0453125 0.11484375
0 0.25703125 0.18984375 0.05 0.1609375
0 0.26328125 0.08984375 0.05234375 0.16875
0 0.18359375 0.15390625 0.04375 0.1796875