0 0.3328125 0.796875 0.0578125 0.21875
0 0.75078125 0.6484375 0.05078125 0.21171875
0 0.7234375 0.5375 0.0484375 0.2234375
0 0.665625 0.0953125 0.04921875 0.1328125
0 0.6671875 0.04296875 0.05234375 0.0859375
0 0.37734375 0.24765625 0.05078125 0.128125
0 0.7015625 0.94453125 0.065625 0.1109375
0 0.62421875 0.2953125 0.05234375 0.18984375
0 0.5625 0.2609375 0.05234375 0.20703125
0 0.5109375 0.23359375 0.03984375 0.18046875
0 0.48203125 0.2265625 0.0484375 0.17578125
0 0.44609375 0.20703125 0.0484375 0.17578125
0 0.44140625 0.37578125 0.05078125 0.2046875
0 0.425 0.315625 0.04375 0.16875
0 0.05859375 0.49609375 0.06015625 0.21171875
0 0.8875 0.165625 0.04140625 0.1828125
0 0.9265625 0.159375 0.0390625 0.14765625
0 0.97421875 0.19296875 0.04140625 0.15703125
0 0.9921875 0.35703125 0.015625 0.2140625
0 0.97890625 0.60234375 0.0421875 0.21640625
0 0.975 0.34296875 0.04296875 0.19453125
0 0.940625 0.40234375 0.034375 0.17578125
0 0.9078125 0.39296875 0.04921875 0.2140625
0 0.928125 0.2609375 0.0453125 0.15
0 0.55234375 0.059375 0.034375 0.11875
0 0.525 0.05625 0.04140625 0.1125
0 0.48984375 0.06328125 0.0484375 0.1265625
0 0.22734375 0.3734375 0.05234375 0.19453125
0 0.21484375 0.2296875 0.04140625 0.16875
0 0.25390625 0.18359375 0.03359375 0.17578125
0 0.1609375 0.1765625 0.0453125 0.17578125
0 0.2234375 0.046875 0.0359375 0.08828125
0 0.2546875 0.0515625 0.03203125 0.10234375
0 0.19296875 0.0609375 0.03984375 0.10234375
0 0.78828125 0.16171875 0.04375 0.14296875
0 0.7828125 0.0734375 0.046875 0.146875
0 0.85390625 0.1296875 0.0390625 0.159375
0 0.5484375 0.71015625 0.06171875 0.20703125
0 0.54609375 0.88828125 0.0640625 0.2234375
0 0.45859375 0.821875 0.0546875 0.25390625
0 0.39921875 0.665625 0.05078125 0.2421875