0 0.5484375 0.64296875 0.0578125 0.23828125
0 0.6421875 0.77421875 0.06171875 0.2359375
0 0.19296875 0.61484375 0.0546875 0.228125
0 0.221875 0.4953125 0.0515625 0.240625
0 0.284375 0.0453125 0.053125 0.08984375
0 0.17890625 0.0546875 0.04296875 0.10859375
0 0.59453125 0.1828125 0.0546875 0.13828125
0 0.2453125 0.93671875 0.0703125 0.12578125
0 0.5078125 0.84765625 0.06015625 0.27421875
0 0.39921875 0.890625 0.07890625 0.21796875
0 0.4015625 0.7234375 0.06875 0.25625
0 0.32890625 0.234375 0.05625 0.2046875
0 0.3953125 0.196875 0.05625 0.22265625
0 0.45078125 0.1671875 0.04296875 0.19453125
0 0.48203125 0.16015625 0.0515625 0.18984375
0 0.52109375 0.1390625 0.0515625 0.18984375
0 0.525 0.32109375 0.0546875 0.2203125
0 0.54296875 0.25625 0.04765625 0.18203125
0 0.9375 0.45078125 0.06484375 0.228125
0 0.046875 0.09609375 0.04375 0.1921875
0 0.0125 0.0875 0.025 0.15859375
0 0.00390625 0.34921875 0.0078125 0.18984375
0 0.02578125 0.3375 0.0515625 0.23125
0 0.01328125 0.196875 0.0265625 0.16171875
0 0.40625 0.021875 0.0375 0.04375
0 0.4359375 0.01875 0.04453125 0.03671875
0 0.47421875 0.02578125 0.0515625 0.0515625
0 0.75625 0.31875 0.05625 0.21015625
0 0.76875 0.1640625 0.04453125 0.18203125
0 0.72734375 0.1140625 0.0359375 0.18984375
0 0.82734375 0.10625 0.04921875 0.18984375
0 0.7265625 0.01328125 0.034375 0.0265625
0 0.79296875 0.01875 0.04296875 0.03671875