0 0.35703125 0.80078125 0.0625 0.23671875
0 0.809375 0.63984375 0.0546875 0.22890625
0 0.78046875 0.5203125 0.05234375 0.24140625
0 0.71640625 0.05625 0.0546875 0.1125
0 0.71875 0.015625 0.05703125 0.03125
0 0.40546875 0.20625 0.0546875 0.1390625
0 0.55 0.190625 0.04375 0.1953125
0 0.51875 0.1828125 0.05234375 0.190625
0 0.4796875 0.1625 0.05234375 0.190625
0 0.5953125 0.03359375 0.0375 0.0671875
0 0.565625 0.0296875 0.0453125 0.059375
0 0.52734375 0.0375 0.05234375 0.075
0 0.24296875 0.34296875 0.05625 0.2109375
0 0.2296875 0.18671875 0.04453125 0.1828125
0 0.271875 0.13671875 0.0359375 0.190625
0 0.17109375 0.12890625 0.04921875 0.190625
0 0.23828125 0.01796875 0.0390625 0.0359375
0 0.27265625 0.025 0.034375 0.04921875
0 0.20546875 0.0296875 0.04375 0.059375
0 0.84453125 0.04921875 0.05 0.09765625
0 0.42890625 0.65859375 0.0546875 0.2625
0 0.61015625 0.27578125 0.05078125 0.2265625
0 0.5609375 0.85859375 0.071875 0.2828125
0 0.5828125 0.7015625 0.0625 0.275
0 0.4609375 0.284375 0.0546875 0.24453125
0 0.45234375 0.35703125 0.06328125 0.24453125
0 0.22734375 0.234375 0.0421875 0.175
0 0.85625 0.1640625 0.04765625 0.16171875
0 0.92421875 0.125 0.0421875 0.1671875
0 0.97265625 0.184375 0.04609375 0.203125
0 0.97890625 0.084375 0.040625 0.12109375
0 0.99375 0.41796875 0.0125 0.2296875
0 0.4984375 0.75703125 0.0578125 0.246875
0 0.703125 0.20390625 0.05390625 0.190625