0 0.28515625 0.8515625 0.0625 0.23671875
0 0.73671875 0.69140625 0.0546875 0.22890625
0 0.7078125 0.571875 0.05234375 0.24140625
0 0.6453125 0.09296875 0.05390625 0.14375
0 0.64609375 0.04140625 0.05703125 0.08203125
0 0.33359375 0.2578125 0.0546875 0.1390625
0 0.35625 0.71015625 0.0546875 0.2625
0 0.63046875 0.25546875 0.05390625 0.190625
0 0.50390625 0.71328125 0.06640625 0.25703125
0 0.4328125 0.79296875 0.059375 0.278125
0 0.15546875 0.46328125 0.06953125 0.22109375
0 0.9953125 0.42421875 0.00859375 0.2109375
0 0.9859375 0.33515625 0.028125 0.1203125
0 0.9734375 0.3734375 0.05078125 0.07734375
0 0.94609375 0.490625 0.04453125 0.234375
0 0.97890625 0.49609375 0.04140625 0.2109375
0 0.5546875 0.38984375 0.06328125 0.2390625
0 0.35234375 0.415625 0.04375 0.21328125
0 0.3859375 0.34375 0.04765625 0.24921875
0 0.3890625 0.2078125 0.04765625 0.14140625
0 0.49140625 0.3140625 0.04375 0.1796875
0 0.45 0.3015625 0.0421875 0.20078125
0 0.53515625 0.10234375 0.0421875 0.16171875
0 0.4953125 0.0890625 0.034375 0.1671875
0 0.46328125 0.0984375 0.0375 0.1796875
0 0.16875 0.3140625 0.0359375 0.1953125
0 0.14921875 0.25390625 0.0421875 0.17265625
0 0.1203125 0.228125 0.034375 0.19765625
0 0.09765625 0.18671875 0.03203125 0.1875
0 0.13125 0.09453125 0.03046875 0.10546875
0 0.16875 0.13671875 0.0390625 0.14921875
0 0.20703125 0.140625 0.0359375 0.19296875
0 0.13515625 0.05234375 0.03203125 0.09296875
0 0.44765625 0.85234375 0.07265625 0.2953125
0 0.79765625 0.2375 0.0375 0.14375
0 0.78203125 0.1265625 0.05234375 0.1796875
0 0.79375 0.0453125 0.03046875 0.090625
0 0.76640625 0.0515625 0.04453125 0.103125
0 0.8671875 0.19375 0.0375 0.16953125
0 0.95234375 0.24453125 0.040625 0.16484375
0 0.9109375 0.25234375 0.04453125 0.1953125
0 0.92109375 0.16796875 0.0375 0.1234375
0 0.9375 0.134375 0.0390625 0.14921875