0 0.3640625 0.09765625 0.04609375 0.12265625
0 0.3625 0.0484375 0.04375 0.096875
0 0.3 0.58203125 0.053125 0.2359375
0 0.27109375 0.70859375 0.05859375 0.25859375
0 0.7203125 0.87265625 0.05625 0.23828125
0 0.5875 0.38359375 0.05859375 0.2125
0 0.6234375 0.35546875 0.04453125 0.21796875
0 0.61875 0.1953125 0.0546875 0.17421875
0 0.675 0.27109375 0.0390625 0.11015625
0 0.6359375 0.71875 0.0546875 0.25390625
0 0.84765625 0.35 0.05 0.2078125
0 0.82421875 0.23359375 0.040625 0.18984375
0 0.81171875 0.18515625 0.03046875 0.16875
0 0.88984375 0.23515625 0.0390625 0.18671875
0 0.91953125 0.203125 0.0328125 0.18984375
0 0.8890625 0.14140625 0.0375 0.1484375
0 0.84140625 0.15703125 0.0375 0.16875
0 0.79453125 0.0671875 0.04140625 0.1125
0 0.8265625 0.0421875 0.0375 0.084375
0 0.8625 0.05 0.046875 0.1
0 0.25625 0.04609375 0.03203125 0.0921875
0 0.05 0.58828125 0.0578125 0.2484375
0 0.025 0.559375 0.05 0.259375
0 0.12578125 0.38828125 0.04453125 0.2125
0 0.09140625 0.38203125 0.04140625 0.2
0 0.09375 0.2953125 0.03203125 0.1125
0 0.06171875 0.3203125 0.034375 0.2
0 0.028125 0.34765625 0.0328125 0.20234375
0 0.00703125 0.328125 0.0140625 0.184375
0 0.13125 0.14140625 0.0390625 0.15859375
0 0.53828125 0.2171875 0.04609375 0.16640625
0 0.575 0.2078125 0.04140625 0.184375
0 0.35078125 0.95078125 0.08046875 0.0984375
0 0.46953125 0.2359375 0.05 0.2203125
0 0.7578125 0.05 0.03125 0.1
0 0.16953125 0.1015625 0.034375 0.1359375
0 0.99453125 0.57890625 0.01015625 0.24609375
0 0.57734375 0.9109375 0.0734375 0.178125
0 0.4171875 0.32421875 0.04921875 0.2125
0 0.2359375 0.16328125 0.04609375 0.16171875
0 0.4734375 0.9453125 0.07734375 0.10859375
0 0.47265625 0.82421875 0.0703125 0.2484375
0 0.0953125 0.26328125 0.04921875 0.14609375
0 0.02265625 0.22578125 0.04453125 0.15390625