0 0.684375 0.79296875 0.05703125 0.2171875
0 0.26875 0.6453125 0.05078125 0.21015625
0 0.2953125 0.53515625 0.04765625 0.221875
0 0.353125 0.09609375 0.04921875 0.13203125
0 0.35234375 0.04296875 0.05234375 0.0859375
0 0.63984375 0.246875 0.05078125 0.12734375
0 0.3171875 0.9421875 0.06484375 0.115625
0 0.39453125 0.29453125 0.0515625 0.1890625
0 0.45546875 0.26015625 0.0515625 0.20546875
0 0.50703125 0.2328125 0.03984375 0.1796875
0 0.5359375 0.22578125 0.04765625 0.175
0 0.571875 0.20703125 0.04765625 0.175
0 0.57578125 0.375 0.05078125 0.203125
0 0.59296875 0.31484375 0.04375 0.16796875
0 0.95703125 0.49375 0.06015625 0.21015625
0 0.1328125 0.165625 0.04140625 0.18203125
0 0.09375 0.159375 0.03828125 0.146875
0 0.04609375 0.19296875 0.04140625 0.15625
0 0.01796875 0.35625 0.0359375 0.2125
0 0.0328125 0.60078125 0.06015625 0.21484375
0 0.0453125 0.34140625 0.0421875 0.19375
0 0.0796875 0.40078125 0.034375 0.175
0 0.1125 0.39140625 0.04921875 0.2125
0 0.0921875 0.26015625 0.0453125 0.14921875
0 0.465625 0.059375 0.034375 0.11875
0 0.49296875 0.05625 0.04140625 0.1125
0 0.528125 0.06328125 0.04765625 0.1265625
0 0.78984375 0.37265625 0.0515625 0.19375
0 0.8015625 0.2296875 0.04140625 0.16796875
0 0.76328125 0.18359375 0.03359375 0.175
0 0.85546875 0.1765625 0.0453125 0.175
0 0.79375 0.04765625 0.0359375 0.0875
0 0.7625 0.0515625 0.03203125 0.103125
0 0.8234375 0.06171875 0.03984375 0.1015625
0 0.23125 0.16171875 0.04375 0.14140625
0 0.2375 0.0734375 0.046875 0.146875
0 0.165625 0.13046875 0.03828125 0.15859375
0 0.46953125 0.70703125 0.0609375 0.20546875
0 0.47265625 0.88671875 0.0640625 0.22578125
0 0.559375 0.81796875 0.0546875 0.253125
0 0.61875 0.66328125 0.05078125 0.24140625