0 0.2984375 0.78203125 0.06015625 0.2296875
0 0.7375 0.62578125 0.053125 0.22265625
0 0.709375 0.509375 0.05078125 0.23515625
0 0.64765625 0.05703125 0.05234375 0.1140625
0 0.64921875 0.0171875 0.0546875 0.034375
0 0.3453125 0.2046875 0.053125 0.13515625
0 0.4859375 0.18984375 0.0421875 0.18984375
0 0.4546875 0.18203125 0.05078125 0.18515625
0 0.4171875 0.16171875 0.05078125 0.18515625
0 0.41328125 0.33984375 0.053125 0.21484375
0 0.3953125 0.27578125 0.04609375 0.17734375
0 0.02109375 0.465625 0.0421875 0.22265625
0 0.97265625 0.146875 0.04375 0.16484375
0 0.5296875 0.034375 0.03671875 0.06875
0 0.50078125 0.03125 0.04375 0.06171875
0 0.4625 0.03828125 0.05 0.0765625
0 0.1875 0.33671875 0.0546875 0.2046875
0 0.175 0.1859375 0.04375 0.17734375
0 0.215625 0.13671875 0.03515625 0.18515625
0 0.11796875 0.1296875 0.04765625 0.18515625
0 0.1828125 0.01953125 0.03828125 0.0390625
0 0.215625 0.02578125 0.034375 0.0515625
0 0.1515625 0.03125 0.0421875 0.06171875
0 0.77734375 0.11484375 0.04609375 0.15
0 0.77109375 0.04921875 0.0484375 0.0984375
0 0.84609375 0.08203125 0.040625 0.1640625
0 0.525 0.690625 0.06484375 0.2171875
0 0.36796875 0.64453125 0.053125 0.2546875
0 0.50234375 0.86328125 0.07109375 0.27265625
0 0.4375 0.7796875 0.06328125 0.26015625
0 0.6234375 0.2296875 0.053125 0.18515625
0 0.92890625 0.159375 0.03203125 0.2
0 0.8953125 0.16484375 0.04921875 0.1953125
0 0.89609375 0.090625 0.0421875 0.1625
0 0.91484375 0.39609375 0.04921875 0.22265625
0 0.959375 0.3984375 0.0453125 0.1921875
0 0.94921875 0.328125 0.0421875 0.15234375
0 0.95625 0.25703125 0.0421875 0.1296875
0 0.9859375 0.34765625 0.028125 0.21796875
0 0.54453125 0.271875 0.04921875 0.2203125