0 0.66484375 0.8859375 0.0640625 0.228125
0 0.20078125 0.72890625 0.05625 0.23515625
0 0.23046875 0.60625 0.053125 0.2484375
0 0.2953125 0.11484375 0.0546875 0.14765625
0 0.29453125 0.0515625 0.0578125 0.103125
0 0.61484375 0.28359375 0.05625 0.14296875
0 0.34140625 0.33671875 0.0578125 0.21171875
0 0.409375 0.2984375 0.0578125 0.2296875
0 0.46640625 0.26796875 0.04453125 0.20078125
0 0.49921875 0.26015625 0.053125 0.1953125
0 0.53984375 0.2390625 0.053125 0.1953125
0 0.54375 0.4265625 0.05625 0.22734375
0 0.5625 0.359375 0.04921875 0.1875
0 0.96796875 0.559375 0.0640625 0.2359375
0 0.04921875 0.19296875 0.04609375 0.203125
0 0.0140625 0.18515625 0.028125 0.1640625
0 0.0046875 0.4546875 0.009375 0.1953125
0 0.02734375 0.44453125 0.05390625 0.2375
0 0.01484375 0.2984375 0.02890625 0.1671875
0 0.42109375 0.0703125 0.03828125 0.140625
0 0.4515625 0.06640625 0.04609375 0.1328125
0 0.490625 0.07421875 0.053125 0.1484375
0 0.78203125 0.42421875 0.0578125 0.21640625
0 0.7953125 0.2640625 0.04609375 0.1875
0 0.75234375 0.2125 0.0375 0.1953125
0 0.85546875 0.2046875 0.05078125 0.1953125
0 0.78671875 0.06015625 0.03984375 0.09765625
0 0.75234375 0.0609375 0.0359375 0.121875
0 0.8203125 0.0765625 0.04453125 0.11328125
0 0.15859375 0.1890625 0.04921875 0.15859375
0 0.16484375 0.08984375 0.05234375 0.16640625
0 0.0859375 0.153125 0.04296875 0.17734375
0 0.425 0.79765625 0.06796875 0.2296875
0 0.428125 0.93671875 0.07109375 0.1265625
0 0.52578125 0.88984375 0.0609375 0.21953125
0 0.59140625 0.74921875 0.05625 0.26953125