0 0.72109375 0.79609375 0.06171875 0.2359375
0 0.27109375 0.6359375 0.0546875 0.228125
0 0.3 0.5171875 0.0515625 0.240625
0 0.3625 0.05546875 0.053125 0.1109375
0 0.36171875 0.01484375 0.05625 0.0296875
0 0.67265625 0.2046875 0.0546875 0.13828125
0 0.52890625 0.1890625 0.04296875 0.19453125
0 0.56015625 0.18125 0.0515625 0.18984375
0 0.59921875 0.1609375 0.0515625 0.18984375
0 0.60390625 0.34296875 0.0546875 0.2203125
0 0.621875 0.27734375 0.04765625 0.18203125
0 0.99140625 0.471875 0.01640625 0.228125
0 0.03046875 0.1453125 0.04453125 0.16875
0 0.484375 0.0328125 0.0375 0.065625
0 0.51484375 0.02890625 0.0453125 0.0578125
0 0.5515625 0.03671875 0.0515625 0.0734375
0 0.834375 0.33984375 0.05625 0.21015625
0 0.84765625 0.18515625 0.04453125 0.18203125
0 0.80546875 0.13515625 0.0359375 0.18984375
0 0.90546875 0.12734375 0.04921875 0.18984375
0 0.83984375 0.0171875 0.0390625 0.034375
0 0.8046875 0.02421875 0.034375 0.0484375
0 0.871875 0.02890625 0.04375 0.0578125
0 0.23046875 0.1125 0.04765625 0.15390625
0 0.2359375 0.0484375 0.05 0.09609375
0 0.1609375 0.08125 0.040625 0.1625
0 0.64921875 0.65546875 0.0546875 0.2609375
0 0.578125 0.79375 0.06484375 0.26640625
0 0.3875 0.2296875 0.0546875 0.18984375
0 0.075 0.15859375 0.0328125 0.2046875
0 0.109375 0.16328125 0.05 0.2
0 0.10859375 0.0875 0.04296875 0.16640625
0 0.0890625 0.4 0.05 0.228125
0 0.04375 0.403125 0.04609375 0.196875
0 0.05390625 0.33125 0.04296875 0.15625
0 0.046875 0.2578125 0.04296875 0.1328125
0 0.015625 0.3515625 0.03125 0.2234375
0 0.46875 0.2734375 0.05 0.22578125
0 0.5171875 0.85703125 0.071875 0.2859375
0 0.49609375 0.69765625 0.06171875 0.27421875