0 0.6703125 0.7921875 0.05625 0.2140625
0 0.2609375 0.646875 0.05 0.20703125
0 0.2875 0.53828125 0.046875 0.21875
0 0.34375 0.10546875 0.0484375 0.13046875
0 0.34296875 0.04765625 0.0515625 0.0953125
0 0.6265625 0.2546875 0.05 0.12578125
0 0.60546875 0.6640625 0.05 0.2375
0 0.35703125 0.25234375 0.0484375 0.171875
0 0.7875 0.440625 0.0625 0.2
0 0.015625 0.40546875 0.03125 0.190625
0 0.03125 0.32578125 0.0328125 0.109375
0 0.046875 0.359375 0.04609375 0.06953125
0 0.071875 0.465625 0.040625 0.21171875
0 0.03515625 0.47109375 0.05078125 0.190625
0 0.42578125 0.37421875 0.0578125 0.21640625
0 0.609375 0.39765625 0.0390625 0.19296875
0 0.578125 0.3328125 0.04296875 0.22578125
0 0.57578125 0.209375 0.04296875 0.128125
0 0.48359375 0.30625 0.0390625 0.16328125
0 0.52109375 0.29453125 0.03828125 0.18125
0 0.44375 0.1140625 0.03828125 0.146875
0 0.4796875 0.10234375 0.03125 0.1515625
0 0.50859375 0.11015625 0.034375 0.16328125
0 0.775 0.30625 0.0328125 0.1765625
0 0.79296875 0.25078125 0.03828125 0.15625
0 0.81875 0.228125 0.03125 0.17890625
0 0.83984375 0.190625 0.02890625 0.1703125
0 0.80859375 0.10703125 0.02734375 0.0953125
0 0.775 0.1453125 0.03515625 0.13515625
0 0.740625 0.1484375 0.0328125 0.17421875
0 0.80546875 0.06875 0.02890625 0.08359375
0 0.52265625 0.8015625 0.065625 0.284375
0 0.20625 0.2359375 0.034375 0.13046875
0 0.2203125 0.1359375 0.046875 0.16328125
0 0.209375 0.0515625 0.02734375 0.103125
0 0.234375 0.05703125 0.040625 0.1140625
0 0.14296875 0.19609375 0.034375 0.15390625
0 0.065625 0.24296875 0.03671875 0.14921875
0 0.103125 0.25 0.040625 0.1765625
0 0.09453125 0.1734375 0.034375 0.11171875
0 0.0796875 0.14296875 0.03515625 0.13515625
0 0.53828125 0.6828125 0.0546875 0.209375
0 0.47421875 0.64453125 0.0625 0.23046875
0 0.91640625 0.38125 0.04609375 0.19296875