0 0.67890625 0.81171875 0.06015625 0.2296875
0 0.23984375 0.65546875 0.053125 0.22265625
0 0.26796875 0.53984375 0.05078125 0.23515625
0 0.3296875 0.07421875 0.05234375 0.13984375
0 0.328125 0.03203125 0.0546875 0.0640625
0 0.63203125 0.234375 0.053125 0.13515625
0 0.49140625 0.21953125 0.0421875 0.18984375
0 0.52265625 0.21171875 0.05078125 0.18515625
0 0.56015625 0.1921875 0.05078125 0.18515625
0 0.4484375 0.04921875 0.0375 0.0984375
0 0.47734375 0.04609375 0.04375 0.0921875
0 0.51484375 0.053125 0.0515625 0.10625
0 0.78984375 0.3671875 0.0546875 0.2046875
0 0.80234375 0.215625 0.04375 0.17734375
0 0.76171875 0.1671875 0.03515625 0.18515625
0 0.859375 0.159375 0.04765625 0.18515625
0 0.79453125 0.034375 0.03828125 0.06875
0 0.76171875 0.040625 0.0328125 0.08125
0 0.82578125 0.04609375 0.0421875 0.0921875
0 0.20625 0.06484375 0.04921875 0.12890625
0 0.609375 0.67421875 0.053125 0.2546875
0 0.43359375 0.30234375 0.04921875 0.2203125
0 0.48046875 0.865625 0.0703125 0.26796875
0 0.46015625 0.715625 0.06015625 0.2671875
0 0.57890625 0.3109375 0.053125 0.2375
0 0.58671875 0.38046875 0.06171875 0.2375
0 0.80546875 0.26171875 0.040625 0.1703125
0 0.19453125 0.19296875 0.04609375 0.1578125
0 0.128125 0.15546875 0.040625 0.1625
0 0.08125 0.21328125 0.0453125 0.19765625
0 0.07578125 0.115625 0.0390625 0.1171875
0 0.04296875 0.196875 0.03828125 0.175
0 0.025 0.1546875 0.03671875 0.1796875
0 0.046875 0.440625 0.040625 0.22265625
0 0.01484375 0.4515625 0.0296875 0.1953125
0 0.0125 0.30546875 0.025 0.14296875
0 0.5421875 0.76953125 0.05625 0.23984375
0 0.34375 0.23203125 0.05234375 0.18515625