0 0.6796875 0.8015625 0.05703125 0.21640625
0 0.26640625 0.65390625 0.05 0.209375
0 0.29296875 0.54453125 0.04765625 0.22109375
0 0.35078125 0.10703125 0.04921875 0.13203125
0 0.34921875 0.0484375 0.0515625 0.096875
0 0.63515625 0.2578125 0.05 0.12734375
0 0.503125 0.24375 0.03984375 0.17890625
0 0.53203125 0.23671875 0.04765625 0.17421875
0 0.56796875 0.2171875 0.04765625 0.17421875
0 0.4625 0.06484375 0.034375 0.1296875
0 0.4890625 0.06171875 0.04140625 0.1234375
0 0.52421875 0.06875 0.04765625 0.1375
0 0.784375 0.38203125 0.0515625 0.19296875
0 0.79609375 0.23984375 0.040625 0.1671875
0 0.7578125 0.19375 0.0328125 0.17421875
0 0.85 0.18671875 0.0453125 0.17421875
0 0.78828125 0.05859375 0.0359375 0.08671875
0 0.75703125 0.05703125 0.03203125 0.1140625
0 0.81796875 0.07265625 0.03984375 0.1015625
0 0.234375 0.084375 0.04609375 0.1484375
0 0.6140625 0.671875 0.05 0.23984375
0 0.3734375 0.28125 0.05 0.17421875
0 0.4484375 0.32109375 0.04609375 0.20703125
0 0.49375 0.8625 0.065625 0.275
0 0.4734375 0.7109375 0.05703125 0.2515625
0 0.58515625 0.3296875 0.05 0.2234375
0 0.59296875 0.3953125 0.0578125 0.2234375
0 0.7984375 0.28359375 0.03828125 0.16015625
0 0.2234375 0.21875 0.04375 0.1484375
0 0.1609375 0.18359375 0.03828125 0.153125
0 0.1171875 0.2375 0.0421875 0.1859375
0 0.11171875 0.14609375 0.03671875 0.1109375
0 0.08046875 0.221875 0.0359375 0.16484375
0 0.0640625 0.18203125 0.034375 0.16953125
0 0.084375 0.4515625 0.03828125 0.209375
0 0.046875 0.4625 0.0421875 0.18359375
0 0.021875 0.4109375 0.04375 0.2
0 0.04453125 0.325 0.03984375 0.134375
0 0.55078125 0.7609375 0.053125 0.22578125