0 0.32109375 0.79375 0.059375 0.22578125
0 0.753125 0.63984375 0.05234375 0.21875
0 0.725 0.52578125 0.05 0.23046875
0 0.66484375 0.06953125 0.05078125 0.1375
0 0.66640625 0.0296875 0.05390625 0.05859375
0 0.3671875 0.2265625 0.05234375 0.1328125
0 0.38984375 0.65859375 0.05234375 0.25078125
0 0.6515625 0.22421875 0.05078125 0.18203125
0 0.19765625 0.42265625 0.06640625 0.2109375
0 0.9890625 0.30078125 0.021875 0.11484375
0 0.9765625 0.33671875 0.046875 0.0734375
0 0.95234375 0.4484375 0.04296875 0.2234375
0 0.98203125 0.4546875 0.0359375 0.2015625
0 0.57890625 0.353125 0.0609375 0.228125
0 0.38515625 0.37734375 0.04140625 0.20390625
0 0.41796875 0.30859375 0.0453125 0.23828125
0 0.4203125 0.17890625 0.0453125 0.13515625
0 0.51796875 0.28046875 0.04140625 0.171875
0 0.47890625 0.26796875 0.03984375 0.19140625
0 0.56015625 0.078125 0.03984375 0.1546875
0 0.521875 0.07265625 0.0328125 0.1453125
0 0.49140625 0.0796875 0.0359375 0.159375
0 0.2109375 0.28046875 0.034375 0.18671875
0 0.19140625 0.22265625 0.03984375 0.16484375
0 0.1640625 0.1984375 0.0328125 0.1890625
0 0.1421875 0.15859375 0.03046875 0.17890625
0 0.175 0.0703125 0.02890625 0.10078125
0 0.2109375 0.1109375 0.0375 0.1421875
0 0.246875 0.11484375 0.034375 0.184375
0 0.178125 0.03671875 0.03046875 0.0734375
0 0.4765625 0.80390625 0.06875 0.29921875
0 0.8109375 0.20703125 0.0359375 0.1375
0 0.7953125 0.1015625 0.05 0.171875
0 0.80703125 0.03359375 0.02890625 0.0671875
0 0.78046875 0.0390625 0.0421875 0.078125
0 0.87734375 0.16484375 0.0359375 0.16171875
0 0.95859375 0.2140625 0.0390625 0.15703125
0 0.91953125 0.221875 0.04296875 0.18671875
0 0.928125 0.140625 0.0359375 0.11796875
0 0.94375 0.10859375 0.0375 0.1421875
0 0.46015625 0.678125 0.0578125 0.22109375
0 0.52734375 0.6375 0.06640625 0.24296875
0 0.06171875 0.36015625 0.0484375 0.20390625