0 0.25078125 0.8171875 0.06328125 0.23984375
0 0.70859375 0.65390625 0.05546875 0.23203125
0 0.6796875 0.5328125 0.053125 0.2453125
0 0.615625 0.06015625 0.0546875 0.1203125
0 0.61640625 0.01796875 0.0578125 0.0359375
0 0.3 0.21484375 0.05546875 0.140625
0 0.65546875 0.959375 0.071875 0.08125
0 0.5703125 0.26640625 0.05703125 0.20859375
0 0.503125 0.22890625 0.05703125 0.22734375
0 0.446875 0.19921875 0.04375 0.1984375
0 0.4140625 0.19140625 0.053125 0.19296875
0 0.375 0.1703125 0.053125 0.19296875
0 0.3703125 0.35546875 0.05546875 0.22421875
0 0.35234375 0.2890625 0.0484375 0.18515625
0 0.859375 0.12421875 0.0453125 0.20078125
0 0.9015625 0.11796875 0.0421875 0.16171875
0 0.9546875 0.1546875 0.0453125 0.171875
0 0.9828125 0.334375 0.034375 0.23515625
0 0.96796875 0.6046875 0.0640625 0.23828125
0 0.95546875 0.31875 0.046875 0.2140625
0 0.9171875 0.384375 0.03828125 0.19296875
0 0.88125 0.3734375 0.05390625 0.23515625
0 0.90390625 0.22890625 0.05 0.1640625
0 0.4921875 0.03671875 0.03828125 0.0734375
0 0.46171875 0.0328125 0.04609375 0.065625
0 0.4234375 0.040625 0.053125 0.08125
0 0.13515625 0.353125 0.05703125 0.2140625
0 0.121875 0.1953125 0.0453125 0.18515625
0 0.16484375 0.14375 0.03671875 0.19296875
0 0.0625 0.1359375 0.05 0.19296875
0 0.13046875 0.02109375 0.03984375 0.04140625
0 0.16484375 0.02734375 0.0359375 0.0546875
0 0.09765625 0.0328125 0.04375 0.065625
0 0.75078125 0.1203125 0.0484375 0.15625
0 0.74453125 0.05234375 0.05078125 0.1046875
0 0.82265625 0.0859375 0.0421875 0.171875
0 0.4875 0.721875 0.0671875 0.22734375
0 0.48359375 0.89765625 0.0703125 0.2046875
0 0.3890625 0.84453125 0.06015625 0.27890625
0 0.3234375 0.6734375 0.05546875 0.26640625