0 0.3078125 0.80390625 0.059375 0.22578125
0 0.73984375 0.65 0.05234375 0.21875
0 0.71171875 0.5359375 0.05 0.23046875
0 0.6515625 0.07890625 0.05078125 0.1375
0 0.653125 0.034375 0.05390625 0.06875
0 0.35390625 0.2359375 0.05234375 0.1328125
0 0.4921875 0.221875 0.04140625 0.18671875
0 0.46171875 0.2140625 0.05 0.18203125
0 0.42421875 0.19453125 0.05 0.18203125
0 0.4203125 0.36875 0.05234375 0.2109375
0 0.403125 0.30625 0.0453125 0.17421875
0 0.028125 0.49296875 0.05546875 0.21875
0 0.97109375 0.1796875 0.04296875 0.16171875
0 0.53515625 0.0515625 0.0359375 0.103125
0 0.50625 0.0484375 0.04296875 0.09609375
0 0.4703125 0.05546875 0.05 0.1109375
0 0.1984375 0.36640625 0.05390625 0.2015625
0 0.1859375 0.21796875 0.04296875 0.17421875
0 0.2265625 0.1703125 0.034375 0.18203125
0 0.13046875 0.1625 0.046875 0.18203125
0 0.19453125 0.03671875 0.0375 0.0734375
0 0.22734375 0.04296875 0.0328125 0.0859375
0 0.16328125 0.0484375 0.04140625 0.09609375
0 0.77890625 0.14765625 0.0453125 0.14765625
0 0.7734375 0.06640625 0.0484375 0.1328125
0 0.846875 0.11484375 0.03984375 0.16484375
0 0.53125 0.7140625 0.06328125 0.21328125
0 0.3765625 0.66875 0.05234375 0.25078125
0 0.50703125 0.87421875 0.0703125 0.2515625
0 0.44453125 0.80078125 0.0625 0.25546875
0 0.62734375 0.2609375 0.05234375 0.18203125
0 0.928125 0.1921875 0.03203125 0.19609375
0 0.89453125 0.196875 0.0484375 0.19140625
0 0.8953125 0.12421875 0.04140625 0.159375
0 0.9140625 0.42421875 0.0484375 0.21875
0 0.9578125 0.4265625 0.04453125 0.1890625
0 0.9484375 0.3578125 0.04140625 0.15
0 0.9546875 0.2875 0.04140625 0.12734375
0 0.98515625 0.37734375 0.0296875 0.2140625
0 0.54921875 0.30234375 0.0484375 0.21640625