0 0.32890625 0.796875 0.05625 0.215625
0 0.740625 0.65078125 0.05 0.20859375
0 0.7140625 0.54140625 0.04765625 0.2203125
0 0.65703125 0.10625 0.0484375 0.13125
0 0.6578125 0.0484375 0.0515625 0.09609375
0 0.3734375 0.25625 0.05 0.1265625
0 0.42109375 0.334375 0.04375 0.22734375
0 0.4234375 0.21015625 0.04375 0.12890625
0 0.48828125 0.8296875 0.0515625 0.2484375
0 0.52890625 0.66953125 0.05390625 0.23203125
0 0.465625 0.73515625 0.05625 0.22265625
0 0.571875 0.3671875 0.05 0.20859375
0 0.51953125 0.2890625 0.040625 0.16875
0 0.48359375 0.284375 0.04765625 0.16875
0 0.55546875 0.1078125 0.04375 0.15703125
0 0.52265625 0.09453125 0.03828125 0.1546875
0 0.490625 0.10625 0.03828125 0.16875
0 0.9296875 0.4734375 0.05234375 0.2109375
0 0.96875 0.478125 0.03515625 0.1875
0 0.96328125 0.38359375 0.03515625 0.09609375
0 0.98984375 0.41640625 0.0203125 0.18984375
0 0.97734375 0.34609375 0.03984375 0.12890625
0 0.93515625 0.246875 0.03984375 0.178125
0 0.8953125 0.246875 0.04765625 0.178125
0 0.934375 0.14140625 0.0328125 0.103125
0 0.9 0.16015625 0.03828125 0.1171875
0 0.85546875 0.18671875 0.03828125 0.16640625
0 0.79296875 0.23046875 0.03984375 0.15
0 0.78125 0.1109375 0.05 0.13125
0 0.76875 0.06015625 0.0328125 0.11953125
0 0.78828125 0.04609375 0.028125 0.09140625
0 0.64609375 0.2609375 0.03828125 0.159375
0 0.38984375 0.675 0.0484375 0.196875
0 0.3984375 0.396875 0.03671875 0.2015625
0 0.2109375 0.43984375 0.05 0.19453125
0 0.22265625 0.29921875 0.04375 0.18046875
0 0.21015625 0.23515625 0.034375 0.1546875
0 0.190625 0.21953125 0.03125 0.17109375
0 0.16875 0.1953125 0.0328125 0.1640625
0 0.12734375 0.1953125 0.03671875 0.16875
0 0.14296875 0.1671875 0.03671875 0.16875
0 0.25703125 0.15390625 0.03515625 0.16171875
0 0.27265625 0.12421875 0.0328125 0.16171875
0 0.225 0.10859375 0.03046875 0.103125
0 0.19453125 0.096875 0.03125 0.0984375
0 0.19140625 0.06796875 0.0359375 0.1359375