0 0.70234375 0.8203125 0.05859375 0.2234375
0 0.27578125 0.66875 0.0515625 0.21640625
0 0.303125 0.55546875 0.04921875 0.228125
0 0.3625 0.1046875 0.05078125 0.1359375
0 0.36171875 0.046875 0.0546875 0.09375
0 0.65703125 0.259375 0.0515625 0.13125
0 0.37578125 0.25703125 0.05078125 0.1796875
0 0.825 0.45390625 0.065625 0.20859375
0 0.44765625 0.384375 0.06015625 0.22578125
0 0.6390625 0.40859375 0.040625 0.2015625
0 0.60703125 0.34140625 0.0453125 0.23515625
0 0.60390625 0.2125 0.0453125 0.13359375
0 0.5078125 0.31328125 0.040625 0.16953125
0 0.546875 0.30078125 0.03984375 0.1890625
0 0.46640625 0.1125 0.03984375 0.153125
0 0.50390625 0.10078125 0.0328125 0.1578125
0 0.53359375 0.109375 0.03515625 0.16953125
0 0.81171875 0.31328125 0.034375 0.184375
0 0.83125 0.25625 0.03984375 0.1625
0 0.8578125 0.23203125 0.0328125 0.18671875
0 0.8796875 0.19296875 0.0296875 0.17734375
0 0.84765625 0.10546875 0.02890625 0.09921875
0 0.81171875 0.1453125 0.03671875 0.140625
0 0.7765625 0.14921875 0.034375 0.18203125
0 0.84375 0.065625 0.0296875 0.0875
0 0.221875 0.05078125 0.028125 0.1015625
0 0.24765625 0.05703125 0.0421875 0.11328125
0 0.10234375 0.175 0.03515625 0.11640625
0 0.08671875 0.14296875 0.03671875 0.140625
0 0.565625 0.70625 0.05703125 0.21875
0 0.959375 0.3921875 0.04765625 0.2015625
0 0.6046875 0.06875 0.0390625 0.1375
0 0.63828125 0.06796875 0.03984375 0.1359375
0 0.1734375 0.06328125 0.03515625 0.1265625
0 0.57265625 0.809375 0.05859375 0.26953125
0 0.49609375 0.64453125 0.06171875 0.23046875
0 0.14140625 0.21484375 0.03671875 0.1578125
0 0.09296875 0.28046875 0.04375 0.18671875
0 0.05703125 0.25859375 0.03828125 0.17734375
0 0.06328125 0.53046875 0.053125 0.23046875
0 0.02265625 0.5421875 0.04453125 0.2265625
0 0.02734375 0.43046875 0.03984375 0.1046875
0 0.2078125 0.26484375 0.0453125 0.15546875