0 0.32265625 0.80234375 0.0578125 0.21953125
0 0.74296875 0.65234375 0.05078125 0.2125
0 0.715625 0.54140625 0.0484375 0.225
0 0.65703125 0.096875 0.05 0.13359375
0 0.65859375 0.04375 0.05234375 0.08671875
0 0.36796875 0.25 0.05078125 0.12890625
0 0.3890625 0.6703125 0.05078125 0.24375
0 0.64375 0.24765625 0.05 0.1765625
0 0.20234375 0.44140625 0.06484375 0.20546875
0 0.9890625 0.40390625 0.021875 0.1953125
0 0.97890625 0.32265625 0.03359375 0.1125
0 0.9625 0.3578125 0.046875 0.071875
0 0.93671875 0.46640625 0.04140625 0.2171875
0 0.97421875 0.471875 0.0515625 0.19609375
0 0.5734375 0.3734375 0.059375 0.22265625
0 0.38515625 0.396875 0.040625 0.1984375
0 0.4171875 0.3296875 0.04453125 0.23203125
0 0.41953125 0.203125 0.04453125 0.13125
0 0.5140625 0.30234375 0.040625 0.1671875
0 0.47578125 0.290625 0.0390625 0.18671875
0 0.55546875 0.10546875 0.0390625 0.15078125
0 0.51796875 0.09375 0.03203125 0.15546875
0 0.4890625 0.1015625 0.03515625 0.1671875
0 0.21484375 0.30234375 0.03359375 0.18203125
0 0.19609375 0.24609375 0.0390625 0.16015625
0 0.1703125 0.22265625 0.03203125 0.184375
0 0.1484375 0.184375 0.0296875 0.17421875
0 0.18046875 0.0984375 0.028125 0.09765625
0 0.21484375 0.1375 0.0359375 0.13828125
0 0.25 0.14140625 0.03359375 0.17890625
0 0.18359375 0.05859375 0.0296875 0.0859375
0 0.47421875 0.81171875 0.0671875 0.29140625
0 0.79921875 0.23125 0.03515625 0.13359375
0 0.784375 0.128125 0.0484375 0.1671875
0 0.7953125 0.04765625 0.028125 0.09453125
0 0.7703125 0.053125 0.04140625 0.10625
0 0.8640625 0.190625 0.03515625 0.1578125
0 0.94296875 0.23828125 0.0375 0.153125
0 0.9046875 0.2453125 0.04140625 0.18203125
0 0.91328125 0.16640625 0.03515625 0.11484375
0 0.92890625 0.13515625 0.0359375 0.13828125
0 0.4578125 0.68984375 0.05625 0.21484375
0 0.5234375 0.65 0.06484375 0.23671875
0 0.0703125 0.38046875 0.046875 0.1984375