0 0.67109375 0.80390625 0.059375 0.22578125
0 0.23984375 0.65 0.05234375 0.21875
0 0.2671875 0.5359375 0.05 0.23046875
0 0.32734375 0.07890625 0.05078125 0.1375
0 0.32578125 0.034375 0.05390625 0.06875
0 0.625 0.2359375 0.05234375 0.1328125
0 0.48671875 0.221875 0.04140625 0.18671875
0 0.5171875 0.2140625 0.05 0.18203125
0 0.5546875 0.19453125 0.05 0.18203125
0 0.55859375 0.36875 0.05234375 0.2109375
0 0.57578125 0.30625 0.0453125 0.17421875
0 0.95390625 0.49296875 0.0625 0.21875
0 0.01484375 0.17890625 0.0296875 0.16171875
0 0.44375 0.0515625 0.0359375 0.103125
0 0.47265625 0.0484375 0.04296875 0.09609375
0 0.50859375 0.05546875 0.05 0.1109375
0 0.78046875 0.36640625 0.05390625 0.2015625
0 0.79296875 0.21796875 0.04296875 0.17421875
0 0.75234375 0.1703125 0.034375 0.18203125
0 0.8484375 0.1625 0.046875 0.18203125
0 0.784375 0.03671875 0.0375 0.0734375
0 0.75234375 0.04296875 0.0328125 0.0859375
0 0.815625 0.0484375 0.04140625 0.09609375
0 0.2 0.14765625 0.0453125 0.14765625
0 0.20546875 0.06640625 0.0484375 0.1328125
0 0.1328125 0.11484375 0.03984375 0.16484375
0 0.4484375 0.7140625 0.06328125 0.21328125
0 0.603125 0.66875 0.05234375 0.25078125
0 0.47109375 0.87421875 0.0703125 0.2515625
0 0.534375 0.80078125 0.0625 0.25546875
0 0.3515625 0.2609375 0.05234375 0.18203125
0 0.05078125 0.1921875 0.03203125 0.19609375
0 0.084375 0.196875 0.0484375 0.19140625
0 0.08359375 0.12421875 0.04140625 0.159375
0 0.06484375 0.42421875 0.0484375 0.21875
0 0.021875 0.4265625 0.04375 0.18828125
0 0.03125 0.3578125 0.04140625 0.15
0 0.02421875 0.2875 0.04140625 0.12734375
0 0.0046875 0.37734375 0.00859375 0.2140625
0 0.4296875 0.30234375 0.0484375 0.21640625