0 0.68984375 0.80078125 0.06328125 0.23984375
0 0.23203125 0.6375 0.05546875 0.23203125
0 0.2609375 0.51640625 0.053125 0.2453125
0 0.325 0.0515625 0.0546875 0.103125
0 0.640625 0.19765625 0.05546875 0.140625
0 0.6171875 0.65703125 0.05546875 0.26640625
0 0.33984375 0.1953125 0.05390625 0.19296875
0 0.46796875 0.659375 0.0671875 0.2609375
0 0.540625 0.740625 0.06015625 0.28203125
0 0.82109375 0.40625 0.0703125 0.22421875
0 0.009375 0.31484375 0.01796875 0.078125
0 0.021875 0.4328125 0.04375 0.2375
0 0.41640625 0.33203125 0.06484375 0.24296875
0 0.621875 0.35859375 0.04375 0.21640625
0 0.5875 0.28515625 0.0484375 0.253125
0 0.584375 0.146875 0.0484375 0.14375
0 0.48125 0.25546875 0.04375 0.1828125
0 0.52265625 0.2421875 0.0421875 0.20390625
0 0.43671875 0.0609375 0.04296875 0.121875
0 0.47734375 0.05546875 0.0359375 0.1109375
0 0.509375 0.0640625 0.03828125 0.12734375
0 0.80703125 0.25546875 0.03671875 0.1984375
0 0.82734375 0.19375 0.0421875 0.175
0 0.85625 0.16796875 0.03515625 0.20078125
0 0.8796875 0.12578125 0.03203125 0.190625
0 0.8453125 0.04296875 0.03046875 0.0859375
0 0.80703125 0.075 0.03984375 0.15
0 0.76875 0.08828125 0.03671875 0.1765625
0 0.84140625 0.01796875 0.03203125 0.03515625
0 0.525 0.8109375 0.0734375 0.31875
0 0.1703125 0.1765625 0.03828125 0.14609375
0 0.18671875 0.078125 0.053125 0.15546875
0 0.17421875 0.0140625 0.03046875 0.028125
0 0.2015625 0.0203125 0.0453125 0.040625
0 0.1 0.1328125 0.03828125 0.171875
0 0.0171875 0.184375 0.034375 0.1671875
0 0.05546875 0.19296875 0.0453125 0.1984375
0 0.04609375 0.10625 0.03828125 0.125
0 0.02890625 0.07421875 0.0390625 0.1484375