0 0.23515625 0.77265625 0.0640625 0.24296875
0 0.69921875 0.6078125 0.05625 0.23515625
0 0.66953125 0.484375 0.053125 0.2484375
0 0.6046875 0.03359375 0.05546875 0.06640625
0 0.28515625 0.1625 0.05625 0.14296875
0 0.43359375 0.14609375 0.04453125 0.20078125
0 0.40078125 0.13828125 0.053125 0.1953125
0 0.3609375 0.1171875 0.053125 0.1953125
0 0.11796875 0.30234375 0.0578125 0.21640625
0 0.1046875 0.1421875 0.04609375 0.1875
0 0.146875 0.09375 0.0375 0.1875
0 0.04453125 0.090625 0.05078125 0.18046875
0 0.73515625 0.025 0.0515625 0.05
0 0.30859375 0.62734375 0.05625 0.26953125
0 0.57890625 0.1890625 0.05625 0.1953125
0 0.4953125 0.23359375 0.05234375 0.2328125
0 0.4453125 0.84375 0.07421875 0.31171875
0 0.4671875 0.67109375 0.0640625 0.2828125
0 0.34140625 0.24296875 0.05625 0.25078125
0 0.3328125 0.3171875 0.065625 0.25078125
0 0.1015625 0.19140625 0.04296875 0.1796875
0 0.74765625 0.11875 0.04921875 0.16640625
0 0.8171875 0.0828125 0.04296875 0.16484375
0 0.8671875 0.13984375 0.04765625 0.20859375
0 0.87265625 0.04921875 0.04140625 0.0984375
0 0.9078125 0.12265625 0.03984375 0.18515625
0 0.925 0.0859375 0.0375 0.171875
0 0.903125 0.38046875 0.04296875 0.23515625
0 0.9453125 0.3921875 0.04765625 0.20625
0 0.975 0.33515625 0.04921875 0.225
0 0.9484375 0.2375 0.04453125 0.15078125
0 0.3796875 0.728125 0.059375 0.25390625