0 0.69609375 0.78515625 0.05859375 0.2234375
0 0.26875 0.63359375 0.0515625 0.21640625
0 0.29609375 0.52109375 0.04921875 0.228125
0 0.35625 0.06953125 0.05078125 0.1359375
0 0.3546875 0.0296875 0.05390625 0.059375
0 0.65 0.225 0.0515625 0.13125
0 0.628125 0.6515625 0.0515625 0.24765625
0 0.36953125 0.22265625 0.05078125 0.1796875
0 0.81796875 0.41875 0.065625 0.20859375
0 0.01484375 0.38203125 0.02890625 0.19921875
0 0.0296875 0.2984375 0.034375 0.1140625
0 0.04609375 0.33359375 0.04765625 0.07265625
0 0.071875 0.44453125 0.0421875 0.22109375
0 0.03359375 0.45078125 0.053125 0.19921875
0 0.44140625 0.35 0.06015625 0.22578125
0 0.6328125 0.37421875 0.040625 0.2015625
0 0.60078125 0.30625 0.0453125 0.23515625
0 0.59765625 0.17734375 0.0453125 0.13359375
0 0.5015625 0.278125 0.040625 0.16953125
0 0.540625 0.26640625 0.03984375 0.1890625
0 0.459375 0.078125 0.03984375 0.153125
0 0.49765625 0.07265625 0.0328125 0.14453125
0 0.52734375 0.0796875 0.03515625 0.159375
0 0.80546875 0.278125 0.034375 0.184375
0 0.82421875 0.22109375 0.03984375 0.1625
0 0.85078125 0.196875 0.0328125 0.18671875
0 0.87265625 0.1578125 0.0296875 0.17734375
0 0.840625 0.0703125 0.02890625 0.09921875
0 0.80546875 0.1109375 0.03671875 0.140625
0 0.76953125 0.1140625 0.034375 0.18203125
0 0.8375 0.03671875 0.0296875 0.0734375
0 0.5421875 0.7953125 0.06796875 0.29609375
0 0.21171875 0.20546875 0.03515625 0.1359375
0 0.2265625 0.10078125 0.04921875 0.16953125
0 0.215625 0.03359375 0.028125 0.0671875
0 0.24140625 0.0390625 0.0421875 0.078125
0 0.14609375 0.1640625 0.03515625 0.16015625
0 0.065625 0.2125 0.03828125 0.15546875
0 0.1046875 0.21953125 0.0421875 0.184375
0 0.0953125 0.13984375 0.03515625 0.11640625
0 0.0796875 0.10859375 0.03671875 0.140625
0 0.55859375 0.67109375 0.05703125 0.21875
0 0.4921875 0.63125 0.065625 0.240625
0 0.953125 0.35703125 0.04765625 0.2015625