0 0.3359375 0.79921875 0.06015625 0.22890625
0 0.77265625 0.64375 0.053125 0.22109375
0 0.74453125 0.528125 0.05 0.23359375
0 0.68359375 0.06796875 0.05234375 0.13515625
0 0.68515625 0.028125 0.0546875 0.05546875
0 0.3828125 0.225 0.053125 0.134375
0 0.4046875 0.6625 0.053125 0.253125
0 0.66953125 0.22265625 0.0515625 0.18359375
0 0.2109375 0.42421875 0.0671875 0.2140625
0 0.9875 0.3359375 0.025 0.075
0 0.97421875 0.45 0.04296875 0.22578125
0 0.99296875 0.45546875 0.0140625 0.20390625
0 0.59609375 0.353125 0.06171875 0.23125
0 0.40078125 0.378125 0.0421875 0.20625
0 0.43359375 0.30859375 0.04609375 0.24140625
0 0.43671875 0.1765625 0.04609375 0.13671875
0 0.53515625 0.2796875 0.0421875 0.17421875
0 0.4953125 0.2671875 0.040625 0.19375
0 0.57734375 0.0765625 0.040625 0.153125
0 0.5390625 0.071875 0.03359375 0.14296875
0 0.5078125 0.07890625 0.0359375 0.1578125
0 0.22421875 0.2796875 0.03515625 0.1890625
0 0.2046875 0.22109375 0.040625 0.16640625
0 0.17734375 0.196875 0.03359375 0.19140625
0 0.1546875 0.15703125 0.03046875 0.18125
0 0.1875 0.0671875 0.0296875 0.1015625
0 0.22421875 0.10859375 0.0375 0.14375
0 0.26015625 0.11171875 0.03515625 0.18671875
0 0.19140625 0.03515625 0.03046875 0.0703125
0 0.49296875 0.809375 0.06953125 0.303125
0 0.83125 0.20546875 0.0359375 0.1390625
0 0.815625 0.0984375 0.05 0.17421875
0 0.82734375 0.03203125 0.02890625 0.06328125
0 0.8 0.0375 0.04375 0.075
0 0.89765625 0.16328125 0.0359375 0.1640625
0 0.98046875 0.2125 0.0390625 0.159375
0 0.940625 0.2203125 0.04296875 0.1890625
0 0.95 0.13828125 0.0359375 0.11953125
0 0.965625 0.10625 0.0375 0.14375
0 0.4765625 0.68203125 0.05859375 0.2234375
0 0.54453125 0.64140625 0.0671875 0.24609375
0 0.0734375 0.3609375 0.04921875 0.20625