0 0.46953125 0.74296875 0.06015625 0.24921875
0 0.3703125 0.87890625 0.06484375 0.2421875
0 0.840625 0.7140625 0.05703125 0.23828125
0 0.8109375 0.5890625 0.05390625 0.2515625
0 0.7453125 0.09140625 0.05546875 0.15
0 0.74609375 0.03984375 0.0578125 0.0796875
0 0.42109375 0.2625 0.05703125 0.14453125
0 0.5109375 0.90703125 0.06328125 0.1859375
0 0.62421875 0.94375 0.0828125 0.1125
0 0.62265625 0.82734375 0.071875 0.26796875
0 0.6984375 0.31640625 0.05859375 0.2140625
0 0.6296875 0.27734375 0.05859375 0.2328125
0 0.571875 0.246875 0.0453125 0.203125
0 0.53828125 0.2390625 0.05390625 0.1984375
0 0.49765625 0.2171875 0.05390625 0.1984375
0 0.49375 0.40703125 0.05703125 0.23046875
0 0.47421875 0.3390625 0.05 0.18984375
0 0.0625 0.5421875 0.06796875 0.23828125
0 0.9859375 0.1703125 0.028125 0.20546875
0 0.61796875 0.05859375 0.0390625 0.1171875
0 0.5875 0.05546875 0.046875 0.11015625
0 0.54765625 0.06328125 0.05390625 0.1265625
0 0.25234375 0.4046875 0.05859375 0.21953125
0 0.23828125 0.24296875 0.046875 0.18984375
0 0.28203125 0.190625 0.0375 0.1984375
0 0.17734375 0.1828125 0.05078125 0.1984375
0 0.24765625 0.04296875 0.040625 0.0859375
0 0.2828125 0.05 0.0359375 0.09921875
0 0.21328125 0.05546875 0.0453125 0.11015625
0 0.88359375 0.16640625 0.05 0.1609375
0 0.87734375 0.075 0.05234375 0.15
0 0.9578125 0.13046875 0.04375 0.1796875