0 0.38359375 0.65703125 0.05546875 0.228125
0 0.29296875 0.78359375 0.059375 0.22578125
0 0.72421875 0.63046875 0.05234375 0.21875
0 0.696875 0.51640625 0.05 0.23046875
0 0.63671875 0.0640625 0.0515625 0.12734375
0 0.6375 0.02421875 0.053125 0.0484375
0 0.3390625 0.21640625 0.05234375 0.1328125
0 0.67421875 0.9390625 0.0671875 0.121875
0 0.421875 0.85390625 0.0578125 0.2625
0 0.5265625 0.8953125 0.07578125 0.209375
0 0.52421875 0.73515625 0.06640625 0.2453125
0 0.59375 0.265625 0.05390625 0.19609375
0 0.53046875 0.23046875 0.05390625 0.21328125
0 0.47734375 0.2015625 0.04140625 0.18671875
0 0.446875 0.19453125 0.05 0.18203125
0 0.409375 0.175 0.05 0.18203125
0 0.40546875 0.34921875 0.05234375 0.2109375
0 0.38828125 0.28671875 0.0453125 0.17421875
0 0.0203125 0.47265625 0.040625 0.21875
0 0.86640625 0.13203125 0.04296875 0.1890625
0 0.90625 0.12578125 0.03984375 0.15234375
0 0.95625 0.16015625 0.04296875 0.16171875
0 0.9828125 0.3296875 0.03359375 0.22109375
0 0.96953125 0.58359375 0.0609375 0.22421875
0 0.95625 0.31484375 0.04453125 0.2015625
0 0.92109375 0.3765625 0.0359375 0.18203125
0 0.88671875 0.36640625 0.05078125 0.22109375
0 0.90859375 0.23046875 0.046875 0.1546875
0 0.51953125 0.04140625 0.0359375 0.0828125
0 0.49140625 0.03828125 0.04296875 0.0765625
0 0.4546875 0.0453125 0.05 0.090625
0 0.18359375 0.346875 0.05390625 0.2015625
0 0.17109375 0.1984375 0.04296875 0.17421875
0 0.21171875 0.15 0.034375 0.18203125
0 0.115625 0.14296875 0.046875 0.18203125
0 0.1796875 0.02734375 0.0375 0.05390625
0 0.2125 0.03359375 0.0328125 0.0671875
0 0.1484375 0.03828125 0.04140625 0.0765625
0 0.7640625 0.128125 0.0453125 0.14765625
0 0.75859375 0.05625 0.0484375 0.1125
0 0.83125 0.0953125 0.03984375 0.16484375