0 0.68203125 0.81171875 0.0609375 0.2328125
0 0.2375 0.65390625 0.05390625 0.225
0 0.265625 0.5359375 0.0515625 0.2375
0 0.328125 0.06796875 0.053125 0.1359375
0 0.3265625 0.02734375 0.05546875 0.0546875
0 0.634375 0.22734375 0.05390625 0.13671875
0 0.4921875 0.21171875 0.04296875 0.1921875
0 0.5234375 0.2046875 0.0515625 0.1875
0 0.56171875 0.184375 0.0515625 0.1875
0 0.565625 0.3640625 0.05390625 0.21796875
0 0.58359375 0.29921875 0.046875 0.1796875
0 0.97109375 0.490625 0.0578125 0.225
0 0.0109375 0.16875 0.021875 0.1671875
0 0.44765625 0.0453125 0.03671875 0.08984375
0 0.47734375 0.04140625 0.04453125 0.0828125
0 0.51484375 0.04921875 0.0515625 0.0984375
0 0.79453125 0.36171875 0.05546875 0.2078125
0 0.80703125 0.20859375 0.04375 0.1796875
0 0.765625 0.15859375 0.0359375 0.1875
0 0.86484375 0.1515625 0.0484375 0.1875
0 0.7984375 0.0296875 0.0390625 0.059375
0 0.76484375 0.03671875 0.034375 0.07265625
0 0.83046875 0.04140625 0.04296875 0.0828125
0 0.196875 0.1359375 0.046875 0.1515625
0 0.203125 0.06015625 0.04921875 0.1203125
0 0.12734375 0.10234375 0.04140625 0.16953125
0 0.45234375 0.71953125 0.065625 0.2203125
0 0.61171875 0.67265625 0.05390625 0.2578125
0 0.47578125 0.878125 0.071875 0.24375
0 0.54140625 0.809375 0.0640625 0.26328125
0 0.35234375 0.25234375 0.05390625 0.1875
0 0.04375 0.18203125 0.0328125 0.20234375
0 0.07734375 0.18671875 0.05 0.19765625
0 0.0765625 0.11171875 0.04296875 0.16484375
0 0.0578125 0.42109375 0.05 0.225
0 0.01796875 0.4234375 0.0359375 0.19453125
0 0.02265625 0.35234375 0.04296875 0.1546875
0 0.01875 0.28046875 0.03671875 0.13125
0 0.4328125 0.2953125 0.05 0.22265625