0 0.6734375 0.79453125 0.05625 0.2140625
0 0.2640625 0.6484375 0.05 0.20703125
0 0.290625 0.540625 0.046875 0.21875
0 0.346875 0.1078125 0.0484375 0.13046875
0 0.34609375 0.04921875 0.0515625 0.09765625
0 0.6296875 0.25625 0.05 0.12578125
0 0.4984375 0.2421875 0.0390625 0.1765625
0 0.52734375 0.2359375 0.046875 0.171875
0 0.5625 0.2171875 0.046875 0.171875
0 0.56640625 0.38203125 0.05 0.2
0 0.5828125 0.32265625 0.04296875 0.165625
0 0.94140625 0.5 0.05859375 0.20703125
0 0.04453125 0.203125 0.040625 0.15390625
0 0.4578125 0.06484375 0.034375 0.1296875
0 0.4859375 0.06171875 0.040625 0.1234375
0 0.51953125 0.06875 0.046875 0.1375
0 0.7765625 0.3796875 0.05078125 0.190625
0 0.78828125 0.2390625 0.040625 0.165625
0 0.75078125 0.19375 0.0328125 0.171875
0 0.84140625 0.18671875 0.04453125 0.171875
0 0.78046875 0.06015625 0.03515625 0.0859375
0 0.75 0.05703125 0.03125 0.1140625
0 0.81015625 0.0734375 0.0390625 0.1
0 0.2265625 0.17265625 0.04296875 0.13984375
0 0.23203125 0.08515625 0.04609375 0.146875
0 0.1625 0.14140625 0.03828125 0.15625
0 0.46171875 0.709375 0.06015625 0.20234375
0 0.60859375 0.66640625 0.05 0.2375
0 0.484375 0.87109375 0.065625 0.2578125
0 0.54375 0.7921875 0.05859375 0.2421875
0 0.3703125 0.2796875 0.05 0.171875
0 0.08515625 0.21484375 0.03046875 0.1859375
0 0.1171875 0.21953125 0.04609375 0.18125
0 0.11640625 0.15078125 0.0390625 0.1515625
0 0.0984375 0.434375 0.04609375 0.20703125
0 0.05703125 0.43671875 0.0421875 0.17890625
0 0.06640625 0.371875 0.0390625 0.1421875
0 0.06015625 0.30546875 0.0390625 0.12109375
0 0.02578125 0.390625 0.0390625 0.20234375
0 0.44375 0.31953125 0.04609375 0.2046875