0 0.65078125 0.8328125 0.0640625 0.24296875
0 0.18671875 0.66796875 0.05625 0.23515625
0 0.21640625 0.5453125 0.053125 0.2484375
0 0.28125 0.06328125 0.05546875 0.1265625
0 0.2796875 0.02109375 0.0578125 0.0421875
0 0.60078125 0.22265625 0.05625 0.14296875
0 0.45234375 0.20703125 0.04453125 0.20078125
0 0.48515625 0.1984375 0.053125 0.1953125
0 0.525 0.17734375 0.053125 0.1953125
0 0.5296875 0.36484375 0.05625 0.22734375
0 0.5484375 0.29765625 0.04921875 0.1875
0 0.9546875 0.4984375 0.0671875 0.23515625
0 0.40625 0.03984375 0.03828125 0.07890625
0 0.43671875 0.0359375 0.04609375 0.071875
0 0.4765625 0.04375 0.053125 0.0875
0 0.76796875 0.3625 0.0578125 0.21640625
0 0.78125 0.20234375 0.04609375 0.1875
0 0.73828125 0.15078125 0.0375 0.1953125
0 0.84140625 0.14296875 0.05078125 0.1953125
0 0.7734375 0.0234375 0.040625 0.046875
0 0.7375 0.03046875 0.0359375 0.0609375
0 0.80625 0.0359375 0.04453125 0.071875
0 0.14453125 0.12734375 0.04921875 0.15859375
0 0.15078125 0.05546875 0.0515625 0.1109375
0 0.071875 0.09140625 0.04296875 0.17734375
0 0.57734375 0.6875 0.05625 0.26953125
0 0.50390625 0.83046875 0.0671875 0.275
0 0.30703125 0.24921875 0.05625 0.1953125
0 0.0234375 0.1796875 0.046875 0.20625
0 0.02109375 0.10234375 0.04140625 0.17265625
0 0.0125 0.42421875 0.025 0.2359375
0 0.390625 0.29375 0.05234375 0.2328125
0 0.440625 0.87421875 0.07421875 0.2515625
0 0.41875 0.73125 0.0640625 0.2828125