0 0.6859375 0.80546875 0.05859375 0.2234375
0 0.25859375 0.65390625 0.0515625 0.21640625
0 0.2859375 0.54140625 0.04921875 0.228125
0 0.3453125 0.08984375 0.05078125 0.1359375
0 0.34453125 0.03984375 0.05390625 0.0796875
0 0.63984375 0.2453125 0.0515625 0.13125
0 0.503125 0.23046875 0.040625 0.184375
0 0.53359375 0.2234375 0.04921875 0.1796875
0 0.5703125 0.20390625 0.04921875 0.1796875
0 0.57421875 0.3765625 0.0515625 0.20859375
0 0.59140625 0.3140625 0.0453125 0.17265625
0 0.965625 0.4984375 0.06171875 0.21640625
0 0.0296875 0.1890625 0.0421875 0.16015625
0 0.4609375 0.05703125 0.03515625 0.11328125
0 0.48984375 0.053125 0.0421875 0.10625
0 0.525 0.0609375 0.04921875 0.12109375
0 0.79375 0.3734375 0.053125 0.19921875
0 0.80625 0.2265625 0.0421875 0.17265625
0 0.76640625 0.1796875 0.034375 0.1796875
0 0.8609375 0.17265625 0.04609375 0.1796875
0 0.79765625 0.0421875 0.0375 0.084375
0 0.765625 0.0484375 0.0328125 0.096875
0 0.828125 0.0546875 0.040625 0.1046875
0 0.21953125 0.1578125 0.0453125 0.1453125
0 0.2265625 0.07109375 0.046875 0.1421875
0 0.153125 0.125 0.03984375 0.1625
0 0.61796875 0.67265625 0.0515625 0.24765625
0 0.55078125 0.803125 0.06171875 0.25234375
0 0.36953125 0.26953125 0.0515625 0.1796875
0 0.07265625 0.2015625 0.03125 0.19453125
0 0.1046875 0.20625 0.04765625 0.1890625
0 0.1046875 0.134375 0.040625 0.1578125
0 0.0859375 0.43046875 0.04765625 0.21640625
0 0.04296875 0.43359375 0.04375 0.18671875
0 0.05234375 0.365625 0.040625 0.1484375
0 0.0453125 0.29609375 0.040625 0.1265625
0 0.015625 0.384375 0.03046875 0.21171875
0 0.446875 0.3109375 0.04765625 0.21328125
0 0.49296875 0.8640625 0.06796875 0.271875
0 0.47265625 0.7125 0.05859375 0.259375