0 0.32421875 0.875 0.06484375 0.24609375
0 0.79375 0.7078125 0.05703125 0.23828125
0 0.7640625 0.5828125 0.05390625 0.2515625
0 0.6984375 0.08515625 0.05546875 0.15
0 0.69921875 0.03671875 0.0578125 0.0734375
0 0.37421875 0.25625 0.05703125 0.14453125
0 0.68359375 0.25390625 0.05546875 0.1984375
0 0.1890625 0.4703125 0.071875 0.23046875
0 0.6046875 0.39453125 0.06640625 0.24921875
0 0.39375 0.42109375 0.0453125 0.221875
0 0.42890625 0.34609375 0.05 0.259375
0 0.43203125 0.20390625 0.05 0.146875
0 0.53828125 0.315625 0.0453125 0.1875
0 0.4953125 0.3015625 0.04375 0.20859375
0 0.584375 0.09453125 0.04375 0.16875
0 0.54296875 0.084375 0.0359375 0.16796875
0 0.509375 0.0921875 0.0390625 0.184375
0 0.20390625 0.315625 0.0375 0.203125
0 0.1828125 0.25234375 0.04375 0.1796875
0 0.153125 0.22578125 0.0359375 0.20625
0 0.12890625 0.1828125 0.0328125 0.1953125
0 0.1640625 0.08671875 0.03125 0.109375
0 0.20390625 0.13046875 0.040625 0.15546875
0 0.24296875 0.134375 0.0375 0.20078125
0 0.16796875 0.0453125 0.0328125 0.08984375
0 0.853125 0.04140625 0.03125 0.0828125
0 0.82421875 0.04765625 0.04609375 0.0953125
0 0.98203125 0.1625 0.0359375 0.128125
0 0.990625 0.128125 0.01796875 0.15546875
0 0.04140625 0.40234375 0.05234375 0.221875
0 0.43203125 0.0609375 0.04296875 0.121875
0 0.39453125 0.06015625 0.04375 0.11953125
0 0.90625 0.0546875 0.0390625 0.109375
0 0.55078125 0.68046875 0.06796875 0.25390625
0 0.9421875 0.20703125 0.040625 0.17421875
0 0.98515625 0.278125 0.0296875 0.20625
0 0.86875 0.26171875 0.05 0.17109375
0 0.45703125 0.83984375 0.06328125 0.28359375
0 0.46953125 0.71796875 0.05859375 0.2171875
0 0.86171875 0.10390625 0.0390625 0.13359375