0 0.58203125 0.66640625 0.05625 0.2328125
0 0.67421875 0.7953125 0.06015625 0.2296875
0 0.23515625 0.6390625 0.053125 0.22265625
0 0.26328125 0.52265625 0.05078125 0.23515625
0 0.325 0.06328125 0.053125 0.1265625
0 0.32265625 0.0234375 0.0546875 0.046875
0 0.62734375 0.2171875 0.053125 0.13515625
0 0.28671875 0.94609375 0.06875 0.1078125
0 0.54296875 0.86640625 0.059375 0.2671875
0 0.43671875 0.90078125 0.07734375 0.19765625
0 0.4390625 0.7453125 0.0671875 0.25
0 0.36796875 0.2671875 0.0546875 0.2
0 0.4328125 0.23125 0.0546875 0.2171875
0 0.48671875 0.20234375 0.0421875 0.18984375
0 0.5171875 0.1953125 0.05078125 0.18515625
0 0.55546875 0.175 0.05078125 0.18515625
0 0.559375 0.35234375 0.053125 0.21484375
0 0.57734375 0.2890625 0.04609375 0.17734375
0 0.96171875 0.47890625 0.06328125 0.22265625
0 0.09140625 0.13125 0.04375 0.1921875
0 0.05078125 0.125 0.040625 0.1546875
0 0.0109375 0.159375 0.021875 0.16484375
0 0.00859375 0.590625 0.0171875 0.228125
0 0.0109375 0.3171875 0.021875 0.2046875
0 0.0359375 0.3796875 0.03671875 0.18515625
0 0.0703125 0.3703125 0.05234375 0.225
0 0.0484375 0.23125 0.04765625 0.1578125
0 0.44375 0.040625 0.0375 0.08125
0 0.471875 0.0375 0.04375 0.075
0 0.509375 0.0453125 0.05078125 0.08984375
0 0.78515625 0.35 0.0546875 0.2046875
0 0.79765625 0.1984375 0.04375 0.17734375
0 0.75703125 0.15 0.03515625 0.18515625
0 0.8546875 0.1421875 0.04765625 0.18515625
0 0.78984375 0.02578125 0.0390625 0.0515625
0 0.75625 0.0328125 0.03359375 0.06484375
0 0.82109375 0.0375 0.0421875 0.075
0 0.1953125 0.12734375 0.04609375 0.15
0 0.20078125 0.05625 0.04921875 0.11171875
0 0.1265625 0.09375 0.040625 0.1671875