0 0.36875 0.88359375 0.0640625 0.2328125
0 0.8328125 0.72421875 0.05625 0.23515625
0 0.803125 0.60078125 0.053125 0.2484375
0 0.73828125 0.109375 0.0546875 0.14765625
0 0.73984375 0.04921875 0.0578125 0.0984375
0 0.41875 0.27890625 0.05625 0.14296875
0 0.5671875 0.2625 0.04453125 0.20078125
0 0.534375 0.2546875 0.053125 0.1953125
0 0.49453125 0.23359375 0.053125 0.1953125
0 0.48984375 0.42109375 0.05625 0.22734375
0 0.47109375 0.35390625 0.04921875 0.1875
0 0.06484375 0.5546875 0.0671875 0.23515625
0 0.61328125 0.06796875 0.03828125 0.13515625
0 0.5828125 0.0640625 0.04609375 0.128125
0 0.54296875 0.071875 0.053125 0.14375
0 0.2515625 0.41875 0.0578125 0.21640625
0 0.23828125 0.25859375 0.04609375 0.1875
0 0.28125 0.20703125 0.0375 0.1953125
0 0.178125 0.19921875 0.05078125 0.1953125
0 0.246875 0.05546875 0.03984375 0.09765625
0 0.28203125 0.05859375 0.0359375 0.1171875
0 0.2140625 0.07109375 0.04453125 0.11328125
0 0.875 0.18359375 0.04921875 0.15859375
0 0.86953125 0.084375 0.05234375 0.16640625
0 0.94765625 0.14765625 0.04296875 0.17734375
0 0.4421875 0.74375 0.05625 0.26953125
0 0.515625 0.87421875 0.0671875 0.2515625
0 0.7125 0.3046875 0.05625 0.1953125
0 0.98671875 0.2359375 0.02578125 0.20625
0 0.9890625 0.1578125 0.021875 0.17265625
0 0.62890625 0.35 0.05234375 0.2328125
0 0.57890625 0.90234375 0.07421875 0.1953125
0 0.60078125 0.7875 0.0640625 0.2828125