0 0.321875 0.79375 0.0578125 0.21875
0 0.7390625 0.6453125 0.05078125 0.21171875
0 0.7125 0.534375 0.0484375 0.2234375
0 0.6546875 0.09296875 0.04921875 0.1328125
0 0.65546875 0.04140625 0.05234375 0.0828125
0 0.36640625 0.24453125 0.05078125 0.128125
0 0.5 0.23046875 0.03984375 0.18046875
0 0.4703125 0.2234375 0.0484375 0.17578125
0 0.434375 0.2046875 0.0484375 0.17578125
0 0.54140625 0.0578125 0.034375 0.115625
0 0.5140625 0.0546875 0.04140625 0.109375
0 0.47890625 0.06171875 0.0484375 0.1234375
0 0.215625 0.37109375 0.05234375 0.19453125
0 0.20390625 0.2265625 0.04140625 0.16875
0 0.24296875 0.18046875 0.03359375 0.17578125
0 0.15 0.1734375 0.0453125 0.17578125
0 0.21171875 0.04375 0.0359375 0.0875
0 0.24296875 0.05 0.03203125 0.1
0 0.18203125 0.05859375 0.03984375 0.10234375
0 0.771875 0.071875 0.046875 0.14375
0 0.3875 0.66328125 0.05078125 0.2421875
0 0.55546875 0.30859375 0.046875 0.209375
0 0.51015625 0.85859375 0.0671875 0.28203125
0 0.53046875 0.70234375 0.0578125 0.25390625
0 0.4171875 0.3171875 0.05078125 0.22578125
0 0.409375 0.38359375 0.05859375 0.22578125
0 0.2015625 0.27109375 0.0390625 0.16171875
0 0.7828125 0.20546875 0.04375 0.15
0 0.8453125 0.16953125 0.0390625 0.1546875
0 0.890625 0.22421875 0.04296875 0.1875
0 0.89609375 0.13203125 0.0375 0.11171875
0 0.92734375 0.209375 0.0359375 0.16640625
0 0.94375 0.16875 0.034375 0.17109375
0 0.9234375 0.440625 0.0390625 0.21171875
0 0.9609375 0.4515625 0.04296875 0.18515625
0 0.9828125 0.4 0.034375 0.2015625
0 0.9640625 0.3125 0.03984375 0.13515625
0 0.4515625 0.753125 0.053125 0.228125
0 0.64140625 0.2421875 0.04921875 0.17578125