0 0.57890625 0.67734375 0.053125 0.22109375
0 0.66640625 0.79921875 0.0578125 0.21875
0 0.24921875 0.65078125 0.05078125 0.21171875
0 0.27578125 0.540625 0.0484375 0.2234375
0 0.33359375 0.0984375 0.04921875 0.1328125
0 0.3328125 0.04453125 0.05234375 0.08828125
0 0.621875 0.25078125 0.05078125 0.128125
0 0.2984375 0.9453125 0.065625 0.109375
0 0.54140625 0.8671875 0.05625 0.25390625
0 0.440625 0.903125 0.0734375 0.19375
0 0.44296875 0.7515625 0.0640625 0.2375
0 0.375 0.29765625 0.05234375 0.18984375
0 0.43671875 0.26328125 0.05234375 0.20703125
0 0.48828125 0.2359375 0.03984375 0.18046875
0 0.51796875 0.22890625 0.0484375 0.17578125
0 0.55390625 0.21015625 0.0484375 0.17578125
0 0.5578125 0.37890625 0.05078125 0.2046875
0 0.57421875 0.31796875 0.04375 0.16875
0 0.940625 0.4984375 0.06015625 0.21171875
0 0.11171875 0.16875 0.04140625 0.1828125
0 0.0734375 0.1625 0.0390625 0.14765625
0 0.025 0.19609375 0.04140625 0.15703125
0 0.0078125 0.36015625 0.01484375 0.2140625
0 0.02109375 0.60546875 0.04140625 0.21640625
0 0.02421875 0.3453125 0.04296875 0.19453125
0 0.059375 0.4046875 0.034375 0.17578125
0 0.0921875 0.3953125 0.04921875 0.2140625
0 0.07109375 0.26328125 0.0453125 0.15
0 0.446875 0.0609375 0.034375 0.121875
0 0.47421875 0.0578125 0.04140625 0.11484375
0 0.509375 0.06484375 0.0484375 0.12890625
0 0.77265625 0.3765625 0.05234375 0.19453125
0 0.784375 0.2328125 0.04140625 0.16875
0 0.7453125 0.1859375 0.03359375 0.17578125
0 0.83828125 0.17890625 0.0453125 0.17578125
0 0.7765625 0.05 0.0359375 0.08828125
0 0.74453125 0.053125 0.03203125 0.10546875
0 0.80625 0.0640625 0.03984375 0.10234375
0 0.2109375 0.16484375 0.04375 0.14296875
0 0.21640625 0.07578125 0.046875 0.15
0 0.1453125 0.1328125 0.0390625 0.159375