0 0.6734375 0.796875 0.0578125 0.21875
0 0.25546875 0.6484375 0.05078125 0.21171875
0 0.28203125 0.5375 0.0484375 0.2234375
0 0.340625 0.0953125 0.04921875 0.1328125
0 0.3390625 0.04296875 0.05234375 0.0859375
0 0.628125 0.24765625 0.05078125 0.128125
0 0.49453125 0.23359375 0.03984375 0.18046875
0 0.52421875 0.2265625 0.0484375 0.17578125
0 0.56015625 0.20703125 0.0484375 0.17578125
0 0.453125 0.059375 0.034375 0.11875
0 0.48046875 0.05625 0.04140625 0.1125
0 0.51640625 0.06328125 0.0484375 0.1265625
0 0.790625 0.2296875 0.04140625 0.16875
0 0.75234375 0.18359375 0.03359375 0.17578125
0 0.84453125 0.1765625 0.0453125 0.17578125
0 0.7828125 0.046875 0.0359375 0.08828125
0 0.7515625 0.0515625 0.03203125 0.10234375
0 0.8125 0.0609375 0.03984375 0.10234375
0 0.2234375 0.0734375 0.046875 0.146875
0 0.60703125 0.665625 0.05078125 0.2421875
0 0.4390625 0.31171875 0.046875 0.209375
0 0.57734375 0.3203125 0.05078125 0.22578125
0 0.5859375 0.38671875 0.05859375 0.22578125
0 0.79375 0.2734375 0.0390625 0.16171875
0 0.21171875 0.20859375 0.04375 0.15
0 0.14921875 0.17265625 0.0390625 0.1546875
0 0.10390625 0.22734375 0.04296875 0.1875
0 0.09921875 0.134375 0.0375 0.11171875
0 0.0671875 0.21171875 0.0359375 0.16640625
0 0.35390625 0.2453125 0.04921875 0.17578125
0 0.4703125 0.66796875 0.06171875 0.2375
0 0.51015625 0.83125 0.0625 0.26875
0 0.53671875 0.7421875 0.0546875 0.25703125
0 0.79296875 0.4375 0.0640625 0.2046875
0 0.06484375 0.14296875 0.03359375 0.15703125
0 0.01015625 0.4015625 0.0203125 0.19453125
0 0.02109375 0.3203125 0.03359375 0.11171875
0 0.03671875 0.3546875 0.046875 0.07109375
0 0.0625 0.4625 0.04140625 0.21640625
0 0.02578125 0.46796875 0.05078125 0.19453125