0 0.26328125 0.771875 0.06171875 0.2359375
0 0.71328125 0.61171875 0.0546875 0.228125
0 0.684375 0.4921875 0.0515625 0.240625
0 0.621875 0.04375 0.053125 0.08671875
0 0.31171875 0.1796875 0.0546875 0.13828125
0 0.45546875 0.1640625 0.04296875 0.19453125
0 0.42421875 0.15703125 0.0515625 0.18984375
0 0.38515625 0.1359375 0.0515625 0.18984375
0 0.5 0.0203125 0.0375 0.040625
0 0.4703125 0.0171875 0.04453125 0.03359375
0 0.43203125 0.02421875 0.0515625 0.0484375
0 0.15 0.315625 0.05625 0.21015625
0 0.13671875 0.1609375 0.04453125 0.18203125
0 0.17890625 0.1109375 0.0359375 0.18984375
0 0.07890625 0.103125 0.04921875 0.18984375
0 0.11328125 0.0171875 0.04296875 0.03359375
0 0.7484375 0.0359375 0.05 0.071875
0 0.33515625 0.63046875 0.0546875 0.2609375
0 0.596875 0.20546875 0.0546875 0.18984375
0 0.515625 0.24921875 0.05 0.22578125
0 0.4671875 0.84296875 0.071875 0.30703125
0 0.48828125 0.67265625 0.06171875 0.27421875
0 0.36640625 0.2578125 0.0546875 0.24296875
0 0.3578125 0.3296875 0.06328125 0.24296875
0 0.134375 0.2078125 0.04140625 0.17421875
0 0.76015625 0.1375 0.04765625 0.16171875
0 0.82734375 0.09921875 0.04140625 0.16640625
0 0.87578125 0.1578125 0.04609375 0.20234375
0 0.88125 0.05859375 0.040625 0.1171875
0 0.915625 0.14140625 0.0390625 0.1796875
0 0.93359375 0.09765625 0.0375 0.184375
0 0.9109375 0.39140625 0.04140625 0.228125
0 0.95234375 0.40234375 0.04609375 0.2
0 0.978125 0.34765625 0.04375 0.2171875
0 0.9546875 0.253125 0.04296875 0.14609375
0 0.40390625 0.728125 0.0578125 0.24609375