0 0.66171875 0.81640625 0.0578125 0.22109375
0 0.2390625 0.66640625 0.0515625 0.2140625
0 0.26640625 0.5546875 0.0484375 0.22578125
0 0.325 0.10703125 0.05 0.134375
0 0.3234375 0.0484375 0.053125 0.096875
0 0.61640625 0.2609375 0.0515625 0.1296875
0 0.28828125 0.9546875 0.065625 0.090625
0 0.3671875 0.309375 0.05234375 0.1921875
0 0.42890625 0.27421875 0.05234375 0.209375
0 0.48125 0.246875 0.040625 0.1828125
0 0.5109375 0.2390625 0.0484375 0.178125
0 0.54765625 0.2203125 0.0484375 0.178125
0 0.5515625 0.390625 0.0515625 0.20703125
0 0.56796875 0.3296875 0.04453125 0.1703125
0 0.93828125 0.5125 0.0609375 0.2140625
0 0.10078125 0.178125 0.0421875 0.18515625
0 0.06171875 0.171875 0.0390625 0.14921875
0 0.0171875 0.20546875 0.034375 0.15859375
0 0.01484375 0.6203125 0.0296875 0.21953125
0 0.0171875 0.35703125 0.034375 0.196875
0 0.04765625 0.4171875 0.03515625 0.178125
0 0.08046875 0.4078125 0.05 0.21640625
0 0.059375 0.27421875 0.04609375 0.1515625
0 0.4390625 0.065625 0.03515625 0.13046875
0 0.46796875 0.06171875 0.0421875 0.1234375
0 0.50234375 0.06953125 0.0484375 0.13828125
0 0.76796875 0.38828125 0.05234375 0.196875
0 0.78046875 0.24296875 0.0421875 0.1703125
0 0.74140625 0.19609375 0.03359375 0.178125
0 0.83515625 0.1890625 0.04609375 0.178125
0 0.77265625 0.0578125 0.03671875 0.0890625
0 0.740625 0.05703125 0.0328125 0.1140625
0 0.80234375 0.07265625 0.040625 0.103125
0 0.20078125 0.17421875 0.04453125 0.14453125
0 0.20625 0.084375 0.04765625 0.1515625
0 0.134375 0.1421875 0.0390625 0.1609375
0 0.44296875 0.72890625 0.0625 0.209375
0 0.44609375 0.8984375 0.06484375 0.203125
0 0.534375 0.84140625 0.05546875 0.25703125
0 0.59453125 0.684375 0.0515625 0.2453125