0 0.6859375 0.79296875 0.0578125 0.21875
0 0.26796875 0.64453125 0.05078125 0.21171875
0 0.29453125 0.53359375 0.0484375 0.2234375
0 0.353125 0.09140625 0.04921875 0.1328125
0 0.35234375 0.040625 0.0515625 0.08125
0 0.64140625 0.24375 0.05078125 0.128125
0 0.3171875 0.9421875 0.065625 0.11484375
0 0.39453125 0.29140625 0.05234375 0.18984375
0 0.45625 0.25703125 0.05234375 0.20703125
0 0.5078125 0.2296875 0.03984375 0.18046875
0 0.53671875 0.22265625 0.0484375 0.17578125
0 0.57265625 0.203125 0.0484375 0.17578125
0 0.57734375 0.371875 0.05078125 0.2046875
0 0.59375 0.31171875 0.04375 0.16875
0 0.96015625 0.4921875 0.06015625 0.21171875
0 0.13125 0.16171875 0.04140625 0.1828125
0 0.0921875 0.15625 0.0390625 0.14765625
0 0.04453125 0.1890625 0.04140625 0.15703125
0 0.0171875 0.353125 0.034375 0.2140625
0 0.03125 0.59921875 0.06015625 0.21640625
0 0.04375 0.3390625 0.04296875 0.19453125
0 0.078125 0.3984375 0.034375 0.17578125
0 0.1109375 0.3890625 0.04921875 0.2140625
0 0.090625 0.25703125 0.0453125 0.15
0 0.46640625 0.0578125 0.034375 0.11484375
0 0.49453125 0.05390625 0.0421875 0.1078125
0 0.52890625 0.0609375 0.0484375 0.121875
0 0.79140625 0.36953125 0.05234375 0.19453125
0 0.80390625 0.22578125 0.04140625 0.16875
0 0.76484375 0.1796875 0.03359375 0.17578125
0 0.8578125 0.17265625 0.0453125 0.17578125
0 0.796875 0.04296875 0.0375 0.0859375
0 0.76484375 0.04921875 0.0328125 0.0984375
0 0.82578125 0.05703125 0.03984375 0.10234375
0 0.23046875 0.15859375 0.04375 0.14296875
0 0.2359375 0.071875 0.046875 0.14375
0 0.16484375 0.1265625 0.0390625 0.159375
0 0.4703125 0.70625 0.06171875 0.20703125
0 0.47265625 0.88671875 0.0640625 0.2265625
0 0.56015625 0.81796875 0.0546875 0.25390625
0 0.61953125 0.66171875 0.05078125 0.2421875