0 0.6875 0.80390625 0.0578125 0.21953125
0 0.2671875 0.6546875 0.05078125 0.2125
0 0.29453125 0.54375 0.0484375 0.225
0 0.353125 0.09921875 0.05 0.13359375
0 0.3515625 0.04453125 0.05234375 0.0890625
0 0.6421875 0.2515625 0.05078125 0.12890625
0 0.31640625 0.9484375 0.065625 0.103125
0 0.39453125 0.3 0.05234375 0.19140625
0 0.45625 0.26484375 0.05234375 0.2078125
0 0.5078125 0.2375 0.040625 0.18203125
0 0.5375 0.23046875 0.0484375 0.1765625
0 0.57421875 0.2109375 0.0484375 0.1765625
0 0.578125 0.38125 0.05078125 0.20546875
0 0.59453125 0.3203125 0.04453125 0.16953125
0 0.96328125 0.5015625 0.06015625 0.2125
0 0.1296875 0.16953125 0.04140625 0.184375
0 0.090625 0.16328125 0.0390625 0.1484375
0 0.0421875 0.196875 0.04140625 0.1578125
0 0.01640625 0.36171875 0.03203125 0.21484375
0 0.0296875 0.609375 0.059375 0.21796875
0 0.04140625 0.34765625 0.04296875 0.19609375
0 0.0765625 0.40703125 0.03515625 0.1765625
0 0.109375 0.39765625 0.05 0.21484375
0 0.0890625 0.26484375 0.0453125 0.15078125
0 0.4671875 0.0609375 0.034375 0.121875
0 0.49375 0.0578125 0.0421875 0.115625
0 0.5296875 0.06484375 0.0484375 0.1296875
0 0.79375 0.37890625 0.05234375 0.19609375
0 0.80546875 0.234375 0.04140625 0.16953125
0 0.7671875 0.1875 0.03359375 0.1765625
0 0.86015625 0.18046875 0.0453125 0.1765625
0 0.79765625 0.05 0.0359375 0.08828125
0 0.76640625 0.053125 0.03203125 0.10625
0 0.828125 0.0640625 0.040625 0.103125
0 0.22890625 0.165625 0.04453125 0.14375
0 0.234375 0.0765625 0.046875 0.15078125
0 0.16328125 0.13359375 0.0390625 0.16015625
0 0.4703125 0.71640625 0.06171875 0.2078125
0 0.4734375 0.8921875 0.06484375 0.21484375
0 0.5609375 0.82890625 0.05546875 0.25546875
0 0.62109375 0.67265625 0.05078125 0.24375