0 0.6875 0.79453125 0.0609375 0.23125
0 0.24609375 0.6375 0.05390625 0.22421875
0 0.27421875 0.5203125 0.05078125 0.23671875
0 0.3359375 0.06171875 0.05234375 0.12265625
0 0.334375 0.02109375 0.05546875 0.0421875
0 0.63984375 0.2140625 0.05390625 0.1359375
0 0.58828125 0.29765625 0.046875 0.24375
0 0.5859375 0.16484375 0.046875 0.13828125
0 0.51640625 0.8296875 0.05546875 0.26640625
0 0.47265625 0.6578125 0.0578125 0.24921875
0 0.540625 0.728125 0.0609375 0.2390625
0 0.4265625 0.33359375 0.05390625 0.22421875
0 0.4828125 0.24921875 0.04375 0.18125
0 0.52109375 0.24375 0.05078125 0.18125
0 0.44453125 0.06875 0.04609375 0.1375
0 0.4796875 0.06171875 0.04140625 0.12265625
0 0.51484375 0.07109375 0.0421875 0.1421875
0 0.04296875 0.44765625 0.05625 0.2265625
0 0.01015625 0.45234375 0.0203125 0.2015625
0 0.01328125 0.35078125 0.02578125 0.10390625
0 0.00703125 0.309375 0.0140625 0.1375
0 0.03671875 0.20390625 0.0421875 0.19140625
0 0.0796875 0.20390625 0.05078125 0.19140625
0 0.0375 0.090625 0.03515625 0.1109375
0 0.07421875 0.1109375 0.040625 0.12578125
0 0.12265625 0.13984375 0.040625 0.17890625
0 0.18984375 0.1859375 0.0421875 0.1609375
0 0.20234375 0.0640625 0.05390625 0.128125
0 0.215625 0.03359375 0.03515625 0.0671875
0 0.19453125 0.01875 0.0296875 0.0375
0 0.346875 0.21875 0.040625 0.17109375
0 0.62265625 0.6640625 0.05234375 0.2109375
0 0.61328125 0.36484375 0.03984375 0.21640625
0 0.8140625 0.4109375 0.05390625 0.20859375
0 0.8015625 0.26015625 0.046875 0.19375
0 0.815625 0.19140625 0.03671875 0.165625
0 0.83671875 0.175 0.03359375 0.18359375
0 0.859375 0.1484375 0.03515625 0.17578125
0 0.90390625 0.1484375 0.03984375 0.18125
0 0.8875 0.11796875 0.03984375 0.18125
0 0.76484375 0.1046875 0.03828125 0.1734375
0 0.7484375 0.07890625 0.0359375 0.1578125
0 0.79921875 0.05546875 0.0328125 0.1109375
0 0.83203125 0.04765625 0.03359375 0.0953125
0 0.834375 0.04296875 0.03828125 0.08515625