0 0.3578125 0.69921875 0.05703125 0.23671875
0 0.2640625 0.8296875 0.06171875 0.234375
0 0.71171875 0.67109375 0.0546875 0.2265625
0 0.6828125 0.55234375 0.0515625 0.2390625
0 0.6203125 0.07890625 0.053125 0.1421875
0 0.621875 0.034375 0.05625 0.06796875
0 0.3125 0.2421875 0.0546875 0.1375
0 0.659375 0.9640625 0.06953125 0.07109375
0 0.39765625 0.8828125 0.06015625 0.234375
0 0.50625 0.91796875 0.078125 0.1640625
0 0.50390625 0.77890625 0.06875 0.2546875
0 0.5765625 0.29296875 0.05546875 0.20390625
0 0.51015625 0.25546875 0.05546875 0.221875
0 0.45546875 0.2265625 0.04296875 0.19375
0 0.42421875 0.21875 0.0515625 0.18828125
0 0.38515625 0.1984375 0.0515625 0.18828125
0 0.38125 0.3796875 0.0546875 0.21875
0 0.36328125 0.3140625 0.046875 0.18046875
0 0.8578125 0.15390625 0.04453125 0.19609375
0 0.89921875 0.14765625 0.04140625 0.1578125
0 0.95078125 0.18359375 0.04453125 0.16796875
0 0.98046875 0.35859375 0.03828125 0.22890625
0 0.965625 0.62265625 0.0640625 0.23203125
0 0.9515625 0.34375 0.04609375 0.20859375
0 0.91484375 0.40703125 0.0375 0.18828125
0 0.8796875 0.396875 0.053125 0.22890625
0 0.9015625 0.25546875 0.0484375 0.16015625
0 0.5 0.0515625 0.0375 0.103125
0 0.4703125 0.0484375 0.04453125 0.096875
0 0.4328125 0.05625 0.0515625 0.11171875
0 0.1515625 0.3765625 0.05546875 0.20859375
0 0.13828125 0.22265625 0.04453125 0.18046875
0 0.1796875 0.1734375 0.0359375 0.18828125
0 0.08046875 0.165625 0.0484375 0.18828125
0 0.146875 0.03671875 0.0390625 0.0734375
0 0.1796875 0.04296875 0.034375 0.0859375
0 0.11484375 0.0484375 0.04296875 0.096875
0 0.75234375 0.15 0.046875 0.153125
0 0.74609375 0.0671875 0.05 0.134375
0 0.821875 0.115625 0.04140625 0.1703125