0 0.65703125 0.77265625 0.06484375 0.24609375
0 0.18671875 0.60546875 0.05703125 0.23828125
0 0.2171875 0.48125 0.05390625 0.2515625
0 0.2828125 0.02890625 0.05625 0.0578125
0 0.60625 0.1546875 0.05703125 0.14453125
0 0.45625 0.13828125 0.0453125 0.203125
0 0.4890625 0.13046875 0.05390625 0.1984375
0 0.5296875 0.109375 0.05390625 0.1984375
0 0.77578125 0.296875 0.05859375 0.21953125
0 0.7890625 0.134375 0.046875 0.18984375
0 0.74609375 0.090625 0.03828125 0.18125
0 0.85078125 0.08671875 0.05078125 0.1734375
0 0.15 0.02109375 0.05234375 0.04140625
0 0.5828125 0.62578125 0.05703125 0.27265625
0 0.39375 0.22734375 0.05234375 0.23515625
0 0.44453125 0.84375 0.075 0.3125
0 0.421875 0.6703125 0.06484375 0.28671875
0 0.54921875 0.23671875 0.05703125 0.25390625
0 0.55859375 0.3109375 0.06640625 0.25390625
0 0.7921875 0.184375 0.04375 0.18203125
0 0.13828125 0.11015625 0.05 0.16875
0 0.0671875 0.07890625 0.04296875 0.15703125
0 0.0203125 0.13203125 0.040625 0.21171875
0 0.01640625 0.04453125 0.0328125 0.0890625
0 0.51015625 0.72734375 0.06015625 0.25703125
0 0.29765625 0.15234375 0.05546875 0.1984375