0 0.3328125 0.79375 0.0609375 0.2328125
0 0.77734375 0.63515625 0.05390625 0.225
0 0.74921875 0.51796875 0.0515625 0.2375
0 0.68671875 0.05859375 0.053125 0.1171875
0 0.6875 0.01796875 0.05625 0.0359375
0 0.38046875 0.209375 0.05390625 0.13671875
0 0.52265625 0.19375 0.04296875 0.1921875
0 0.49140625 0.1859375 0.0515625 0.1875
0 0.453125 0.165625 0.0515625 0.1875
0 0.4484375 0.3453125 0.05390625 0.21796875
0 0.43125 0.28125 0.046875 0.1796875
0 0.04140625 0.4734375 0.0640625 0.225
0 0.5671875 0.0359375 0.03671875 0.071875
0 0.53671875 0.03203125 0.0453125 0.0640625
0 0.5 0.03984375 0.0515625 0.0796875
0 0.2203125 0.34296875 0.05546875 0.2078125
0 0.2078125 0.18984375 0.04375 0.1796875
0 0.24921875 0.140625 0.0359375 0.1875
0 0.15 0.1328125 0.0484375 0.1875
0 0.21640625 0.02109375 0.0390625 0.04140625
0 0.25 0.02734375 0.034375 0.0546875
0 0.18359375 0.03203125 0.0421875 0.0640625
0 0.81796875 0.11796875 0.046875 0.1515625
0 0.8109375 0.05078125 0.05 0.1015625
0 0.8875 0.084375 0.040625 0.16796875
0 0.5625 0.70078125 0.065625 0.2203125
0 0.403125 0.6546875 0.05390625 0.2578125
0 0.5390625 0.86875 0.071875 0.2625
0 0.4734375 0.790625 0.0640625 0.26328125
0 0.6625 0.234375 0.05390625 0.1875
0 0.97109375 0.16328125 0.0328125 0.20234375
0 0.9375 0.16875 0.05 0.19765625
0 0.93828125 0.09375 0.04296875 0.16484375
0 0.95703125 0.40234375 0.05 0.225
0 0.9890625 0.40390625 0.021875 0.1953125
0 0.98515625 0.334375 0.0296875 0.15390625
0 0.9890625 0.2625 0.021875 0.13125
0 0.58203125 0.27734375 0.05 0.22265625