0 0.66875 0.81171875 0.0578125 0.21953125
0 0.2484375 0.6625 0.05078125 0.2125
0 0.27578125 0.55078125 0.0484375 0.225
0 0.334375 0.10625 0.05 0.13359375
0 0.3328125 0.0484375 0.05234375 0.096875
0 0.6234375 0.259375 0.05078125 0.12890625
0 0.4890625 0.2453125 0.040625 0.18203125
0 0.51875 0.23828125 0.0484375 0.1765625
0 0.55546875 0.21875 0.0484375 0.1765625
0 0.559375 0.38828125 0.05078125 0.20546875
0 0.57578125 0.32734375 0.04453125 0.16953125
0 0.94453125 0.509375 0.06015625 0.2125
0 0.0234375 0.2046875 0.04140625 0.1578125
0 0.44765625 0.06484375 0.03515625 0.1296875
0 0.475 0.06171875 0.0421875 0.1234375
0 0.5109375 0.06875 0.0484375 0.1375
0 0.775 0.3859375 0.05234375 0.19609375
0 0.78671875 0.24140625 0.04140625 0.16953125
0 0.74765625 0.1953125 0.03359375 0.1765625
0 0.84140625 0.1875 0.0453125 0.1765625
0 0.77890625 0.0578125 0.0359375 0.08828125
0 0.74765625 0.05703125 0.03203125 0.1140625
0 0.809375 0.071875 0.040625 0.103125
0 0.21015625 0.1734375 0.04453125 0.14375
0 0.215625 0.08359375 0.046875 0.15078125
0 0.14453125 0.14140625 0.0390625 0.16015625
0 0.60234375 0.68046875 0.05078125 0.24375
0 0.5359375 0.809375 0.06015625 0.2484375
0 0.3578125 0.28359375 0.05078125 0.1765625
0 0.06484375 0.21640625 0.03125 0.19140625
0 0.09765625 0.22109375 0.046875 0.18671875
0 0.096875 0.15078125 0.040625 0.15546875
0 0.07890625 0.4421875 0.046875 0.2125
0 0.0359375 0.44453125 0.04296875 0.184375
0 0.0453125 0.378125 0.040625 0.14609375
0 0.0390625 0.309375 0.040625 0.12421875
0 0.0125 0.39609375 0.025 0.2078125
0 0.43359375 0.32421875 0.046875 0.21015625
0 0.47890625 0.8671875 0.0671875 0.265625
0 0.459375 0.71953125 0.0578125 0.25546875