0 0.59453125 0.67421875 0.053125 0.21875
0 0.68046875 0.7953125 0.05703125 0.21640625
0 0.2671875 0.6484375 0.05 0.209375
0 0.29375 0.5390625 0.04765625 0.22109375
0 0.3515625 0.1015625 0.04921875 0.13203125
0 0.35078125 0.0453125 0.0515625 0.090625
0 0.25390625 0.109375 0.03984375 0.1484375
0 0.63671875 0.2515625 0.05 0.12734375
0 0.31640625 0.94296875 0.0640625 0.1140625
0 0.55703125 0.8625 0.05546875 0.2515625
0 0.45703125 0.90078125 0.07265625 0.19765625
0 0.459375 0.7484375 0.06328125 0.23515625
0 0.3921875 0.29921875 0.0515625 0.18828125
0 0.453125 0.26484375 0.0515625 0.2046875
0 0.50390625 0.2375 0.03984375 0.17890625
0 0.53359375 0.23046875 0.04765625 0.17421875
0 0.56875 0.21171875 0.04765625 0.17421875
0 0.57265625 0.37890625 0.05 0.20234375
0 0.58984375 0.31875 0.04375 0.1671875
0 0.95234375 0.49765625 0.059375 0.209375
0 0.13203125 0.1703125 0.040625 0.18125
0 0.09375 0.16484375 0.03828125 0.14609375
0 0.04609375 0.19765625 0.040625 0.15546875
0 0.01796875 0.36015625 0.0359375 0.21171875
0 0.0328125 0.60390625 0.059375 0.2140625
0 0.0453125 0.34609375 0.0421875 0.19296875
0 0.0796875 0.4046875 0.034375 0.17421875
0 0.11171875 0.3953125 0.04921875 0.21171875
0 0.09140625 0.26484375 0.0453125 0.1484375
0 0.46328125 0.0625 0.034375 0.12421875
0 0.49140625 0.05859375 0.0421875 0.1171875
0 0.5265625 0.065625 0.046875 0.13125
0 0.78515625 0.3765625 0.0515625 0.19296875
0 0.796875 0.234375 0.040625 0.1671875
0 0.75859375 0.18828125 0.0328125 0.17421875
0 0.85078125 0.18125 0.0453125 0.17421875
0 0.7890625 0.053125 0.0359375 0.08671875
0 0.75859375 0.05390625 0.0328125 0.1078125
0 0.81875 0.0671875 0.03984375 0.1015625