0 0.70078125 0.7859375 0.059375 0.22578125
0 0.26953125 0.63203125 0.05234375 0.21875
0 0.296875 0.51796875 0.05 0.23046875
0 0.35703125 0.06484375 0.0515625 0.1296875
0 0.35546875 0.02578125 0.05390625 0.05078125
0 0.6546875 0.21875 0.05234375 0.1328125
0 0.6328125 0.65078125 0.05234375 0.25078125
0 0.37109375 0.21640625 0.05078125 0.18203125
0 0.82421875 0.41484375 0.06640625 0.2109375
0 0.01328125 0.37734375 0.0265625 0.2015625
0 0.0265625 0.29375 0.034375 0.115625
0 0.04375 0.32890625 0.0484375 0.0734375
0 0.06953125 0.440625 0.04296875 0.2234375
0 0.03125 0.446875 0.05390625 0.2015625
0 0.44375 0.3453125 0.0609375 0.228125
0 0.63671875 0.36953125 0.04140625 0.20390625
0 0.60390625 0.30078125 0.0453125 0.23828125
0 0.6015625 0.1703125 0.0453125 0.13515625
0 0.50390625 0.27265625 0.04140625 0.171875
0 0.54375 0.26015625 0.03984375 0.19140625
0 0.4625 0.0734375 0.040625 0.146875
0 0.5 0.06875 0.0328125 0.1375
0 0.53046875 0.07578125 0.0359375 0.1515625
0 0.81171875 0.27265625 0.034375 0.18671875
0 0.83046875 0.21484375 0.03984375 0.16484375
0 0.8578125 0.190625 0.0328125 0.1890625
0 0.8796875 0.15078125 0.03046875 0.17890625
0 0.84765625 0.0625 0.02890625 0.10078125
0 0.81171875 0.103125 0.0375 0.1421875
0 0.77578125 0.10703125 0.034375 0.184375
0 0.84375 0.0328125 0.03046875 0.065625
0 0.5453125 0.7953125 0.06875 0.29921875
0 0.2109375 0.19921875 0.0359375 0.1375
0 0.2265625 0.09296875 0.05 0.171875
0 0.21484375 0.0296875 0.02890625 0.05859375
0 0.24140625 0.03515625 0.0421875 0.0703125
0 0.1453125 0.15703125 0.0359375 0.16171875
0 0.06328125 0.20625 0.0390625 0.15703125
0 0.103125 0.21328125 0.04296875 0.18671875
0 0.09375 0.1328125 0.0359375 0.11796875
0 0.078125 0.10078125 0.0375 0.1421875
0 0.5625 0.6703125 0.0578125 0.22109375
0 0.49453125 0.6296875 0.06640625 0.24296875
0 0.9609375 0.35234375 0.0484375 0.20390625