0 0.4140625 0.67265625 0.05234375 0.215625
0 0.32890625 0.79140625 0.05625 0.21328125
0 0.7359375 0.646875 0.04921875 0.20625
0 0.709375 0.5390625 0.046875 0.21796875
0 0.653125 0.10859375 0.0484375 0.1296875
0 0.6546875 0.05 0.05078125 0.09921875
0 0.7484375 0.1171875 0.0390625 0.14609375
0 0.37265625 0.25703125 0.04921875 0.125
0 0.68828125 0.940625 0.0640625 0.11796875
0 0.45078125 0.8578125 0.0546875 0.24765625
0 0.5484375 0.89921875 0.071875 0.2015625
0 0.546875 0.7453125 0.0625 0.23125
0 0.6125 0.303125 0.05078125 0.18515625
0 0.553125 0.26953125 0.05078125 0.2015625
0 0.50234375 0.24296875 0.0390625 0.17578125
0 0.47421875 0.2359375 0.046875 0.17109375
0 0.4390625 0.21796875 0.046875 0.17109375
0 0.43515625 0.38203125 0.04921875 0.19921875
0 0.41875 0.32265625 0.04296875 0.1640625
0 0.06171875 0.49921875 0.05859375 0.20625
0 0.86875 0.17734375 0.040625 0.178125
0 0.90703125 0.17109375 0.0375 0.14375
0 0.95390625 0.20390625 0.040625 0.153125
0 0.98125 0.3625 0.0375 0.209375
0 0.9671875 0.603125 0.05859375 0.2109375
0 0.9546875 0.34921875 0.04140625 0.18984375
0 0.9203125 0.40703125 0.03359375 0.17109375
0 0.8890625 0.3984375 0.0484375 0.20859375
0 0.90859375 0.26953125 0.04453125 0.14609375
0 0.5421875 0.065625 0.034375 0.13125
0 0.51640625 0.0625 0.040625 0.125
0 0.48203125 0.06953125 0.046875 0.1390625
0 0.22578125 0.3796875 0.05078125 0.18984375
0 0.2140625 0.23984375 0.040625 0.1640625
0 0.2515625 0.19453125 0.0328125 0.17109375
0 0.16171875 0.1875 0.04453125 0.17109375
0 0.221875 0.06171875 0.03515625 0.0859375
0 0.25234375 0.0578125 0.03125 0.115625
0 0.19296875 0.075 0.0390625 0.09921875