0 0.64140625 0.7015625 0.059375 0.24453125
0 0.7375 0.8375 0.06328125 0.24140625
0 0.2765625 0.6734375 0.05625 0.23359375
0 0.30625 0.55078125 0.053125 0.246875
0 0.3703125 0.06796875 0.0546875 0.13515625
0 0.36875 0.02578125 0.0578125 0.0515625
0 0.68828125 0.23046875 0.05625 0.1421875
0 0.33046875 0.96953125 0.071875 0.0609375
0 0.6 0.88515625 0.06171875 0.22890625
0 0.4890625 0.921875 0.08125 0.15625
0 0.490625 0.784375 0.07109375 0.2625
0 0.41640625 0.2828125 0.0578125 0.21015625
0 0.48359375 0.2453125 0.0578125 0.228125
0 0.540625 0.21484375 0.04453125 0.19921875
0 0.5734375 0.20703125 0.053125 0.19453125
0 0.61328125 0.1859375 0.053125 0.19453125
0 0.6171875 0.37265625 0.05625 0.22578125
0 0.6359375 0.30546875 0.0484375 0.18671875
0 0.125 0.13984375 0.04609375 0.20234375
0 0.0828125 0.13359375 0.04296875 0.1625
0 0.0296875 0.1703125 0.04609375 0.1734375
0 0.009375 0.3515625 0.01796875 0.23671875
0 0.02421875 0.62265625 0.04765625 0.23984375
0 0.02890625 0.3359375 0.046875 0.215625
0 0.0671875 0.4015625 0.03828125 0.19453125
0 0.103125 0.390625 0.0546875 0.23671875
0 0.08046875 0.2453125 0.05 0.165625
0 0.49609375 0.04375 0.0390625 0.0875
0 0.525 0.040625 0.04609375 0.08125
0 0.5640625 0.0484375 0.053125 0.096875
0 0.8546875 0.36953125 0.0578125 0.215625
0 0.86796875 0.2109375 0.04609375 0.18671875
0 0.825 0.159375 0.03671875 0.19453125
0 0.92734375 0.1515625 0.05 0.19453125
0 0.859375 0.028125 0.040625 0.05625
0 0.82421875 0.03515625 0.03515625 0.0703125
0 0.8921875 0.040625 0.04453125 0.08125
0 0.234375 0.1359375 0.0484375 0.1578125
0 0.240625 0.06015625 0.0515625 0.11953125
0 0.1625 0.10078125 0.04296875 0.17578125