0 0.33046875 0.79765625 0.059375 0.225
0 0.759375 0.6453125 0.05234375 0.2171875
0 0.73203125 0.53203125 0.04921875 0.2296875
0 0.67265625 0.07734375 0.05078125 0.13671875
0 0.6734375 0.03359375 0.05390625 0.0671875
0 0.3765625 0.23359375 0.05234375 0.13203125
0 0.5140625 0.21953125 0.04140625 0.1859375
0 0.48359375 0.21171875 0.04921875 0.18046875
0 0.44609375 0.1921875 0.04921875 0.18046875
0 0.55625 0.05078125 0.0359375 0.1015625
0 0.528125 0.04765625 0.04296875 0.09453125
0 0.49140625 0.0546875 0.04921875 0.109375
0 0.209375 0.215625 0.04296875 0.1734375
0 0.24921875 0.16796875 0.034375 0.18046875
0 0.15390625 0.1609375 0.046875 0.18046875
0 0.21796875 0.0359375 0.0375 0.071875
0 0.24921875 0.0421875 0.0328125 0.084375
0 0.18671875 0.04765625 0.04140625 0.09453125
0 0.79296875 0.065625 0.04765625 0.13125
0 0.3984375 0.66328125 0.05234375 0.24921875
0 0.57109375 0.3 0.0484375 0.21484375
0 0.42890625 0.30859375 0.05234375 0.23203125
0 0.4203125 0.3765625 0.06015625 0.23203125
0 0.20703125 0.2609375 0.03984375 0.165625
0 0.80390625 0.19375 0.0453125 0.15390625
0 0.86875 0.15703125 0.03984375 0.15859375
0 0.91484375 0.21328125 0.04375 0.19296875
0 0.9203125 0.11796875 0.03828125 0.11484375
0 0.95234375 0.196875 0.03671875 0.17109375
0 0.65859375 0.23125 0.05078125 0.18046875
0 0.53828125 0.665625 0.06328125 0.24375
0 0.49765625 0.83359375 0.06484375 0.27578125
0 0.4703125 0.74140625 0.05625 0.2640625
0 0.20703125 0.42890625 0.065625 0.21015625
0 0.95546875 0.1265625 0.034375 0.1609375
0 0.99140625 0.3078125 0.01640625 0.1140625
0 0.9796875 0.34296875 0.03984375 0.0734375
0 0.9578125 0.4546875 0.04296875 0.221875
0 0.984375 0.459375 0.03125 0.2