0 0.421875 0.646875 0.05625 0.23359375
0 0.3296875 0.7765625 0.0609375 0.23125
0 0.77109375 0.61953125 0.05390625 0.22421875
0 0.74296875 0.50234375 0.05078125 0.23671875
0 0.68125 0.05234375 0.05234375 0.1046875
0 0.68203125 0.01171875 0.0546875 0.0234375
0 0.3765625 0.1953125 0.05390625 0.1359375
0 0.71875 0.93671875 0.06875 0.1265625
0 0.46171875 0.8484375 0.059375 0.26875
0 0.5671875 0.89140625 0.078125 0.2171875
0 0.56640625 0.7265625 0.06796875 0.2515625
0 0.6375 0.24609375 0.05546875 0.2015625
0 0.57265625 0.209375 0.05546875 0.21875
0 0.51796875 0.18046875 0.0421875 0.19140625
0 0.48671875 0.17265625 0.05078125 0.1859375
0 0.44921875 0.153125 0.05078125 0.1859375
0 0.44453125 0.33125 0.05390625 0.21640625
0 0.42734375 0.2671875 0.046875 0.17890625
0 0.03984375 0.45859375 0.06328125 0.22421875
0 0.915625 0.10859375 0.04375 0.19375
0 0.95625 0.10234375 0.040625 0.15625
0 0.9921875 0.1375 0.015625 0.165625
0 0.9921875 0.2953125 0.015625 0.20625
0 0.97109375 0.359375 0.03671875 0.1859375
0 0.93671875 0.34921875 0.05234375 0.2265625
0 0.95859375 0.209375 0.04765625 0.15859375
0 0.56171875 0.0296875 0.03671875 0.059375
0 0.5328125 0.02578125 0.04375 0.0515625
0 0.4953125 0.03359375 0.05078125 0.0671875
0 0.21796875 0.32890625 0.05546875 0.20625
0 0.20546875 0.1765625 0.04375 0.17890625
0 0.24609375 0.128125 0.03515625 0.1859375
0 0.14765625 0.1203125 0.04765625 0.1859375
0 0.21328125 0.01484375 0.03828125 0.02890625
0 0.246875 0.02109375 0.03359375 0.0421875
0 0.18046875 0.02578125 0.0421875 0.0515625
0 0.8109375 0.10546875 0.046875 0.15078125
0 0.8046875 0.04453125 0.05 0.0890625
0 0.88046875 0.07734375 0.040625 0.1546875