0 0.67421875 0.8078125 0.05859375 0.22265625
0 0.25 0.65625 0.0515625 0.21484375
0 0.2765625 0.54375 0.04921875 0.22734375
0 0.3359375 0.09453125 0.05 0.13515625
0 0.33515625 0.0421875 0.053125 0.084375
0 0.62890625 0.24921875 0.0515625 0.13046875
0 0.60703125 0.67421875 0.0515625 0.246875
0 0.34921875 0.246875 0.05 0.17890625
0 0.79609375 0.4421875 0.06484375 0.2078125
0 0.00546875 0.40546875 0.0109375 0.1984375
0 0.0140625 0.32265625 0.028125 0.11328125
0 0.02734375 0.3578125 0.04765625 0.07265625
0 0.053125 0.46796875 0.0421875 0.2203125
0 0.02109375 0.4734375 0.0421875 0.1984375
0 0.42109375 0.3734375 0.06015625 0.225
0 0.6109375 0.39765625 0.040625 0.20078125
0 0.57890625 0.3296875 0.04453125 0.234375
0 0.5765625 0.2015625 0.04453125 0.1328125
0 0.48046875 0.30234375 0.040625 0.16953125
0 0.51953125 0.28984375 0.0390625 0.18828125
0 0.4390625 0.103125 0.0390625 0.15234375
0 0.4765625 0.090625 0.0328125 0.15703125
0 0.50625 0.09921875 0.03515625 0.16953125
0 0.7828125 0.30234375 0.03359375 0.18359375
0 0.80234375 0.2453125 0.0390625 0.16171875
0 0.82890625 0.22109375 0.0328125 0.1859375
0 0.85 0.1828125 0.0296875 0.1765625
0 0.81796875 0.0953125 0.02890625 0.09921875
0 0.7828125 0.13515625 0.03671875 0.13984375
0 0.74765625 0.1390625 0.03359375 0.18125
0 0.81484375 0.05546875 0.0296875 0.08671875
0 0.52109375 0.8171875 0.06796875 0.2953125
0 0.19296875 0.2296875 0.03515625 0.13515625
0 0.2078125 0.12578125 0.04921875 0.16953125
0 0.19609375 0.04609375 0.028125 0.0921875
0 0.221875 0.0515625 0.0421875 0.103125
0 0.12734375 0.18828125 0.03515625 0.159375
0 0.04765625 0.23671875 0.03828125 0.1546875
0 0.0859375 0.24453125 0.0421875 0.18359375
0 0.07734375 0.1640625 0.03515625 0.11640625
0 0.06171875 0.1328125 0.03671875 0.13984375
0 0.5375 0.69375 0.05703125 0.21796875
0 0.47109375 0.65390625 0.06484375 0.2390625
0 0.9296875 0.38046875 0.04765625 0.20078125