0 0.6921875 0.80625 0.06015625 0.22890625
0 0.25546875 0.65078125 0.053125 0.22109375
0 0.28359375 0.53515625 0.05 0.23359375
0 0.34453125 0.0734375 0.0515625 0.1390625
0 0.34296875 0.03125 0.0546875 0.0625
0 0.6453125 0.23203125 0.053125 0.134375
0 0.50546875 0.2171875 0.0421875 0.1890625
0 0.5359375 0.209375 0.05 0.18359375
0 0.57421875 0.18984375 0.05 0.18359375
0 0.46328125 0.0484375 0.0359375 0.096875
0 0.49140625 0.0453125 0.04375 0.090625
0 0.528125 0.05234375 0.05 0.1046875
0 0.80234375 0.3640625 0.0546875 0.20390625
0 0.81484375 0.21328125 0.04296875 0.1765625
0 0.77421875 0.16484375 0.03515625 0.18359375
0 0.871875 0.1578125 0.04765625 0.18359375
0 0.8078125 0.03359375 0.0375 0.0671875
0 0.7734375 0.040625 0.03359375 0.08046875
0 0.83828125 0.0453125 0.0421875 0.090625
0 0.22265625 0.06328125 0.0484375 0.1265625
0 0.62265625 0.66953125 0.053125 0.253125
0 0.44765625 0.29921875 0.04921875 0.21875
0 0.49453125 0.86328125 0.06953125 0.2734375
0 0.47421875 0.71015625 0.06015625 0.265625
0 0.5921875 0.3078125 0.053125 0.2359375
0 0.60078125 0.37734375 0.06171875 0.2359375
0 0.81796875 0.259375 0.040625 0.16875
0 0.21015625 0.19140625 0.04609375 0.15625
0 0.14453125 0.15390625 0.040625 0.16171875
0 0.09765625 0.2109375 0.04453125 0.19609375
0 0.0921875 0.1140625 0.0390625 0.1171875
0 0.059375 0.19453125 0.0375 0.17421875
0 0.0421875 0.15234375 0.0359375 0.17890625
0 0.06328125 0.4375 0.040625 0.22109375
0 0.0234375 0.4484375 0.04453125 0.19375
0 0.01015625 0.39453125 0.01953125 0.2109375
0 0.02109375 0.303125 0.0421875 0.14140625
0 0.55625 0.7640625 0.05625 0.23828125
0 0.35859375 0.2296875 0.0515625 0.18359375