0 0.6984375 0.81953125 0.05859375 0.22265625
0 0.2734375 0.66796875 0.0515625 0.21484375
0 0.30078125 0.55546875 0.04921875 0.22734375
0 0.36015625 0.10625 0.05 0.13515625
0 0.359375 0.04765625 0.053125 0.0953125
0 0.65234375 0.2609375 0.0515625 0.13046875
0 0.3234375 0.95625 0.06640625 0.08671875
0 0.40234375 0.309375 0.053125 0.19375
0 0.46484375 0.27421875 0.053125 0.21015625
0 0.5171875 0.24609375 0.040625 0.18359375
0 0.546875 0.2390625 0.04921875 0.17890625
0 0.58359375 0.21953125 0.04921875 0.17890625
0 0.5875 0.39140625 0.0515625 0.2078125
0 0.6046875 0.3296875 0.04453125 0.171875
0 0.9734375 0.5125 0.053125 0.215625
0 0.134375 0.17734375 0.0421875 0.1859375
0 0.0953125 0.17109375 0.0390625 0.15
0 0.04609375 0.2046875 0.0421875 0.159375
0 0.01796875 0.371875 0.0359375 0.21796875
0 0.0328125 0.621875 0.0609375 0.2203125
0 0.0453125 0.35703125 0.04375 0.1984375
0 0.08046875 0.41796875 0.03515625 0.17890625
0 0.1140625 0.4078125 0.05 0.21796875
0 0.09296875 0.27421875 0.04609375 0.15234375
0 0.475 0.06484375 0.03515625 0.1296875
0 0.50234375 0.06171875 0.0421875 0.12265625
0 0.53828125 0.06875 0.04921875 0.1375
0 0.80546875 0.3890625 0.053125 0.1984375
0 0.81796875 0.2421875 0.0421875 0.171875
0 0.778125 0.1953125 0.03359375 0.17890625
0 0.87265625 0.18828125 0.04609375 0.17890625
0 0.809375 0.05625 0.03671875 0.08984375
0 0.77734375 0.05625 0.0328125 0.1125
0 0.83984375 0.07109375 0.040625 0.10390625
0 0.23515625 0.1734375 0.04453125 0.1453125
0 0.240625 0.0828125 0.04765625 0.15234375
0 0.16796875 0.140625 0.0390625 0.16171875
0 0.47890625 0.73125 0.0625 0.21015625
0 0.48125 0.9 0.06484375 0.2
0 0.5703125 0.84453125 0.05546875 0.25859375
0 0.63125 0.6859375 0.0515625 0.246875