0 0.36328125 0.8484375 0.0625 0.23671875
0 0.815625 0.68828125 0.0546875 0.22890625
0 0.78671875 0.56875 0.05234375 0.24140625
0 0.7234375 0.08984375 0.05390625 0.14375
0 0.725 0.03984375 0.05703125 0.07890625
0 0.41171875 0.2546875 0.0546875 0.1390625
0 0.55703125 0.2390625 0.04375 0.1953125
0 0.525 0.23125 0.05234375 0.190625
0 0.4859375 0.2109375 0.05234375 0.190625
0 0.48125 0.39375 0.0546875 0.22109375
0 0.46328125 0.328125 0.04765625 0.1828125
0 0.0671875 0.5234375 0.06484375 0.22890625
0 0.6015625 0.0578125 0.0375 0.11484375
0 0.571875 0.05390625 0.0453125 0.1078125
0 0.53359375 0.06171875 0.05234375 0.1234375
0 0.24921875 0.390625 0.05625 0.2109375
0 0.2359375 0.23515625 0.04453125 0.1828125
0 0.278125 0.18515625 0.0359375 0.190625
0 0.17734375 0.17734375 0.04921875 0.190625
0 0.24453125 0.0421875 0.0390625 0.084375
0 0.27890625 0.04921875 0.034375 0.09765625
0 0.21171875 0.05390625 0.04375 0.1078125
0 0.85703125 0.16171875 0.04765625 0.1546875
0 0.85 0.07265625 0.05 0.1453125
0 0.928125 0.12734375 0.0421875 0.17265625
0 0.596875 0.7546875 0.06640625 0.2234375
0 0.43515625 0.70703125 0.0546875 0.2625
0 0.5734375 0.89609375 0.0734375 0.2078125
0 0.50703125 0.84609375 0.06484375 0.2671875
0 0.6984375 0.28046875 0.0546875 0.190625
0 0.9765625 0.21328125 0.046875 0.20078125
0 0.978125 0.13671875 0.04375 0.1671875
0 0.98671875 0.45078125 0.0265625 0.2296875
0 0.61640625 0.32421875 0.05078125 0.2265625