0 0.3375 0.8421875 0.06328125 0.23984375
0 0.7953125 0.67890625 0.05546875 0.23203125
0 0.765625 0.5578125 0.053125 0.2453125
0 0.7015625 0.07265625 0.0546875 0.1453125
0 0.70234375 0.03046875 0.0578125 0.0609375
0 0.3859375 0.23984375 0.05546875 0.140625
0 0.43984375 0.32734375 0.0484375 0.253125
0 0.44296875 0.1890625 0.0484375 0.14375
0 0.51328125 0.86953125 0.0578125 0.2609375
0 0.56015625 0.7 0.06015625 0.25859375
0 0.48984375 0.7734375 0.06328125 0.24765625
0 0.6078125 0.36328125 0.05546875 0.23203125
0 0.55 0.27578125 0.0453125 0.18828125
0 0.509375 0.27109375 0.053125 0.18828125
0 0.5890625 0.08046875 0.0484375 0.1609375
0 0.55234375 0.07265625 0.04296875 0.1453125
0 0.5171875 0.0828125 0.04296875 0.165625
0 0.98828125 0.48203125 0.0234375 0.23515625
0 0.99453125 0.22890625 0.0109375 0.1984375
0 0.96796875 0.22890625 0.053125 0.1984375
0 0.9734375 0.1328125 0.0421875 0.13046875
0 0.9234375 0.1625 0.0421875 0.18515625
0 0.85390625 0.2109375 0.04375 0.1671875
0 0.840625 0.078125 0.05546875 0.14609375
0 0.8265625 0.04375 0.03671875 0.0875
0 0.8484375 0.028125 0.03125 0.05625
0 0.690625 0.24453125 0.0421875 0.17734375
0 0.4046875 0.70703125 0.05390625 0.21953125
0 0.4140625 0.39609375 0.04140625 0.22421875
0 0.20625 0.44453125 0.05546875 0.21640625
0 0.21875 0.2875 0.0484375 0.20078125
0 0.2046875 0.21640625 0.03828125 0.171875
0 0.1828125 0.19921875 0.03515625 0.190625
0 0.15859375 0.171875 0.03671875 0.1828125
0 0.1125 0.171875 0.04140625 0.18828125
0 0.1296875 0.140625 0.04140625 0.18828125
0 0.25625 0.12578125 0.03984375 0.1796875
0 0.27421875 0.0921875 0.03671875 0.1796875
0 0.22109375 0.075 0.03359375 0.11484375
0 0.18671875 0.06171875 0.03515625 0.109375
0 0.184375 0.053125 0.03984375 0.10625