0 0.32890625 0.84296875 0.059375 0.22734375
0 0.76328125 0.68828125 0.053125 0.21953125
0 0.73515625 0.5734375 0.05 0.23203125
0 0.675 0.1140625 0.0515625 0.13828125
0 0.67578125 0.0515625 0.0546875 0.103125
0 0.37578125 0.271875 0.053125 0.13359375
0 0.5140625 0.25703125 0.04140625 0.1875
0 0.48359375 0.25 0.05 0.1828125
0 0.44609375 0.23046875 0.05 0.1828125
0 0.5578125 0.06953125 0.0359375 0.13828125
0 0.52890625 0.065625 0.04296875 0.13125
0 0.4921875 0.0734375 0.05 0.14609375
0 0.20703125 0.25390625 0.04296875 0.17578125
0 0.246875 0.20546875 0.034375 0.1828125
0 0.15078125 0.1984375 0.046875 0.1828125
0 0.21484375 0.06328125 0.0375 0.09140625
0 0.24765625 0.0609375 0.03359375 0.121875
0 0.18359375 0.078125 0.04140625 0.10625
0 0.796875 0.090625 0.0484375 0.15546875
0 0.39765625 0.70703125 0.053125 0.25234375
0 0.571875 0.3390625 0.0484375 0.2171875
0 0.428125 0.34765625 0.053125 0.234375
0 0.4203125 0.41640625 0.0609375 0.234375
0 0.20390625 0.29921875 0.040625 0.16796875
0 0.8078125 0.23125 0.04609375 0.15546875
0 0.8734375 0.19453125 0.040625 0.1609375
0 0.9203125 0.2515625 0.04453125 0.1953125
0 0.92578125 0.1546875 0.0390625 0.11640625
0 0.9578125 0.23515625 0.0375 0.17265625
0 0.6609375 0.26953125 0.0515625 0.1828125
0 0.5390625 0.709375 0.0640625 0.246875
0 0.4984375 0.86953125 0.065625 0.2609375
0 0.4703125 0.7859375 0.05703125 0.2671875
0 0.2046875 0.46953125 0.06640625 0.2125
0 0.9609375 0.16328125 0.034375 0.16328125
0 0.99453125 0.34765625 0.0109375 0.115625
0 0.9828125 0.3828125 0.034375 0.07421875
0 0.9640625 0.49609375 0.04296875 0.225
0 0.9875 0.5015625 0.02421875 0.20234375