0 0.3078125 0.80859375 0.05859375 0.2234375
0 0.734375 0.65703125 0.0515625 0.21640625
0 0.70703125 0.54453125 0.04921875 0.228125
0 0.64765625 0.09296875 0.05078125 0.1359375
0 0.64921875 0.04140625 0.05390625 0.0828125
0 0.35390625 0.2484375 0.0515625 0.13125
0 0.48984375 0.23359375 0.040625 0.184375
0 0.46015625 0.2265625 0.04921875 0.1796875
0 0.4234375 0.20703125 0.04921875 0.1796875
0 0.5328125 0.05859375 0.03515625 0.11640625
0 0.5046875 0.0546875 0.04296875 0.109375
0 0.46796875 0.0625 0.04921875 0.12421875
0 0.2 0.3765625 0.053125 0.19921875
0 0.1875 0.2296875 0.0421875 0.17265625
0 0.22734375 0.1828125 0.034375 0.1796875
0 0.13203125 0.175 0.04609375 0.1796875
0 0.1953125 0.04375 0.0375 0.0875
0 0.228125 0.05 0.0328125 0.1
0 0.16484375 0.0578125 0.040625 0.1046875
0 0.76796875 0.07265625 0.04765625 0.1453125
0 0.37578125 0.675 0.0515625 0.24765625
0 0.546875 0.31328125 0.04765625 0.21328125
0 0.50078125 0.865625 0.06796875 0.26875
0 0.52109375 0.715625 0.05859375 0.259375
0 0.40546875 0.321875 0.0515625 0.23046875
0 0.39765625 0.38984375 0.06015625 0.23046875
0 0.18515625 0.275 0.03984375 0.16484375
0 0.77890625 0.2078125 0.0453125 0.153125
0 0.84296875 0.171875 0.03984375 0.1578125
0 0.8890625 0.22734375 0.04375 0.19140625
0 0.89453125 0.1328125 0.03828125 0.1140625
0 0.9265625 0.21171875 0.03671875 0.16953125
0 0.94375 0.1703125 0.03515625 0.175
0 0.92265625 0.4484375 0.03984375 0.21640625
0 0.96171875 0.459375 0.04375 0.1890625
0 0.9828125 0.40703125 0.034375 0.20546875
0 0.9640625 0.3171875 0.040625 0.13828125
0 0.440625 0.7671875 0.0546875 0.2328125
0 0.634375 0.2453125 0.05078125 0.1796875