0 0.709375 0.88125 0.06484375 0.2375
0 0.2421875 0.71875 0.05703125 0.23671875
0 0.271875 0.5953125 0.05390625 0.25
0 0.33671875 0.10078125 0.05546875 0.14921875
0 0.33515625 0.04453125 0.05859375 0.0890625
0 0.659375 0.27109375 0.05703125 0.14375
0 0.509375 0.2546875 0.04453125 0.20234375
0 0.5421875 0.246875 0.05390625 0.196875
0 0.5828125 0.22578125 0.05390625 0.196875
0 0.46328125 0.06328125 0.0390625 0.1265625
0 0.49375 0.059375 0.046875 0.11875
0 0.534375 0.0671875 0.053125 0.134375
0 0.82734375 0.41171875 0.05859375 0.21796875
0 0.840625 0.25078125 0.04609375 0.1890625
0 0.79765625 0.19921875 0.0375 0.196875
0 0.9015625 0.190625 0.05078125 0.196875
0 0.83203125 0.04765625 0.040625 0.09453125
0 0.79765625 0.05390625 0.0359375 0.1078125
0 0.865625 0.06171875 0.04453125 0.1140625
0 0.20625 0.07890625 0.053125 0.1578125
0 0.63515625 0.7390625 0.05703125 0.27109375
0 0.44765625 0.3421875 0.05234375 0.234375
0 0.49765625 0.9 0.075 0.2
0 0.47578125 0.7828125 0.0640625 0.284375
0 0.60234375 0.3515625 0.05703125 0.25234375
0 0.6109375 0.4265625 0.065625 0.25234375
0 0.84375 0.3 0.04375 0.18046875
0 0.19296875 0.2265625 0.04921875 0.1671875
0 0.1234375 0.18671875 0.04375 0.17265625
0 0.07265625 0.2484375 0.04765625 0.21015625
0 0.0671875 0.14453125 0.0421875 0.125
0 0.03203125 0.23046875 0.040625 0.1859375
0 0.01640625 0.18515625 0.0328125 0.19140625
0 0.03671875 0.48984375 0.04375 0.23671875
0 0.009375 0.50078125 0.01875 0.2078125
0 0.00703125 0.3453125 0.0140625 0.153125
0 0.56328125 0.83984375 0.06015625 0.25546875
0 0.3515625 0.26796875 0.05546875 0.196875