0 0.315625 0.8046875 0.0578125 0.21953125
0 0.7359375 0.65546875 0.05078125 0.2125
0 0.70859375 0.54453125 0.0484375 0.225
0 0.65078125 0.1 0.05 0.13359375
0 0.6515625 0.0453125 0.05234375 0.08984375
0 0.3609375 0.253125 0.05078125 0.12890625
0 0.4953125 0.23828125 0.040625 0.18203125
0 0.465625 0.23125 0.0484375 0.1765625
0 0.4296875 0.2125 0.0484375 0.1765625
0 0.425 0.38203125 0.05078125 0.20546875
0 0.40859375 0.32109375 0.04453125 0.16953125
0 0.03984375 0.50234375 0.06015625 0.2125
0 0.9609375 0.19765625 0.04140625 0.1578125
0 0.53671875 0.06171875 0.03515625 0.1234375
0 0.509375 0.05859375 0.0421875 0.11640625
0 0.4734375 0.065625 0.0484375 0.13125
0 0.209375 0.3796875 0.05234375 0.19609375
0 0.19765625 0.23515625 0.04140625 0.16953125
0 0.23671875 0.18828125 0.03359375 0.1765625
0 0.14296875 0.18125 0.0453125 0.1765625
0 0.20546875 0.05078125 0.0359375 0.08828125
0 0.23671875 0.05390625 0.03203125 0.10703125
0 0.175 0.065625 0.040625 0.103125
0 0.77421875 0.1671875 0.04453125 0.14375
0 0.76875 0.07734375 0.046875 0.15078125
0 0.83984375 0.134375 0.0390625 0.16015625
0 0.38203125 0.6734375 0.05078125 0.24375
0 0.4484375 0.80234375 0.06015625 0.2484375
0 0.6265625 0.2765625 0.05078125 0.1765625
0 0.91953125 0.21015625 0.03125 0.19140625
0 0.88671875 0.21484375 0.046875 0.18671875
0 0.8875 0.14375 0.040625 0.15546875
0 0.90546875 0.4359375 0.046875 0.2125
0 0.9484375 0.43828125 0.04296875 0.184375
0 0.9390625 0.37109375 0.040625 0.14609375
0 0.9453125 0.303125 0.040625 0.12421875
0 0.9796875 0.3890625 0.040625 0.209375
0 0.55078125 0.3171875 0.046875 0.21015625
0 0.50546875 0.8640625 0.0671875 0.271875
0 0.52578125 0.71328125 0.0578125 0.25546875