0 0.71015625 0.80234375 0.0625 0.23671875
0 0.25859375 0.64140625 0.0546875 0.22890625
0 0.2875 0.521875 0.05234375 0.24140625
0 0.35078125 0.0578125 0.05390625 0.11484375
0 0.34921875 0.01640625 0.05703125 0.0328125
0 0.66171875 0.20859375 0.0546875 0.1390625
0 0.5171875 0.19296875 0.04375 0.1953125
0 0.54921875 0.18515625 0.05234375 0.190625
0 0.58828125 0.16484375 0.05234375 0.190625
0 0.59296875 0.346875 0.0546875 0.22109375
0 0.6109375 0.28125 0.04765625 0.1828125
0 0.9875 0.47578125 0.025 0.2296875
0 0.01953125 0.1484375 0.0390625 0.16953125
0 0.47265625 0.034375 0.0375 0.06875
0 0.50234375 0.03125 0.0453125 0.06171875
0 0.54140625 0.03828125 0.0515625 0.0765625
0 0.825 0.34453125 0.05625 0.2109375
0 0.8375 0.1890625 0.04453125 0.1828125
0 0.79609375 0.1390625 0.0359375 0.190625
0 0.89609375 0.13125 0.04921875 0.190625
0 0.82890625 0.01875 0.0390625 0.0375
0 0.7953125 0.02578125 0.034375 0.0515625
0 0.86171875 0.03125 0.04375 0.06171875
0 0.2171875 0.115625 0.04765625 0.1546875
0 0.2234375 0.05 0.05 0.1
0 0.14609375 0.08359375 0.04140625 0.16640625
0 0.4765625 0.70859375 0.06640625 0.2234375
0 0.6390625 0.6609375 0.0546875 0.2625
0 0.50078125 0.87265625 0.0734375 0.25390625
0 0.5671875 0.8 0.06484375 0.2671875
0 0.37578125 0.234375 0.0546875 0.190625
0 0.0609375 0.16171875 0.03359375 0.20546875
0 0.0953125 0.1671875 0.05078125 0.20078125
0 0.09453125 0.09140625 0.04375 0.1671875
0 0.075 0.40546875 0.05078125 0.22890625
0 0.0296875 0.4078125 0.04609375 0.19765625
0 0.03984375 0.3359375 0.04375 0.15703125
0 0.0328125 0.2625 0.04375 0.13359375
0 0.00859375 0.35625 0.01640625 0.22421875
0 0.45703125 0.278125 0.05078125 0.2265625