0 0.66953125 0.78984375 0.05703125 0.21640625
0 0.25625 0.64296875 0.05 0.209375
0 0.2828125 0.53359375 0.04765625 0.22109375
0 0.340625 0.0953125 0.04921875 0.13203125
0 0.3390625 0.04296875 0.0515625 0.0859375
0 0.62578125 0.24609375 0.05 0.12734375
0 0.3046875 0.940625 0.06484375 0.11875
0 0.38125 0.29296875 0.0515625 0.18828125
0 0.4421875 0.259375 0.0515625 0.2046875
0 0.49296875 0.23203125 0.03984375 0.17890625
0 0.521875 0.225 0.04765625 0.17421875
0 0.5578125 0.20625 0.04765625 0.17421875
0 0.56171875 0.3734375 0.05 0.20234375
0 0.578125 0.31328125 0.04375 0.1671875
0 0.940625 0.4921875 0.059375 0.209375
0 0.12109375 0.16484375 0.040625 0.18125
0 0.08203125 0.159375 0.03828125 0.14609375
0 0.03515625 0.1921875 0.040625 0.15546875
0 0.0125 0.3546875 0.025 0.21171875
0 0.02578125 0.59765625 0.0515625 0.21484375
0 0.034375 0.340625 0.0421875 0.19296875
0 0.06875 0.39921875 0.034375 0.17421875
0 0.10078125 0.38984375 0.04921875 0.21171875
0 0.08046875 0.259375 0.0453125 0.1484375
0 0.45234375 0.059375 0.034375 0.11875
0 0.4796875 0.05625 0.04140625 0.11171875
0 0.5140625 0.06328125 0.04765625 0.1265625
0 0.77421875 0.37109375 0.0515625 0.19296875
0 0.7859375 0.22890625 0.040625 0.1671875
0 0.74765625 0.1828125 0.0328125 0.17421875
0 0.83984375 0.17578125 0.0453125 0.17421875
0 0.778125 0.04765625 0.0359375 0.08671875
0 0.746875 0.0515625 0.03203125 0.10234375
0 0.8078125 0.06171875 0.03984375 0.1015625
0 0.21875 0.16171875 0.04375 0.14140625
0 0.22421875 0.0734375 0.04609375 0.146875
0 0.15390625 0.1296875 0.03828125 0.1578125
0 0.45625 0.70390625 0.0609375 0.2046875
0 0.459375 0.88515625 0.0625 0.2296875
0 0.5453125 0.81484375 0.05390625 0.2515625
0 0.60390625 0.66015625 0.05 0.23984375