0 0.71171875 0.85703125 0.0625 0.23828125
0 0.25625 0.69453125 0.05546875 0.23046875
0 0.28515625 0.57421875 0.05234375 0.24375
0 0.3484375 0.0921875 0.05390625 0.1453125
0 0.34765625 0.040625 0.05703125 0.08125
0 0.6625 0.2578125 0.05546875 0.13984375
0 0.609375 0.34453125 0.0484375 0.2515625
0 0.60625 0.20703125 0.0484375 0.14296875
0 0.828125 0.1359375 0.0390625 0.15078125
0 0.60703125 0.0640625 0.0421875 0.12734375
0 0.8265625 0.0265625 0.03125 0.053125
0 0.66640625 0.41875 0.05078125 0.2125
0 0.65703125 0.753125 0.04375 0.23828125
0 0.88359375 0.190625 0.03671875 0.18125
0 0.85 0.28125 0.0390625 0.18671875
0 0.8203125 0.35859375 0.04375 0.196875
0 0.50390625 0.35 0.046875 0.1890625
0 0.54921875 0.3359375 0.040625 0.2078125
0 0.4578125 0.1296875 0.0484375 0.184375
0 0.49296875 0.034375 0.03984375 0.06875
0 0.49609375 0.11640625 0.0453125 0.184375
0 0.528125 0.1296875 0.0421875 0.1890625
0 0.21171875 0.06796875 0.03359375 0.1359375
0 0.18671875 0.05859375 0.03359375 0.1171875
0 0.07421875 0.10078125 0.040625 0.16875
0 0.79765625 0.1265625 0.0390625 0.17890625
0 0.85859375 0.046875 0.0328125 0.09375
0 0.0078125 0.31484375 0.015625 0.2203125
0 0.5875 0.66328125 0.0625 0.24609375
0 0.4953125 0.60390625 0.0609375 0.2359375
0 0.42265625 0.52734375 0.05390625 0.259375
0 0.08671875 0.2515625 0.0484375 0.1734375
0 0.01484375 0.61640625 0.02890625 0.24609375
0 0.14453125 0.33671875 0.0484375 0.17890625
0 0.1359375 0.0640625 0.03359375 0.12734375
0 0.9171875 0.3125 0.04921875 0.2078125
0 0.9578125 0.31875 0.0453125 0.2
0 0.81171875 0.553125 0.05703125 0.24375
0 0.63515625 0.78671875 0.05859375 0.26953125
0 0.44609375 0.065625 0.03984375 0.13046875
0 0.790625 0.04296875 0.03515625 0.0859375
0 0.03125 0.2515625 0.0484375 0.1734375
0 0.0234375 0.3390625 0.046875 0.215625
0 0.26875 0.21015625 0.0421875 0.1890625
0 0.63359375 0.0859375 0.04375 0.171875