0 0.66953125 0.78671875 0.059375 0.22734375
0 0.23515625 0.63203125 0.053125 0.21953125
0 0.26328125 0.5171875 0.05 0.23203125
0 0.3234375 0.06328125 0.0515625 0.1265625
0 0.32265625 0.0234375 0.0546875 0.046875
0 0.62265625 0.215625 0.053125 0.13359375
0 0.571875 0.2984375 0.04609375 0.23984375
0 0.56953125 0.16796875 0.04609375 0.1359375
0 0.78046875 0.1 0.0375 0.14296875
0 0.77890625 0.01015625 0.0296875 0.0203125
0 0.6265625 0.36875 0.0484375 0.20234375
0 0.6171875 0.6875 0.04140625 0.22734375
0 0.8328125 0.1515625 0.034375 0.17265625
0 0.8015625 0.23828125 0.0375 0.178125
0 0.77265625 0.3125 0.04140625 0.1875
0 0.47109375 0.30390625 0.04453125 0.18046875
0 0.5140625 0.28984375 0.0390625 0.19765625
0 0.42734375 0.09375 0.04609375 0.17578125
0 0.4609375 0.01796875 0.0375 0.0359375
0 0.4640625 0.084375 0.04296875 0.16875
0 0.49453125 0.09375 0.040625 0.18046875
0 0.1703125 0.040625 0.03125 0.08125
0 0.7515625 0.09140625 0.0375 0.1703125
0 0.809375 0.03046875 0.03046875 0.06015625
0 0.0734375 0.209375 0.04609375 0.165625
0 0.009375 0.5578125 0.01875 0.234375
0 0.12890625 0.29140625 0.04609375 0.1703125
0 0.76484375 0.49765625 0.05390625 0.23203125
0 0.41640625 0.04765625 0.0375 0.09453125
0 0.7453125 0.0265625 0.03359375 0.05234375
0 0.021875 0.209375 0.04375 0.165625
0 0.01796875 0.29375 0.0359375 0.20546875
0 0.246875 0.1703125 0.040625 0.18046875
0 0.5953125 0.0671875 0.04140625 0.134375
0 0.10859375 0.0546875 0.03359375 0.109375
0 0.07109375 0.06015625 0.04140625 0.11953125
0 0.546875 0.07578125 0.04296875 0.1515625
0 0.38046875 0.5171875 0.05390625 0.26171875
0 0.45625 0.5046875 0.0609375 0.22265625
0 0.55 0.56171875 0.059375 0.22734375
0 0.89453125 0.31484375 0.0484375 0.19765625
0 0.8796875 0.23828125 0.05 0.17265625