0 0.72890625 0.88203125 0.06328125 0.2359375
0 0.2703125 0.72109375 0.05546875 0.23203125
0 0.3 0.6 0.053125 0.2453125
0 0.36328125 0.1140625 0.05390625 0.14609375
0 0.3625 0.0515625 0.0578125 0.103125
0 0.6796875 0.28125 0.05546875 0.140625
0 0.62578125 0.36875 0.0484375 0.253125
0 0.62265625 0.23046875 0.0484375 0.14375
0 0.8453125 0.15859375 0.03984375 0.1515625
0 0.6234375 0.075 0.0421875 0.15
0 0.659375 0.07421875 0.04296875 0.1484375
0 0.84453125 0.0375 0.03125 0.075
0 0.6828125 0.44296875 0.0515625 0.2140625
0 0.6734375 0.7796875 0.04375 0.23984375
0 0.3296875 0.25625 0.0484375 0.190625
0 0.9015625 0.21328125 0.03671875 0.1828125
0 0.86796875 0.3046875 0.03984375 0.18828125
0 0.8375 0.3828125 0.04375 0.1984375
0 0.51953125 0.37421875 0.046875 0.190625
0 0.56484375 0.359375 0.04140625 0.20859375
0 0.4734375 0.15234375 0.0484375 0.18515625
0 0.50859375 0.0453125 0.03984375 0.090625
0 0.51171875 0.1390625 0.0453125 0.18515625
0 0.54375 0.15234375 0.0421875 0.190625
0 0.22578125 0.0796875 0.03359375 0.15859375
0 0.20078125 0.0703125 0.034375 0.13984375
0 0.0875 0.1234375 0.04140625 0.16953125
0 0.0640625 0.23828125 0.04375 0.18515625
0 0.81484375 0.14921875 0.03984375 0.1796875
0 0.87578125 0.05859375 0.03203125 0.1171875
0 0.04375 0.346875 0.04375 0.20859375
0 0.0140625 0.33984375 0.02734375 0.22265625
0 0.60390625 0.68984375 0.06328125 0.24765625
0 0.5109375 0.6296875 0.06171875 0.2375
0 0.43828125 0.55234375 0.05390625 0.2609375
0 0.1 0.275 0.0484375 0.175
0 0.02109375 0.6421875 0.0421875 0.24765625
0 0.15859375 0.3609375 0.0484375 0.1796875
0 0.15 0.075 0.03359375 0.15
0 0.9359375 0.3359375 0.05 0.20859375
0 0.97578125 0.34296875 0.0453125 0.20078125
0 0.8296875 0.57890625 0.05703125 0.2453125
0 0.6515625 0.8140625 0.05859375 0.27109375
0 0.46171875 0.0828125 0.03984375 0.140625
0 0.809375 0.05390625 0.034375 0.1078125