0 0.6765625 0.790625 0.059375 0.22734375
0 0.2421875 0.6359375 0.053125 0.21953125
0 0.2703125 0.52109375 0.05 0.23203125
0 0.33046875 0.06484375 0.0515625 0.1296875
0 0.3296875 0.02578125 0.0546875 0.0515625
0 0.6296875 0.21953125 0.053125 0.13359375
0 0.5796875 0.30234375 0.04609375 0.23984375
0 0.5765625 0.171875 0.04609375 0.1359375
0 0.7875 0.10390625 0.0375 0.14296875
0 0.78671875 0.0125 0.0296875 0.025
0 0.63359375 0.37265625 0.0484375 0.20234375
0 0.62421875 0.69140625 0.04140625 0.22734375
0 0.840625 0.15546875 0.034375 0.17265625
0 0.80859375 0.2421875 0.0375 0.178125
0 0.7796875 0.31640625 0.04140625 0.1875
0 0.47890625 0.3078125 0.04453125 0.18046875
0 0.521875 0.29375 0.0390625 0.19765625
0 0.43515625 0.09765625 0.04609375 0.17578125
0 0.46875 0.01953125 0.0375 0.0390625
0 0.47109375 0.08671875 0.04296875 0.17265625
0 0.5015625 0.09765625 0.040625 0.18046875
0 0.1765625 0.04296875 0.03203125 0.0859375
0 0.75859375 0.0953125 0.0375 0.1703125
0 0.81640625 0.03203125 0.03046875 0.0640625
0 0.01328125 0.56171875 0.02578125 0.234375
0 0.77265625 0.5015625 0.05390625 0.23203125
0 0.42421875 0.04921875 0.0375 0.0984375
0 0.75234375 0.028125 0.03359375 0.05625
0 0.60234375 0.06953125 0.04140625 0.13828125
0 0.11640625 0.05703125 0.03359375 0.11328125
0 0.07890625 0.06171875 0.04140625 0.1234375
0 0.55546875 0.07734375 0.0421875 0.1546875
0 0.3875 0.52109375 0.05390625 0.26171875
0 0.46328125 0.50859375 0.0609375 0.22265625
0 0.55703125 0.565625 0.059375 0.22734375
0 0.9015625 0.31875 0.0484375 0.19765625
0 0.88671875 0.2421875 0.05 0.17265625
0 0.2234375 0.1515625 0.046875 0.18515625
0 0.0140625 0.3328125 0.028125 0.203125
0 0.0203125 0.24296875 0.03984375 0.1859375
0 0.0625 0.24921875 0.04609375 0.17265625
0 0.10703125 0.346875 0.0484375 0.18046875