0 0.32109375 0.79453125 0.05703125 0.21640625
0 0.734375 0.64765625 0.05 0.209375
0 0.7078125 0.53828125 0.04765625 0.22109375
0 0.65 0.1 0.04921875 0.13203125
0 0.6515625 0.0453125 0.0515625 0.090625
0 0.36484375 0.25078125 0.05 0.12734375
0 0.41328125 0.3296875 0.04375 0.228125
0 0.415625 0.2046875 0.04375 0.1296875
0 0.21640625 0.0328125 0.028125 0.06484375
0 0.36171875 0.396875 0.04609375 0.19296875
0 0.3703125 0.70078125 0.03984375 0.21640625
0 0.16484375 0.18984375 0.0328125 0.16484375
0 0.509375 0.334375 0.0421875 0.171875
0 0.46796875 0.321875 0.03671875 0.18828125
0 0.51875 0.03984375 0.0359375 0.07890625
0 0.51640625 0.12265625 0.040625 0.1671875
0 0.4875 0.134375 0.03828125 0.171875
0 0.796875 0.06171875 0.03046875 0.1234375
0 0.1875 0.0515625 0.02890625 0.10234375
0 0.96953125 0.57578125 0.0609375 0.2234375
0 0.2484375 0.04765625 0.03203125 0.0953125
0 0.39140625 0.090625 0.03984375 0.16484375
0 0.8546875 0.07890625 0.03203125 0.14140625
0 0.88984375 0.08046875 0.03984375 0.1578125
0 0.4375 0.1046875 0.040625 0.16953125
0 0.59609375 0.53828125 0.0515625 0.24921875
0 0.75234375 0.1859375 0.0453125 0.1765625
0 0.9890625 0.3609375 0.02109375 0.18359375
0 0.9625 0.359375 0.04609375 0.19296875
0 0.9515625 0.2734375 0.04921875 0.1765625
0 0.90546875 0.27890625 0.04375 0.16484375
0 0.86328125 0.371875 0.04609375 0.171875
0 0.14296875 0.26484375 0.0421875 0.18359375
0 0.10078125 0.3625 0.04765625 0.2
0 0.25 0.20703125 0.03203125 0.1625
0 0.21171875 0.1953125 0.0421875 0.14375
0 0.20625 0.31484375 0.0421875 0.15546875
0 0.22265625 0.4390625 0.0515625 0.16015625
0 0.23828125 0.5828125 0.0453125 0.21640625
0 0.5671875 0.19765625 0.0359375 0.1671875
0 0.575 0.096875 0.0359375 0.1390625
0 0.534375 0.503125 0.04765625 0.21171875
0 0.43203125 0.5453125 0.04609375 0.21171875