0 0.32265625 0.82421875 0.05859375 0.2234375
0 0.74921875 0.67265625 0.0515625 0.21640625
0 0.721875 0.559375 0.04921875 0.228125
0 0.6625 0.10859375 0.05078125 0.1359375
0 0.6640625 0.04921875 0.05390625 0.0984375
0 0.36796875 0.26328125 0.0515625 0.13125
0 0.41796875 0.34453125 0.0453125 0.23515625
0 0.42109375 0.21640625 0.0453125 0.13359375
0 0.21484375 0.0359375 0.02890625 0.071875
0 0.36484375 0.4140625 0.04765625 0.19921875
0 0.3734375 0.72734375 0.040625 0.2234375
0 0.16171875 0.20078125 0.034375 0.16953125
0 0.5171875 0.35 0.04375 0.17734375
0 0.475 0.33671875 0.03828125 0.19453125
0 0.5265625 0.04296875 0.0375 0.0859375
0 0.525 0.13125 0.0421875 0.17265625
0 0.49453125 0.14375 0.03984375 0.17734375
0 0.8140625 0.06640625 0.03203125 0.13203125
0 0.18515625 0.05546875 0.0296875 0.1109375
0 0.98125 0.59921875 0.0375 0.23046875
0 0.2484375 0.0515625 0.0328125 0.103125
0 0.3953125 0.0984375 0.040625 0.16953125
0 0.8734375 0.08671875 0.0328125 0.1453125
0 0.9109375 0.0875 0.040625 0.1625
0 0.44296875 0.11328125 0.0421875 0.175
0 0.60703125 0.559375 0.053125 0.25703125
0 0.76875 0.196875 0.04609375 0.18203125
0 0.98046875 0.375 0.0390625 0.19921875
0 0.97421875 0.28671875 0.05078125 0.18203125
0 0.9265625 0.29296875 0.0453125 0.16953125
0 0.8828125 0.38828125 0.04765625 0.17734375
0 0.1390625 0.278125 0.04375 0.1890625
0 0.0953125 0.37890625 0.04921875 0.20625
0 0.24921875 0.21875 0.0328125 0.1671875
0 0.21015625 0.20625 0.04375 0.1484375
0 0.2046875 0.32890625 0.04375 0.16015625
0 0.22109375 0.4578125 0.053125 0.16484375
0 0.2375 0.60546875 0.04609375 0.2234375
0 0.5765625 0.20859375 0.03671875 0.17265625
0 0.58515625 0.1046875 0.03671875 0.14296875
0 0.54296875 0.5234375 0.04921875 0.21875
0 0.4375 0.5671875 0.04765625 0.21875