0 0.70703125 0.8203125 0.06015625 0.22890625
0 0.2703125 0.66484375 0.053125 0.22109375
0 0.2984375 0.54921875 0.05 0.23359375
0 0.359375 0.08671875 0.0515625 0.1390625
0 0.3578125 0.03828125 0.0546875 0.0765625
0 0.66015625 0.24609375 0.053125 0.134375
0 0.609375 0.32890625 0.04609375 0.24140625
0 0.60625 0.19765625 0.04609375 0.13671875
0 0.85546875 0.08828125 0.0296875 0.1015625
0 0.81875 0.12890625 0.0375 0.14375
0 0.7828125 0.1328125 0.03515625 0.18671875
0 0.8515625 0.046875 0.03046875 0.08984375
0 0.60703125 0.0609375 0.03984375 0.12109375
0 0.6421875 0.059375 0.040625 0.11875
0 0.16640625 0.0546875 0.0359375 0.109375
0 0.01875 0.42109375 0.0375 0.10625
0 0.2015625 0.25078125 0.04609375 0.159375
0 0.2078125 0.1046875 0.0359375 0.12421875
0 0.9625 0.34453125 0.04296875 0.19140625
0 0.81796875 0.025 0.0296875 0.05
0 0.6640625 0.4 0.04921875 0.20390625
0 0.6546875 0.7203125 0.0421875 0.22890625
0 0.60234375 0.78125 0.06015625 0.27578125
0 0.5828125 0.66953125 0.0546875 0.24609375
0 0.49921875 0.60625 0.05703125 0.23359375
0 0.4390625 0.44453125 0.0546875 0.23828125
0 0.32734375 0.22265625 0.04609375 0.18125
0 0.871875 0.18125 0.03515625 0.17421875
0 0.88671875 0.265625 0.04765625 0.1890625
0 0.83984375 0.26875 0.0375 0.17890625
0 0.8109375 0.34296875 0.0421875 0.1890625
0 0.8171875 0.50546875 0.04921875 0.23125
0 0.5078125 0.334375 0.04453125 0.18125
0 0.5515625 0.3203125 0.0390625 0.1984375
0 0.46953125 0.03984375 0.03359375 0.0796875
0 0.4640625 0.12265625 0.04609375 0.1765625
0 0.4984375 0.03203125 0.0375 0.0640625
0 0.50078125 0.1109375 0.04296875 0.1765625
0 0.53125 0.12265625 0.040625 0.18125
0 0.228125 0.06484375 0.03203125 0.12890625
0 0.20546875 0.05546875 0.0328125 0.1109375
0 0.09609375 0.0953125 0.0390625 0.16171875
0 0.125 0.2140625 0.04609375 0.16875
0 0.0734375 0.2046875 0.0421875 0.1765625
0 0.06875 0.28203125 0.04296875 0.2109375
0 0.0296875 0.28046875 0.0375 0.20859375
0 0.03828125 0.5390625 0.0546875 0.1984375
0 0.01015625 0.5375 0.01953125 0.190625