0 0.3359375 0.85390625 0.0609375 0.2328125
0 0.78046875 0.69609375 0.05390625 0.225
0 0.75234375 0.578125 0.0515625 0.2375
0 0.690625 0.1078125 0.05234375 0.14140625
0 0.69140625 0.0484375 0.05546875 0.096875
0 0.38359375 0.26953125 0.05390625 0.13671875
0 0.4359375 0.3546875 0.046875 0.2453125
0 0.4390625 0.2203125 0.046875 0.1390625
0 0.22265625 0.15078125 0.03828125 0.146875
0 0.4375 0.07109375 0.040625 0.1421875
0 0.403125 0.0703125 0.04140625 0.140625
0 0.22421875 0.03515625 0.03046875 0.06953125
0 0.38046875 0.4265625 0.05 0.2078125
0 0.38984375 0.753125 0.04296875 0.2328125
0 0.7234375 0.2453125 0.046875 0.184375
0 0.16875 0.20390625 0.0359375 0.17734375
0 0.2015625 0.2921875 0.03828125 0.18203125
0 0.23046875 0.36875 0.04296875 0.1921875
0 0.5390625 0.359375 0.0453125 0.184375
0 0.49453125 0.3453125 0.03984375 0.20234375
0 0.58359375 0.14453125 0.046875 0.1796875
0 0.54921875 0.0421875 0.0390625 0.084375
0 0.546875 0.13203125 0.04375 0.1796875
0 0.515625 0.14453125 0.04140625 0.184375
0 0.82421875 0.07578125 0.0328125 0.15078125
0 0.8484375 0.06640625 0.0328125 0.1328125
0 0.95859375 0.11640625 0.03984375 0.16484375
0 0.9796875 0.22734375 0.040625 0.18046875
0 0.25234375 0.1421875 0.03828125 0.17421875
0 0.19296875 0.05546875 0.03125 0.11015625
0 0.98984375 0.3328125 0.0203125 0.20234375
0 0.45703125 0.665625 0.0609375 0.240625
0 0.54765625 0.6078125 0.059375 0.23046875
0 0.61796875 0.5328125 0.05234375 0.253125
0 0.94609375 0.26328125 0.046875 0.16953125
0 0.88984375 0.346875 0.046875 0.17421875
0 0.89765625 0.07109375 0.0328125 0.1421875
0 0.13515625 0.32265625 0.0484375 0.20234375
0 0.09609375 0.32890625 0.04375 0.19453125
0 0.23828125 0.5578125 0.05546875 0.2375
0 0.4109375 0.7859375 0.05703125 0.26328125
0 0.5953125 0.07734375 0.03828125 0.13671875
0 0.2578125 0.05078125 0.034375 0.1015625