0 0.36171875 0.79609375 0.0640625 0.24296875
0 0.82578125 0.63046875 0.05625 0.23515625
0 0.79609375 0.5078125 0.053125 0.2484375
0 0.73125 0.0453125 0.05546875 0.08984375
0 0.41171875 0.18515625 0.05625 0.14296875
0 0.465625 0.27421875 0.04921875 0.25625
0 0.46875 0.134375 0.04921875 0.1453125
0 0.20390625 0.0359375 0.03125 0.071875
0 0.24296875 0.06875 0.040625 0.1375
0 0.2078125 0.0109375 0.0328125 0.02109375
0 0.46875 0.0265625 0.04296875 0.053125
0 0.43046875 0.025 0.0421875 0.05
0 0.93671875 0.0203125 0.03828125 0.03984375
0 0.89921875 0.190625 0.04921875 0.16875
0 0.89140625 0.05 0.0390625 0.1
0 0.08984375 0.28984375 0.04609375 0.203125
0 0.4078125 0.34921875 0.05234375 0.21640625
0 0.4171875 0.690625 0.04453125 0.24296875
0 0.4734375 0.7546875 0.0640625 0.29296875
0 0.49375 0.6359375 0.0578125 0.26171875
0 0.5828125 0.56875 0.0609375 0.2484375
0 0.646875 0.396875 0.0578125 0.25390625
0 0.765625 0.16015625 0.04921875 0.19296875
0 0.18671875 0.1171875 0.0375 0.18515625
0 0.17109375 0.20703125 0.05078125 0.20078125
0 0.22109375 0.209375 0.03984375 0.190625
0 0.2515625 0.28828125 0.04453125 0.20078125
0 0.24453125 0.46171875 0.05234375 0.24609375
0 0.5734375 0.2796875 0.04765625 0.19296875
0 0.52734375 0.26484375 0.04140625 0.21171875
0 0.6203125 0.07421875 0.0484375 0.14765625
0 0.58125 0.06796875 0.04609375 0.13515625
0 0.5484375 0.07578125 0.04296875 0.15078125
0 0.87109375 0.03046875 0.03359375 0.0609375
0 0.89609375 0.02109375 0.034375 0.0421875
0 0.978125 0.15078125 0.04375 0.1796875
0 0.2734375 0.07109375 0.040625 0.1421875