0 0.71484375 0.81875 0.06015625 0.2296875
0 0.27578125 0.6625 0.053125 0.22265625
0 0.30390625 0.546875 0.05078125 0.23515625
0 0.36484375 0.08125 0.05234375 0.13984375
0 0.36328125 0.03515625 0.0546875 0.0703125
0 0.6671875 0.24140625 0.053125 0.13515625
0 0.37890625 0.2390625 0.05234375 0.18515625
0 0.83984375 0.44140625 0.0671875 0.21484375
0 0.45234375 0.3703125 0.06171875 0.2328125
0 0.64921875 0.3953125 0.0421875 0.2078125
0 0.61640625 0.325 0.04609375 0.2421875
0 0.61328125 0.19296875 0.04609375 0.1375
0 0.5140625 0.296875 0.0421875 0.175
0 0.5546875 0.284375 0.040625 0.1953125
0 0.471875 0.090625 0.040625 0.1578125
0 0.51015625 0.0796875 0.03359375 0.159375
0 0.5421875 0.08671875 0.0375 0.1734375
0 0.8265625 0.296875 0.03515625 0.18984375
0 0.846875 0.2375 0.040625 0.1671875
0 0.87421875 0.2125 0.03359375 0.1921875
0 0.89609375 0.17265625 0.03125 0.1828125
0 0.86328125 0.0828125 0.0296875 0.10234375
0 0.8265625 0.12421875 0.03828125 0.1453125
0 0.790625 0.128125 0.03515625 0.1875
0 0.86015625 0.04296875 0.03125 0.0859375
0 0.2203125 0.03984375 0.02890625 0.07890625
0 0.246875 0.0453125 0.04296875 0.090625
0 0.096875 0.15390625 0.03671875 0.1203125
0 0.08125 0.121875 0.03828125 0.1453125
0 0.61328125 0.0578125 0.040625 0.115625
0 0.6484375 0.05703125 0.040625 0.1140625
0 0.1703125 0.05234375 0.03671875 0.10390625
0 0.50234375 0.6375 0.06328125 0.2375
0 0.1375 0.1953125 0.03828125 0.1625
0 0.0875 0.2625 0.0453125 0.1921875
0 0.05078125 0.240625 0.0390625 0.1828125
0 0.05703125 0.5203125 0.0546875 0.2375
0 0.01953125 0.53203125 0.0390625 0.2328125
0 0.0203125 0.41796875 0.040625 0.1078125
0 0.20625 0.246875 0.04609375 0.16015625
0 0.58984375 0.78671875 0.059375 0.26484375
0 0.578125 0.67265625 0.0546875 0.20234375
0 0.2125 0.09921875 0.03671875 0.125
0 0.971875 0.340625 0.04375 0.1921875
0 0.82578125 0.021875 0.0296875 0.04375