0 0.328125 0.79609375 0.05625 0.2140625
0 0.73671875 0.65078125 0.05 0.20703125
0 0.7109375 0.5421875 0.046875 0.21875
0 0.65390625 0.109375 0.0484375 0.13046875
0 0.65546875 0.05 0.05078125 0.1
0 0.371875 0.25859375 0.05 0.12578125
0 0.41953125 0.33671875 0.04296875 0.22578125
0 0.421875 0.21328125 0.04296875 0.128125
0 0.2234375 0.14921875 0.03515625 0.13515625
0 0.22421875 0.0375 0.02734375 0.07421875
0 0.36875 0.40234375 0.04609375 0.190625
0 0.37734375 0.703125 0.0390625 0.2140625
0 0.1734375 0.19765625 0.0328125 0.16328125
0 0.20390625 0.2796875 0.03515625 0.16796875
0 0.23046875 0.34921875 0.0390625 0.1765625
0 0.5140625 0.340625 0.0421875 0.1703125
0 0.4734375 0.328125 0.03671875 0.1859375
0 0.55546875 0.14296875 0.04296875 0.165625
0 0.52421875 0.04453125 0.03515625 0.08828125
0 0.521875 0.13125 0.040625 0.165625
0 0.49296875 0.14296875 0.03828125 0.1703125
0 0.79921875 0.06640625 0.03046875 0.1328125
0 0.25078125 0.140625 0.03515625 0.1609375
0 0.19609375 0.05625 0.02890625 0.11171875
0 0.97421875 0.3109375 0.040625 0.19765625
0 0.8890625 0.25234375 0.04296875 0.15625
0 0.9703125 0.58046875 0.059375 0.2203125
0 0.83671875 0.3296875 0.04296875 0.1609375
0 0.2375 0.5234375 0.05078125 0.21875
0 0.56640625 0.08125 0.03515625 0.12578125
0 0.25625 0.05234375 0.03125 0.1046875
0 0.9390625 0.25234375 0.04296875 0.15625
0 0.94921875 0.33203125 0.046875 0.19296875
0 0.72578125 0.215625 0.03828125 0.1703125
0 0.39765625 0.1 0.0390625 0.16328125
0 0.85625 0.08828125 0.03125 0.13984375
0 0.89140625 0.08984375 0.0390625 0.15625
0 0.44296875 0.1140625 0.040625 0.16796875
0 0.6 0.5421875 0.05078125 0.246875
0 0.52890625 0.53046875 0.0578125 0.209375
0 0.440625 0.584375 0.05625 0.2140625
0 0.115625 0.3515625 0.04609375 0.1859375
0 0.1296875 0.2796875 0.046875 0.16328125