0 0.365625 0.77578125 0.0640625 0.24296875
0 0.82890625 0.6109375 0.05625 0.23515625
0 0.79921875 0.4875 0.053125 0.2484375
0 0.73515625 0.03515625 0.05546875 0.06953125
0 0.41484375 0.165625 0.05625 0.14296875
0 0.46953125 0.25390625 0.04921875 0.25625
0 0.471875 0.1140625 0.04921875 0.1453125
0 0.41171875 0.32890625 0.05234375 0.21640625
0 0.42109375 0.6703125 0.04453125 0.24296875
0 0.18984375 0.096875 0.0375 0.18515625
0 0.5765625 0.259375 0.04765625 0.19296875
0 0.53125 0.24453125 0.04140625 0.21171875
0 0.58515625 0.0578125 0.04609375 0.11484375
0 0.55234375 0.065625 0.04296875 0.13125
0 0.44453125 0.0390625 0.04453125 0.078125
0 0.9640625 0.02578125 0.0359375 0.0515625
0 0.49609375 0.0484375 0.04609375 0.09609375
0 0.67421875 0.4875 0.0578125 0.28046875
0 0.84921875 0.0953125 0.0515625 0.190625
0 0.9734375 0.30078125 0.053125 0.1921875
0 0.165625 0.18125 0.04765625 0.20625
0 0.11796875 0.290625 0.053125 0.225
0 0.2859375 0.11640625 0.0359375 0.18203125
0 0.24296875 0.103125 0.04765625 0.1609375
0 0.23671875 0.23671875 0.04765625 0.17421875
0 0.25546875 0.3765625 0.0578125 0.1796875
0 0.27265625 0.53828125 0.05078125 0.24296875
0 0.64140625 0.10625 0.03984375 0.1875
0 0.65 0.03515625 0.040625 0.06953125
0 0.60546875 0.4484375 0.053125 0.2375
0 0.48984375 0.49609375 0.05234375 0.2375