0 0.70390625 0.821875 0.059375 0.225
0 0.27421875 0.66953125 0.05234375 0.2171875
0 0.3015625 0.55625 0.04921875 0.2296875
0 0.36171875 0.10234375 0.05078125 0.13671875
0 0.36015625 0.04609375 0.05390625 0.0921875
0 0.6578125 0.25859375 0.05234375 0.13203125
0 0.6078125 0.33984375 0.0453125 0.23671875
0 0.6046875 0.2109375 0.0453125 0.134375
0 0.81328125 0.14375 0.03671875 0.14140625
0 0.6046875 0.06796875 0.03984375 0.1359375
0 0.6390625 0.0671875 0.03984375 0.13359375
0 0.8125 0.0328125 0.02890625 0.065625
0 0.6609375 0.409375 0.0484375 0.2
0 0.65234375 0.725 0.04140625 0.225
0 0.33046875 0.23515625 0.0453125 0.178125
0 0.865625 0.19453125 0.034375 0.17109375
0 0.834375 0.28046875 0.03671875 0.17578125
0 0.80625 0.353125 0.04140625 0.1859375
0 0.5078125 0.3453125 0.04375 0.178125
0 0.55078125 0.33125 0.03828125 0.1953125
0 0.46484375 0.1375 0.0453125 0.1734375
0 0.49765625 0.03984375 0.0375 0.0796875
0 0.50078125 0.125 0.04296875 0.1734375
0 0.53046875 0.1375 0.03984375 0.178125
0 0.2328125 0.071875 0.03125 0.14375
0 0.209375 0.06328125 0.03203125 0.12578125
0 0.103125 0.1109375 0.03828125 0.15859375
0 0.08046875 0.21796875 0.04140625 0.1734375
0 0.784375 0.13515625 0.03671875 0.16875
0 0.8421875 0.05234375 0.03046875 0.1046875
0 0.06171875 0.31953125 0.04140625 0.1953125
0 0.025 0.31328125 0.04296875 0.2078125
0 0.58671875 0.640625 0.059375 0.23203125
0 0.5 0.584375 0.0578125 0.221875
0 0.43203125 0.5125 0.05078125 0.24375
0 0.1140625 0.25234375 0.0453125 0.16328125
0 0.03046875 0.59609375 0.06015625 0.23125
0 0.16953125 0.3328125 0.0453125 0.16875
0 0.1609375 0.06796875 0.03125 0.1359375
0 0.8984375 0.309375 0.046875 0.1953125
0 0.9359375 0.315625 0.04296875 0.18828125
0 0.7984375 0.53671875 0.05390625 0.2296875
0 0.63125 0.75625 0.0546875 0.25390625
0 0.45390625 0.07265625 0.03671875 0.13203125
0 0.77890625 0.0484375 0.0328125 0.096875