0 0.665625 0.82890625 0.06171875 0.2359375
0 0.21640625 0.66875 0.0546875 0.228125
0 0.24453125 0.55 0.0515625 0.240625
0 0.30703125 0.0734375 0.053125 0.14375
0 0.30625 0.03125 0.05625 0.0625
0 0.6171875 0.2375 0.0546875 0.13828125
0 0.56484375 0.32265625 0.04765625 0.2484375
0 0.56171875 0.1875 0.04765625 0.140625
0 0.78046875 0.1171875 0.0390625 0.1484375
0 0.5625 0.0546875 0.04140625 0.10859375
0 0.5984375 0.053125 0.0421875 0.10625
0 0.10859375 0.0484375 0.0375 0.09609375
0 0.14453125 0.2421875 0.04765625 0.1640625
0 0.1515625 0.09140625 0.0375 0.128125
0 0.78046875 0.0171875 0.0296875 0.034375
0 0.62109375 0.39609375 0.05 0.21015625
0 0.61171875 0.7265625 0.04296875 0.2359375
0 0.4515625 0.60859375 0.05859375 0.240625
0 0.3890625 0.4421875 0.05625 0.24609375
0 0.27421875 0.2125 0.04765625 0.18671875
0 0.83515625 0.1703125 0.0359375 0.1796875
0 0.85078125 0.2578125 0.04921875 0.19453125
0 0.80234375 0.26015625 0.0390625 0.184375
0 0.77265625 0.33671875 0.04296875 0.19453125
0 0.77890625 0.5046875 0.05 0.23828125
0 0.4609375 0.328125 0.04609375 0.18671875
0 0.50546875 0.3140625 0.040625 0.2046875
0 0.4203125 0.0328125 0.034375 0.065625
0 0.415625 0.11015625 0.04765625 0.18203125
0 0.45 0.025 0.0390625 0.05
0 0.45234375 0.09765625 0.04453125 0.18203125
0 0.484375 0.11015625 0.04140625 0.18671875
0 0.17265625 0.05859375 0.0328125 0.1171875
0 0.14765625 0.04921875 0.03359375 0.0984375
0 0.0359375 0.0828125 0.040625 0.16484375
0 0.065625 0.20390625 0.04765625 0.17421875
0 0.01796875 0.19375 0.0359375 0.18125
0 0.75078125 0.1078125 0.0390625 0.1765625
0 0.81015625 0.03828125 0.03203125 0.07578125
0 0.9140625 0.315625 0.04140625 0.20234375
0 0.0078125 0.3015625 0.01484375 0.2046875
0 0.57890625 0.77109375 0.04453125 0.27421875
0 0.54296875 0.63828125 0.06171875 0.24296875