0 0.3234375 0.84453125 0.06171875 0.2359375
0 0.77265625 0.684375 0.0546875 0.228125
0 0.74453125 0.56484375 0.0515625 0.240625
0 0.68203125 0.08828125 0.053125 0.14375
0 0.6828125 0.0390625 0.05625 0.078125
0 0.371875 0.25234375 0.0546875 0.13828125
0 0.42421875 0.33828125 0.04765625 0.2484375
0 0.42734375 0.20234375 0.04765625 0.140625
0 0.20859375 0.13203125 0.0390625 0.1484375
0 0.42578125 0.06171875 0.0421875 0.1234375
0 0.209375 0.025 0.03046875 0.05
0 0.36796875 0.41171875 0.05 0.21015625
0 0.37734375 0.7421875 0.04296875 0.2359375
0 0.15390625 0.1859375 0.0359375 0.1796875
0 0.18671875 0.27578125 0.0390625 0.184375
0 0.21640625 0.35234375 0.04296875 0.19453125
0 0.528125 0.34375 0.04609375 0.18671875
0 0.48359375 0.3296875 0.040625 0.2046875
0 0.5734375 0.12578125 0.04765625 0.18203125
0 0.5390625 0.0328125 0.0390625 0.065625
0 0.53671875 0.11328125 0.04453125 0.18203125
0 0.5046875 0.12578125 0.04140625 0.18671875
0 0.81640625 0.06640625 0.0328125 0.13203125
0 0.84140625 0.05703125 0.03359375 0.1140625
0 0.953125 0.09765625 0.040625 0.16640625
0 0.23828125 0.1234375 0.0390625 0.1765625
0 0.178125 0.0453125 0.03125 0.090625
0 0.44609375 0.653125 0.06171875 0.24296875
0 0.5375 0.59453125 0.06015625 0.2328125
0 0.60859375 0.51875 0.053125 0.25625
0 0.940625 0.24609375 0.04765625 0.171875
0 0.8828125 0.33046875 0.04765625 0.1765625
0 0.89140625 0.06171875 0.0328125 0.1234375
0 0.1203125 0.30625 0.04921875 0.2046875
0 0.08046875 0.3125 0.04453125 0.196875
0 0.22421875 0.54453125 0.05625 0.240625
0 0.39921875 0.775 0.0578125 0.26640625
0 0.58515625 0.06328125 0.0390625 0.1265625
0 0.2453125 0.04140625 0.034375 0.0828125
0 0.98515625 0.2453125 0.0296875 0.171875
0 0.98984375 0.3328125 0.0203125 0.21328125
0 0.7609375 0.20546875 0.04140625 0.18671875
0 0.4 0.084375 0.04296875 0.16796875