0 0.646875 0.8203125 0.06484375 0.24609375
0 0.1765625 0.653125 0.05703125 0.23828125
0 0.20703125 0.528125 0.05390625 0.2515625
0 0.271875 0.05234375 0.05625 0.1046875
0 0.59609375 0.2015625 0.05703125 0.14453125
0 0.54140625 0.29140625 0.05 0.259375
0 0.53828125 0.15 0.05 0.146875
0 0.6 0.36796875 0.05234375 0.21953125
0 0.82421875 0.13203125 0.0375 0.1875
0 0.43203125 0.296875 0.0484375 0.1953125
0 0.47890625 0.28203125 0.0421875 0.2140625
0 0.42421875 0.07578125 0.046875 0.15078125
0 0.45703125 0.08359375 0.04296875 0.1671875
0 0.10625 0.028125 0.034375 0.05625
0 0.7984375 0.01640625 0.0328125 0.0328125
0 0.72890625 0.0125 0.0359375 0.025
0 0.56640625 0.05703125 0.0453125 0.11328125
0 0.5140625 0.065625 0.046875 0.13125
0 0.15546875 0.128125 0.05078125 0.20078125
0 0.0296875 0.33984375 0.05234375 0.1953125
0 0.72734375 0.15234375 0.0359375 0.184375
0 0.77109375 0.1390625 0.0484375 0.16328125
0 0.7765625 0.27421875 0.0484375 0.1765625
0 0.7578125 0.415625 0.05859375 0.18203125
0 0.740625 0.57890625 0.05078125 0.24609375
0 0.3671875 0.14140625 0.040625 0.18984375
0 0.3578125 0.05234375 0.040625 0.1046875
0 0.40390625 0.48828125 0.05390625 0.240625
0 0.5203125 0.53671875 0.05234375 0.240625
0 0.31015625 0.625 0.06328125 0.2890625
0 0.5703125 0.7234375 0.05859375 0.2625
0 0.83515625 0.20078125 0.0453125 0.20625
0 0.91171875 0.34921875 0.05546875 0.23046875
0 0.0296875 0.0296875 0.034375 0.059375
0 0.01640625 0.06875 0.0328125 0.13671875