0 0.634375 0.8546875 0.0625 0.23828125
0 0.17890625 0.69296875 0.05546875 0.23046875
0 0.20859375 0.571875 0.05234375 0.24375
0 0.271875 0.08984375 0.05390625 0.1453125
0 0.27109375 0.0390625 0.0578125 0.078125
0 0.5859375 0.25546875 0.05546875 0.13984375
0 0.5328125 0.34296875 0.0484375 0.2515625
0 0.5296875 0.20546875 0.0484375 0.14296875
0 0.75078125 0.13359375 0.0390625 0.15078125
0 0.75 0.02578125 0.03125 0.05078125
0 0.5890625 0.41640625 0.05078125 0.2125
0 0.5796875 0.75078125 0.04375 0.23828125
0 0.80625 0.18828125 0.03671875 0.18125
0 0.77265625 0.27890625 0.0390625 0.18671875
0 0.74296875 0.35703125 0.04375 0.196875
0 0.4265625 0.34765625 0.046875 0.1890625
0 0.471875 0.33359375 0.040625 0.2078125
0 0.38125 0.12734375 0.0484375 0.184375
0 0.4171875 0.0328125 0.040625 0.065625
0 0.41875 0.1140625 0.0453125 0.184375
0 0.45078125 0.12734375 0.0421875 0.1890625
0 0.11015625 0.0578125 0.03359375 0.11484375
0 0.7203125 0.125 0.0390625 0.17890625
0 0.78125 0.04609375 0.03203125 0.0921875
0 0.73515625 0.5515625 0.05703125 0.24375
0 0.3703125 0.0640625 0.040625 0.128125
0 0.7140625 0.0421875 0.03515625 0.084375
0 0.55703125 0.08515625 0.04375 0.1703125
0 0.04765625 0.071875 0.0359375 0.14375
0 0.01484375 0.07734375 0.02890625 0.1546875
0 0.50625 0.09453125 0.0453125 0.18671875
0 0.33125 0.571875 0.05703125 0.275
0 0.4109375 0.559375 0.0640625 0.23359375
0 0.509375 0.61875 0.0625 0.23828125
0 0.8703125 0.359375 0.05078125 0.2078125
0 0.85546875 0.27890625 0.05234375 0.18125
0 0.15859375 0.184375 0.04921875 0.19453125
0 0.0078125 0.2859375 0.015625 0.18125
0 0.0375 0.3890625 0.05078125 0.1890625