0 0.6890625 0.82578125 0.06015625 0.22890625
0 0.25234375 0.67109375 0.053125 0.22109375
0 0.28046875 0.55546875 0.05 0.23359375
0 0.340625 0.09296875 0.0515625 0.1390625
0 0.33984375 0.04140625 0.0546875 0.0828125
0 0.6421875 0.25234375 0.053125 0.134375
0 0.590625 0.33515625 0.04609375 0.24140625
0 0.58828125 0.20390625 0.04609375 0.13671875
0 0.79921875 0.028125 0.0296875 0.05546875
0 0.6453125 0.40625 0.04921875 0.20390625
0 0.6359375 0.7265625 0.0421875 0.22890625
0 0.853125 0.1875 0.03515625 0.17421875
0 0.48984375 0.33984375 0.04453125 0.18125
0 0.5328125 0.3265625 0.0390625 0.1984375
0 0.4796875 0.03515625 0.03828125 0.0703125
0 0.48203125 0.11640625 0.04296875 0.1765625
0 0.5125 0.12890625 0.040625 0.18125
0 0.1859375 0.05859375 0.03203125 0.1171875
0 0.8296875 0.04765625 0.03046875 0.0953125
0 0.0171875 0.59609375 0.034375 0.2359375
0 0.76484375 0.04375 0.03359375 0.0875
0 0.6140625 0.08515625 0.0421875 0.1703125
0 0.125 0.07265625 0.03359375 0.1453125
0 0.0875 0.07734375 0.0421875 0.1546875
0 0.565625 0.09765625 0.04296875 0.17890625
0 0.3984375 0.55546875 0.0546875 0.26328125
0 0.2328125 0.18359375 0.04765625 0.18671875
0 0.01796875 0.36640625 0.0359375 0.20390625
0 0.02421875 0.275 0.0484375 0.18671875
0 0.07109375 0.28203125 0.04609375 0.17421875
0 0.11640625 0.3796875 0.04921875 0.18125
0 0.8765625 0.2671875 0.04453125 0.19375
0 0.92109375 0.3703125 0.05 0.2109375
0 0.76328125 0.20625 0.03359375 0.17109375
0 0.80390625 0.19375 0.04453125 0.1515625
0 0.809375 0.31875 0.04453125 0.1640625
0 0.7921875 0.45078125 0.0546875 0.16875
0 0.77578125 0.60234375 0.04765625 0.22890625
0 0.42890625 0.19609375 0.0375 0.1765625
0 0.4203125 0.0890625 0.0375 0.146875
0 0.46328125 0.51796875 0.05 0.2234375
0 0.57109375 0.5625 0.04921875 0.2234375