0 0.76015625 0.77578125 0.0640625 0.24296875
0 0.29609375 0.6109375 0.05625 0.23515625
0 0.32578125 0.4875 0.053125 0.2484375
0 0.390625 0.03515625 0.05546875 0.06953125
0 0.71015625 0.165625 0.05625 0.14296875
0 0.65625 0.25390625 0.04921875 0.25625
0 0.653125 0.1140625 0.04921875 0.1453125
0 0.87890625 0.05859375 0.040625 0.1171875
0 0.653125 0.01640625 0.04296875 0.0328125
0 0.7140625 0.32890625 0.05234375 0.21640625
0 0.70390625 0.6703125 0.04453125 0.24296875
0 0.35625 0.140625 0.04921875 0.19296875
0 0.93515625 0.096875 0.0375 0.18515625
0 0.90078125 0.1890625 0.03984375 0.190625
0 0.8703125 0.26875 0.04453125 0.20078125
0 0.5484375 0.259375 0.04765625 0.19296875
0 0.59453125 0.24453125 0.04140625 0.21171875
0 0.5015625 0.0640625 0.0484375 0.128125
0 0.540625 0.0578125 0.04609375 0.11484375
0 0.57265625 0.065625 0.04296875 0.13125
0 0.2515625 0.0203125 0.034375 0.040625
0 0.11015625 0.0453125 0.04140625 0.090625
0 0.08671875 0.121875 0.04453125 0.1875
0 0.8484375 0.0609375 0.040625 0.121875
0 0.065625 0.23125 0.04453125 0.21171875
0 0.0265625 0.225 0.04609375 0.225
0 0.63359375 0.57890625 0.0640625 0.25078125
0 0.53984375 0.51796875 0.0625 0.240625
0 0.465625 0.440625 0.0546875 0.2640625
0 0.1234375 0.15859375 0.04921875 0.17734375
0 0.0328125 0.53046875 0.065625 0.2515625
0 0.1828125 0.24609375 0.04921875 0.18203125
0 0.1734375 0.01640625 0.03359375 0.0328125
0 0.9703125 0.22109375 0.05078125 0.21171875
0 0.99375 0.22734375 0.01171875 0.203125
0 0.8625 0.46640625 0.0578125 0.2484375
0 0.68203125 0.7046875 0.059375 0.275
0 0.48984375 0.01796875 0.040625 0.0359375