0 0.72734375 0.7734375 0.06328125 0.23984375
0 0.26953125 0.61015625 0.05546875 0.23203125
0 0.2984375 0.4890625 0.053125 0.2453125
0 0.3625 0.03828125 0.0546875 0.0765625
0 0.678125 0.1703125 0.05546875 0.140625
0 0.625 0.2578125 0.0484375 0.253125
0 0.621875 0.11953125 0.0484375 0.14375
0 0.68203125 0.3328125 0.0515625 0.2140625
0 0.67265625 0.66875 0.04375 0.23984375
0 0.9 0.103125 0.03671875 0.1828125
0 0.51875 0.26328125 0.046875 0.190625
0 0.5640625 0.24921875 0.04140625 0.20859375
0 0.51171875 0.06015625 0.0453125 0.1203125
0 0.54296875 0.06875 0.0421875 0.13671875
0 0.02109375 0.53125 0.0421875 0.246875
0 0.64921875 0.0421875 0.04375 0.084375
0 0.13671875 0.02890625 0.0359375 0.0578125
0 0.09609375 0.034375 0.04375 0.06875
0 0.59921875 0.05078125 0.0453125 0.1015625
0 0.42265625 0.4890625 0.05703125 0.2765625
0 0.2484375 0.09921875 0.05 0.19609375
0 0.02109375 0.290625 0.0421875 0.2140625
0 0.028125 0.1953125 0.05390625 0.19609375
0 0.0796875 0.20234375 0.0484375 0.1828125
0 0.1265625 0.3046875 0.0515625 0.190625
0 0.92421875 0.1859375 0.046875 0.20390625
0 0.97109375 0.29453125 0.053125 0.221875
0 0.80546875 0.12265625 0.03515625 0.1796875
0 0.8484375 0.109375 0.046875 0.159375
0 0.85390625 0.24140625 0.046875 0.171875
0 0.8359375 0.3796875 0.05703125 0.17734375
0 0.81875 0.53828125 0.05 0.23984375
0 0.4546875 0.11171875 0.03984375 0.18515625
0 0.44609375 0.03828125 0.03984375 0.0765625
0 0.490625 0.45 0.053125 0.23515625
0 0.60390625 0.496875 0.0515625 0.23515625