0 0.3203125 0.83203125 0.059375 0.22578125
0 0.7515625 0.67890625 0.05234375 0.21875
0 0.72421875 0.5640625 0.05 0.23046875
0 0.6640625 0.1078125 0.05078125 0.1375
0 0.66484375 0.0484375 0.05390625 0.096875
0 0.36640625 0.26484375 0.05234375 0.1328125
0 0.41640625 0.346875 0.0453125 0.23828125
0 0.41953125 0.2171875 0.0453125 0.13515625
0 0.21015625 0.03515625 0.0296875 0.0703125
0 0.3625 0.4171875 0.0484375 0.2015625
0 0.371875 0.73359375 0.04140625 0.22578125
0 0.15703125 0.20078125 0.034375 0.171875
0 0.5171875 0.3515625 0.04453125 0.17890625
0 0.47421875 0.33828125 0.0390625 0.19609375
0 0.52734375 0.04296875 0.0375 0.08515625
0 0.52421875 0.13125 0.04296875 0.17421875
0 0.49375 0.14296875 0.03984375 0.17890625
0 0.8171875 0.065625 0.03203125 0.13125
0 0.18046875 0.0546875 0.0296875 0.109375
0 0.98359375 0.6046875 0.0328125 0.2328125
0 0.24453125 0.05078125 0.0328125 0.1015625
0 0.39375 0.09765625 0.04140625 0.171875
0 0.87734375 0.08515625 0.0328125 0.14765625
0 0.91484375 0.08671875 0.04140625 0.16484375
0 0.44140625 0.1125 0.04296875 0.1765625
0 0.60703125 0.5640625 0.05390625 0.26015625
0 0.77109375 0.196875 0.046875 0.184375
0 0.9828125 0.37734375 0.034375 0.2015625
0 0.9765625 0.2875 0.046875 0.184375
0 0.93046875 0.29453125 0.0453125 0.171875
0 0.8859375 0.39140625 0.0484375 0.17890625
0 0.134375 0.2796875 0.04453125 0.19140625
0 0.08984375 0.38125 0.05 0.20859375
0 0.24609375 0.21953125 0.0328125 0.16953125
0 0.20625 0.20703125 0.04453125 0.15
0 0.20078125 0.33125 0.04453125 0.16171875
0 0.21796875 0.4609375 0.05390625 0.1671875
0 0.23359375 0.6109375 0.046875 0.22578125
0 0.5765625 0.209375 0.0375 0.17421875
0 0.58515625 0.10390625 0.0375 0.14453125
0 0.54296875 0.52734375 0.05 0.22109375
0 0.4359375 0.571875 0.0484375 0.22109375