0 0.27265625 0.80234375 0.06171875 0.2359375
0 0.72265625 0.6421875 0.0546875 0.228125
0 0.69375 0.5234375 0.0515625 0.240625
0 0.63125 0.05859375 0.053125 0.1171875
0 0.63203125 0.01796875 0.05625 0.0359375
0 0.32109375 0.2109375 0.0546875 0.13828125
0 0.3734375 0.29609375 0.04765625 0.2484375
0 0.3765625 0.1609375 0.04765625 0.140625
0 0.1578125 0.08984375 0.0390625 0.1484375
0 0.3171875 0.36953125 0.05 0.21015625
0 0.3265625 0.7 0.04296875 0.2359375
0 0.103125 0.14375 0.0359375 0.1796875
0 0.1359375 0.23359375 0.0390625 0.184375
0 0.165625 0.31015625 0.04296875 0.19453125
0 0.478125 0.3015625 0.04609375 0.18671875
0 0.43359375 0.2875 0.040625 0.2046875
0 0.521875 0.08671875 0.046875 0.1734375
0 0.48828125 0.01171875 0.0390625 0.0234375
0 0.4859375 0.08125 0.04453125 0.16171875
0 0.453125 0.08828125 0.040625 0.1765625
0 0.790625 0.0359375 0.03359375 0.071875
0 0.1875 0.084375 0.03828125 0.16875
0 0.12734375 0.02421875 0.0328125 0.0484375
0 0.98046875 0.26796875 0.0390625 0.21796875
0 0.88984375 0.20390625 0.04765625 0.171875
0 0.9734375 0.56484375 0.053125 0.24296875
0 0.8328125 0.2890625 0.04765625 0.1765625
0 0.1734375 0.50234375 0.05625 0.240625
0 0.53359375 0.0421875 0.0390625 0.084375
0 0.19453125 0.0203125 0.034375 0.040625
0 0.94453125 0.20390625 0.04765625 0.171875
0 0.95546875 0.29140625 0.0515625 0.2125
0 0.71015625 0.16328125 0.04140625 0.18671875
0 0.34921875 0.06328125 0.04296875 0.12578125
0 0.853125 0.05 0.034375 0.1
0 0.8921875 0.05546875 0.04296875 0.1109375
0 0.39921875 0.071875 0.04453125 0.14375
0 0.571875 0.5234375 0.05625 0.271875
0 0.49375 0.51015625 0.06328125 0.23046875
0 0.396875 0.56953125 0.06171875 0.2359375
0 0.03984375 0.31328125 0.05 0.2046875
0 0.0546875 0.23359375 0.0515625 0.1796875