0 0.3265625 0.85 0.06015625 0.22890625
0 0.7625 0.69453125 0.053125 0.22109375
0 0.73515625 0.57890625 0.05 0.23359375
0 0.67421875 0.1171875 0.0515625 0.1390625
0 0.67578125 0.053125 0.0546875 0.10625
0 0.3734375 0.27578125 0.053125 0.134375
0 0.42421875 0.359375 0.04609375 0.24140625
0 0.42734375 0.22734375 0.04609375 0.13671875
0 0.178125 0.11796875 0.0296875 0.1015625
0 0.21484375 0.159375 0.0375 0.14375
0 0.25078125 0.1625 0.03515625 0.18671875
0 0.18203125 0.07734375 0.03046875 0.08984375
0 0.42734375 0.07578125 0.040625 0.1515625
0 0.3921875 0.07421875 0.040625 0.1484375
0 0.86796875 0.06953125 0.0359375 0.1390625
0 0.83203125 0.28046875 0.04609375 0.159375
0 0.82578125 0.134375 0.0359375 0.12421875
0 0.07109375 0.37421875 0.04296875 0.19140625
0 0.21640625 0.03984375 0.0296875 0.0796875
0 0.36953125 0.4296875 0.04921875 0.20390625
0 0.37890625 0.75078125 0.0421875 0.22890625
0 0.43125 0.81171875 0.06015625 0.27578125
0 0.45078125 0.69921875 0.0546875 0.24609375
0 0.534375 0.6359375 0.05703125 0.23359375
0 0.59453125 0.475 0.0546875 0.23828125
0 0.70625 0.25234375 0.04609375 0.18125
0 0.16171875 0.2109375 0.03515625 0.17421875
0 0.146875 0.29609375 0.04765625 0.1890625
0 0.19375 0.2984375 0.0375 0.17890625
0 0.22265625 0.37265625 0.0421875 0.1890625
0 0.21640625 0.53515625 0.04921875 0.23125
0 0.52578125 0.3640625 0.04453125 0.18125
0 0.48203125 0.35078125 0.0390625 0.1984375
0 0.56484375 0.0546875 0.03359375 0.109375
0 0.56953125 0.153125 0.04609375 0.1765625
0 0.5359375 0.046875 0.0375 0.09375
0 0.5328125 0.140625 0.04296875 0.1765625
0 0.50234375 0.153125 0.040625 0.18125
0 0.80546875 0.0796875 0.03203125 0.159375
0 0.82890625 0.07109375 0.03203125 0.14140625
0 0.9375 0.12578125 0.0390625 0.16171875
0 0.90859375 0.24375 0.04609375 0.16875
0 0.96015625 0.23515625 0.0421875 0.1765625
0 0.96484375 0.31171875 0.04296875 0.2109375
0 0.9921875 0.31015625 0.01484375 0.20859375
0 0.98359375 0.56796875 0.0328125 0.1984375