0 0.32421875 0.79296875 0.0578125 0.22109375
0 0.74609375 0.64296875 0.0515625 0.2140625
0 0.71953125 0.53125 0.0484375 0.22578125
0 0.66015625 0.084375 0.05 0.134375
0 0.6609375 0.03671875 0.053125 0.0734375
0 0.36953125 0.23828125 0.0515625 0.1296875
0 0.41875 0.31875 0.04453125 0.2328125
0 0.42109375 0.19140625 0.04453125 0.13203125
0 0.215625 0.125 0.03671875 0.1390625
0 0.42109375 0.05859375 0.0390625 0.1171875
0 0.2171875 0.02421875 0.02890625 0.0484375
0 0.365625 0.38671875 0.04765625 0.196875
0 0.37421875 0.696875 0.040625 0.22109375
0 0.16484375 0.17578125 0.03359375 0.16796875
0 0.1953125 0.259375 0.03671875 0.1734375
0 0.2234375 0.33203125 0.040625 0.1828125
0 0.51640625 0.3234375 0.04296875 0.17578125
0 0.47421875 0.31015625 0.0375 0.1921875
0 0.559375 0.11875 0.04453125 0.1703125
0 0.5265625 0.03125 0.03671875 0.0625
0 0.52421875 0.10703125 0.0421875 0.1703125
0 0.49453125 0.11875 0.0390625 0.17578125
0 0.7875 0.0625 0.03046875 0.125
0 0.81015625 0.05390625 0.03125 0.1078125
0 0.91484375 0.0921875 0.0375 0.15625
0 0.24453125 0.11640625 0.03671875 0.165625
0 0.18671875 0.04296875 0.0296875 0.0859375
0 0.98515625 0.2921875 0.0296875 0.2046875
0 0.4390625 0.6140625 0.0578125 0.228125
0 0.52421875 0.55859375 0.05703125 0.21875
0 0.59140625 0.48828125 0.05 0.240625
0 0.90390625 0.23203125 0.04453125 0.1609375
0 0.978125 0.5703125 0.04296875 0.228125
0 0.84921875 0.3109375 0.04453125 0.165625
0 0.8578125 0.05859375 0.03046875 0.1171875
0 0.1328125 0.28828125 0.04609375 0.1921875
0 0.0953125 0.29453125 0.0421875 0.18515625
0 0.23046875 0.51171875 0.05234375 0.22578125
0 0.39453125 0.728125 0.05390625 0.25
0 0.56953125 0.06015625 0.03671875 0.1203125
0 0.24921875 0.0390625 0.0328125 0.078125
0 0.9546875 0.23203125 0.04453125 0.1609375
0 0.96484375 0.3140625 0.0484375 0.19921875
0 0.734375 0.19375 0.0390625 0.17578125
0 0.39609375 0.0796875 0.040625 0.15859375