0 0.278125 0.77734375 0.06328125 0.24140625
0 0.7390625 0.61328125 0.05625 0.23359375
0 0.71015625 0.49140625 0.053125 0.246875
0 0.64453125 0.0375 0.0546875 0.075
0 0.32734375 0.1703125 0.05625 0.1421875
0 0.63125 0.16796875 0.0546875 0.19453125
0 0.14609375 0.38046875 0.07109375 0.22578125
0 0.553125 0.30625 0.06484375 0.24453125
0 0.346875 0.33203125 0.04453125 0.21796875
0 0.38125 0.25859375 0.0484375 0.2546875
0 0.384375 0.11953125 0.0484375 0.14453125
0 0.48828125 0.228125 0.04453125 0.18359375
0 0.44609375 0.215625 0.04296875 0.2046875
0 0.53359375 0.04765625 0.04296875 0.09453125
0 0.49296875 0.0421875 0.03515625 0.084375
0 0.46015625 0.05 0.03828125 0.1
0 0.16015625 0.228125 0.03671875 0.19921875
0 0.13984375 0.16640625 0.04296875 0.17578125
0 0.1109375 0.140625 0.03515625 0.20234375
0 0.08671875 0.0984375 0.0328125 0.19140625
0 0.121875 0.02890625 0.03046875 0.0578125
0 0.16015625 0.06171875 0.03984375 0.12265625
0 0.19765625 0.07421875 0.0359375 0.1484375
0 0.9265625 0.07890625 0.03828125 0.12578125
0 0.94296875 0.06015625 0.0390625 0.1203125
0 0.01328125 0.31328125 0.0265625 0.2171875
0 0.384375 0.01953125 0.0421875 0.0390625
0 0.34765625 0.01875 0.04296875 0.03671875
0 0.50078125 0.58671875 0.06640625 0.24921875
0 0.884375 0.121875 0.03984375 0.1703125
0 0.9375 0.19296875 0.046875 0.20234375
0 0.97578125 0.16953125 0.04140625 0.19140625
0 0.96875 0.46328125 0.0578125 0.24921875
0 0.99453125 0.4765625 0.0109375 0.24453125
0 0.99296875 0.35546875 0.0140625 0.1125
0 0.8125 0.17578125 0.0484375 0.16796875
0 0.40859375 0.74296875 0.06171875 0.278125
0 0.42109375 0.6234375 0.0578125 0.2125
0 0.80546875 0.04296875 0.03828125 0.0859375