0 0.69375 0.79609375 0.0640625 0.24296875
0 0.2296875 0.63046875 0.05625 0.23515625
0 0.259375 0.5078125 0.053125 0.2484375
0 0.32421875 0.0453125 0.05546875 0.08984375
0 0.64375 0.18515625 0.05625 0.14296875
0 0.58984375 0.27421875 0.04921875 0.25625
0 0.58671875 0.134375 0.04921875 0.1453125
0 0.8125 0.06875 0.040625 0.1375
0 0.58671875 0.0265625 0.04296875 0.053125
0 0.64765625 0.34921875 0.05234375 0.21640625
0 0.6375 0.690625 0.04453125 0.24296875
0 0.86875 0.1171875 0.0375 0.18515625
0 0.834375 0.209375 0.03984375 0.190625
0 0.80390625 0.28828125 0.04453125 0.20078125
0 0.48203125 0.2796875 0.04765625 0.19296875
0 0.528125 0.26484375 0.04140625 0.21171875
0 0.43515625 0.07421875 0.0484375 0.14765625
0 0.47421875 0.06796875 0.04609375 0.13515625
0 0.50625 0.07578125 0.04296875 0.15078125
0 0.184375 0.03046875 0.03359375 0.0609375
0 0.159375 0.02109375 0.034375 0.0421875
0 0.04375 0.05546875 0.04140625 0.1109375
0 0.78203125 0.07109375 0.0390625 0.1421875
0 0.5671875 0.59921875 0.0640625 0.25078125
0 0.47265625 0.53828125 0.0625 0.240625
0 0.39921875 0.46015625 0.0546875 0.2640625
0 0.05625 0.17890625 0.04921875 0.17734375
0 0.115625 0.26640625 0.04921875 0.18203125
0 0.10703125 0.0265625 0.03359375 0.053125
0 0.903125 0.240625 0.05078125 0.21171875
0 0.94453125 0.24765625 0.04609375 0.203125
0 0.79609375 0.48671875 0.0578125 0.2484375
0 0.615625 0.725 0.059375 0.275
0 0.4234375 0.028125 0.040625 0.05625
0 0.0125 0.17890625 0.025 0.17734375
0 0.00859375 0.26796875 0.0171875 0.2203125
0 0.2421875 0.13671875 0.04296875 0.19296875
0 0.6140625 0.04921875 0.04453125 0.0984375