0 0.665625 0.79609375 0.059375 0.225
0 0.23671875 0.64296875 0.05234375 0.2171875
0 0.2640625 0.5296875 0.04921875 0.2296875
0 0.3234375 0.07578125 0.05078125 0.13671875
0 0.32265625 0.0328125 0.05390625 0.065625
0 0.61953125 0.23203125 0.05234375 0.13203125
0 0.56953125 0.3140625 0.0453125 0.23671875
0 0.5671875 0.184375 0.0453125 0.134375
0 0.77578125 0.1171875 0.03671875 0.14140625
0 0.5671875 0.0546875 0.03984375 0.109375
0 0.6015625 0.05390625 0.03984375 0.1078125
0 0.13359375 0.0484375 0.0359375 0.096875
0 0.16875 0.23671875 0.0453125 0.15625
0 0.175 0.09296875 0.0359375 0.121875
0 0.77421875 0.01953125 0.02890625 0.0390625
0 0.6234375 0.38359375 0.0484375 0.2
0 0.6140625 0.6984375 0.04140625 0.225
0 0.4609375 0.5859375 0.05625 0.2296875
0 0.40234375 0.42734375 0.05390625 0.234375
0 0.2921875 0.20859375 0.0453125 0.178125
0 0.828125 0.16875 0.034375 0.17109375
0 0.8421875 0.2515625 0.046875 0.1859375
0 0.79609375 0.25390625 0.03671875 0.17578125
0 0.76796875 0.32734375 0.04140625 0.1859375
0 0.77421875 0.48671875 0.0484375 0.22734375
0 0.4703125 0.31875 0.04375 0.178125
0 0.5125 0.30546875 0.03828125 0.1953125
0 0.43203125 0.034375 0.0328125 0.06875
0 0.4265625 0.1109375 0.0453125 0.1734375
0 0.4609375 0.0265625 0.0375 0.053125
0 0.4625 0.09921875 0.04296875 0.1734375
0 0.49296875 0.1109375 0.03984375 0.178125
0 0.19453125 0.05859375 0.03125 0.1171875
0 0.17109375 0.05 0.03203125 0.1
0 0.06484375 0.084375 0.03828125 0.15859375
0 0.09296875 0.2 0.0453125 0.165625
0 0.04296875 0.19140625 0.04140625 0.1734375
0 0.0171875 0.51953125 0.034375 0.1953125
0 0.746875 0.10859375 0.03671875 0.16875
0 0.80390625 0.0390625 0.03046875 0.078125
0 0.903125 0.30625 0.03984375 0.19296875
0 0.0234375 0.29296875 0.04140625 0.1953125
0 0.0046875 0.28671875 0.00859375 0.2078125
0 0.58359375 0.740625 0.04296875 0.2609375
0 0.54921875 0.6140625 0.059375 0.23203125