0 0.31796875 0.80546875 0.059375 0.225
0 0.74765625 0.653125 0.05234375 0.2171875
0 0.7203125 0.53984375 0.04921875 0.2296875
0 0.66015625 0.08515625 0.05078125 0.13671875
0 0.66171875 0.0375 0.05390625 0.075
0 0.3640625 0.24140625 0.05234375 0.13203125
0 0.4140625 0.3234375 0.0453125 0.23671875
0 0.4171875 0.19375 0.0453125 0.134375
0 0.209375 0.02421875 0.02890625 0.0484375
0 0.3609375 0.39296875 0.0484375 0.2
0 0.36953125 0.7078125 0.04140625 0.225
0 0.15625 0.178125 0.034375 0.17109375
0 0.5140625 0.328125 0.04375 0.178125
0 0.47109375 0.31484375 0.03828125 0.1953125
0 0.52421875 0.03203125 0.0375 0.06328125
0 0.521875 0.10859375 0.04296875 0.1734375
0 0.49140625 0.12109375 0.03984375 0.178125
0 0.8125 0.0546875 0.03203125 0.109375
0 0.1796875 0.04375 0.03046875 0.0875
0 0.98046875 0.5796875 0.03828125 0.23125
0 0.24375 0.03984375 0.0328125 0.0796875
0 0.39140625 0.08046875 0.04140625 0.1609375
0 0.87265625 0.06875 0.0328125 0.13671875
0 0.909375 0.0734375 0.04140625 0.146875
0 0.4390625 0.090625 0.04296875 0.17578125
0 0.60390625 0.53984375 0.05390625 0.25859375
0 0.76640625 0.17421875 0.046875 0.1828125
0 0.9796875 0.353125 0.040625 0.2
0 0.9734375 0.26484375 0.05078125 0.1828125
0 0.92578125 0.27109375 0.0453125 0.17109375
0 0.88125 0.3671875 0.0484375 0.178125
0 0.13359375 0.25625 0.04375 0.190625
0 0.08984375 0.3578125 0.04921875 0.2078125
0 0.24453125 0.196875 0.0328125 0.16875
0 0.2046875 0.184375 0.04375 0.14921875
0 0.19921875 0.3078125 0.04375 0.1609375
0 0.21640625 0.43671875 0.05390625 0.165625
0 0.23203125 0.5859375 0.046875 0.225
0 0.5734375 0.18671875 0.03671875 0.1734375
0 0.58203125 0.08203125 0.03671875 0.14375
0 0.53984375 0.503125 0.04921875 0.21953125
0 0.43359375 0.546875 0.0484375 0.21953125