0 0.70625 0.79140625 0.0625 0.23828125
0 0.25078125 0.6296875 0.05546875 0.23046875
0 0.2796875 0.50859375 0.05234375 0.24375
0 0.34375 0.04921875 0.05390625 0.0984375
0 0.65703125 0.1921875 0.05546875 0.13984375
0 0.60390625 0.2796875 0.0484375 0.2515625
0 0.6015625 0.1421875 0.0484375 0.14296875
0 0.82265625 0.07265625 0.03984375 0.1453125
0 0.6015625 0.03125 0.0421875 0.0625
0 0.6609375 0.353125 0.05078125 0.2125
0 0.6515625 0.6875 0.04375 0.23828125
0 0.878125 0.125 0.03671875 0.18125
0 0.84453125 0.215625 0.0390625 0.18671875
0 0.81484375 0.29375 0.04375 0.196875
0 0.4984375 0.284375 0.046875 0.1890625
0 0.54375 0.2703125 0.040625 0.2078125
0 0.453125 0.078125 0.04765625 0.15546875
0 0.490625 0.071875 0.0453125 0.14296875
0 0.52265625 0.0796875 0.0421875 0.15859375
0 0.20625 0.03515625 0.03359375 0.0703125
0 0.18203125 0.02578125 0.03359375 0.0515625
0 0.06875 0.059375 0.040625 0.11875
0 0.79296875 0.075 0.0390625 0.15
0 0.853125 0.01484375 0.03203125 0.02890625
0 0.0046875 0.25078125 0.009375 0.22109375
0 0.58203125 0.5984375 0.0625 0.24609375
0 0.48984375 0.53828125 0.0609375 0.2359375
0 0.41796875 0.4625 0.05390625 0.259375
0 0.08125 0.1859375 0.0484375 0.1734375
0 0.0125 0.55078125 0.025 0.2453125
0 0.1390625 0.271875 0.0484375 0.17890625
0 0.13046875 0.03125 0.03359375 0.0625
0 0.9125 0.246875 0.04921875 0.2078125
0 0.95234375 0.253125 0.0453125 0.2
0 0.80703125 0.48828125 0.05703125 0.24375
0 0.6296875 0.72109375 0.05859375 0.26953125
0 0.44140625 0.0328125 0.03984375 0.065625
0 0.02578125 0.1859375 0.0484375 0.1734375
0 0.02109375 0.2734375 0.0421875 0.215625
0 0.26328125 0.14453125 0.0421875 0.1890625
0 0.628125 0.053125 0.04375 0.10625