0 0.32265625 0.7984375 0.0578125 0.21875
0 0.740625 0.65 0.05078125 0.21171875
0 0.71328125 0.5390625 0.0484375 0.2234375
0 0.65546875 0.09765625 0.04921875 0.1328125
0 0.65703125 0.04375 0.05234375 0.0875
0 0.3671875 0.24921875 0.05078125 0.128125
0 0.6421875 0.246875 0.04921875 0.17578125
0 0.203125 0.43984375 0.0640625 0.2046875
0 0.571875 0.371875 0.05859375 0.22109375
0 0.384375 0.3953125 0.03984375 0.196875
0 0.41640625 0.32890625 0.04375 0.23046875
0 0.41875 0.203125 0.04375 0.13046875
0 0.51328125 0.3015625 0.03984375 0.16640625
0 0.475 0.28984375 0.0390625 0.18515625
0 0.55390625 0.10546875 0.0390625 0.15
0 0.5171875 0.09375 0.03203125 0.1546875
0 0.4875 0.10234375 0.034375 0.16640625
0 0.215625 0.3015625 0.03359375 0.18046875
0 0.196875 0.24609375 0.0390625 0.159375
0 0.17109375 0.221875 0.03203125 0.1828125
0 0.14921875 0.184375 0.0296875 0.1734375
0 0.18125 0.0984375 0.028125 0.09765625
0 0.215625 0.1375 0.0359375 0.1375
0 0.25078125 0.14140625 0.03359375 0.178125
0 0.184375 0.059375 0.0296875 0.0859375
0 0.79296875 0.04765625 0.028125 0.0953125
0 0.76796875 0.053125 0.04140625 0.10625
0 0.91015625 0.16640625 0.034375 0.1140625
0 0.92578125 0.13515625 0.0359375 0.1375
0 0.41796875 0.06484375 0.0390625 0.1296875
0 0.38515625 0.0640625 0.0390625 0.128125
0 0.840625 0.059375 0.034375 0.11875
0 0.52421875 0.6265625 0.06015625 0.22578125
0 0.871875 0.20546875 0.0359375 0.1546875
0 0.91953125 0.26953125 0.04296875 0.1828125
0 0.95390625 0.2484375 0.0375 0.1734375
0 0.9484375 0.51484375 0.05234375 0.22578125
0 0.9828125 0.52578125 0.03359375 0.22109375
0 0.98125 0.41640625 0.0375 0.1015625
0 0.80625 0.25390625 0.04375 0.15234375
0 0.440625 0.76796875 0.05625 0.2515625
0 0.45234375 0.659375 0.05234375 0.1921875
0 0.80078125 0.1140625 0.034375 0.11875
0 0.078125 0.34375 0.04140625 0.1828125
0 0.2171875 0.03125 0.028125 0.06171875