0 0.31484375 0.78359375 0.06015625 0.22890625
0 0.75078125 0.628125 0.053125 0.22109375
0 0.7234375 0.5125 0.05 0.23359375
0 0.66171875 0.059375 0.0515625 0.11875
0 0.66328125 0.01953125 0.0546875 0.0390625
0 0.36171875 0.209375 0.053125 0.134375
0 0.4125 0.2921875 0.04609375 0.24140625
0 0.41484375 0.1609375 0.04609375 0.13671875
0 0.3578125 0.36328125 0.04921875 0.20390625
0 0.3671875 0.68359375 0.0421875 0.22890625
0 0.15 0.14453125 0.03515625 0.17421875
0 0.5140625 0.29765625 0.04453125 0.18125
0 0.4703125 0.28359375 0.0390625 0.1984375
0 0.52421875 0.0140625 0.03828125 0.028125
0 0.52109375 0.08125 0.04375 0.16171875
0 0.490625 0.08828125 0.03984375 0.1765625
0 0.8171875 0.0375 0.03203125 0.07421875
0 0.17421875 0.0265625 0.03046875 0.05234375
0 0.984375 0.553125 0.03125 0.2359375
0 0.23828125 0.02265625 0.03359375 0.04453125
0 0.38828125 0.06328125 0.0421875 0.1265625
0 0.878125 0.0515625 0.03359375 0.10234375
0 0.915625 0.05625 0.0421875 0.1125
0 0.4375 0.071875 0.04375 0.14375
0 0.60546875 0.5125 0.0546875 0.26328125
0 0.7703125 0.140625 0.04765625 0.18671875
0 0.98359375 0.3234375 0.03203125 0.20390625
0 0.97734375 0.2328125 0.0453125 0.18671875
0 0.93203125 0.2390625 0.04609375 0.17421875
0 0.8875 0.3375 0.04921875 0.18125
0 0.1265625 0.22421875 0.04453125 0.19375
0 0.08203125 0.32734375 0.05 0.2109375
0 0.23984375 0.16328125 0.03359375 0.17109375
0 0.19921875 0.15078125 0.04453125 0.1515625
0 0.19375 0.2765625 0.04453125 0.1640625
0 0.2109375 0.4078125 0.0546875 0.16875
0 0.22734375 0.559375 0.04765625 0.22890625
0 0.57421875 0.153125 0.0375 0.1765625
0 0.58203125 0.059375 0.0390625 0.11875
0 0.53984375 0.475 0.05 0.2234375
0 0.43203125 0.51953125 0.04921875 0.2234375