0 0.31875 0.784375 0.059375 0.22734375
0 0.75234375 0.63046875 0.053125 0.21953125
0 0.725 0.515625 0.05 0.23203125
0 0.6640625 0.0625 0.0515625 0.12421875
0 0.665625 0.02265625 0.0546875 0.0453125
0 0.36484375 0.2140625 0.053125 0.13359375
0 0.415625 0.296875 0.04609375 0.23984375
0 0.41875 0.165625 0.04609375 0.1359375
0 0.20703125 0.09765625 0.0375 0.14296875
0 0.20859375 0.009375 0.0296875 0.01875
0 0.36171875 0.3671875 0.0484375 0.20234375
0 0.3703125 0.6859375 0.04140625 0.22734375
0 0.1546875 0.15 0.034375 0.17265625
0 0.18671875 0.2359375 0.0375 0.178125
0 0.21484375 0.31015625 0.04140625 0.1875
0 0.51640625 0.3015625 0.04453125 0.18046875
0 0.4734375 0.28828125 0.0390625 0.19765625
0 0.56015625 0.09140625 0.04609375 0.17578125
0 0.5265625 0.0171875 0.0375 0.03359375
0 0.52421875 0.08359375 0.04296875 0.1671875
0 0.49375 0.09140625 0.040625 0.18046875
0 0.81796875 0.03984375 0.03203125 0.0796875
0 0.23671875 0.0890625 0.0375 0.1703125
0 0.178125 0.02890625 0.03125 0.0578125
0 0.984375 0.55546875 0.03125 0.234375
0 0.22265625 0.4953125 0.05390625 0.23203125
0 0.5703125 0.04609375 0.0375 0.0921875
0 0.2421875 0.025 0.034375 0.05
0 0.3921875 0.06640625 0.04140625 0.13203125
0 0.87890625 0.05390625 0.03359375 0.1078125
0 0.915625 0.05859375 0.040625 0.1171875
0 0.43984375 0.07421875 0.0421875 0.1484375
0 0.60703125 0.515625 0.05390625 0.26171875
0 0.53203125 0.503125 0.0609375 0.22265625
0 0.43828125 0.56015625 0.059375 0.22734375
0 0.09375 0.3125 0.0484375 0.19765625
0 0.1078125 0.2359375 0.05 0.17265625
0 0.771875 0.14609375 0.046875 0.18515625
0 0.98359375 0.32734375 0.03203125 0.20234375
0 0.97734375 0.2375 0.0453125 0.1859375
0 0.93203125 0.24375 0.04609375 0.17265625
0 0.88828125 0.34140625 0.0484375 0.18046875