0 0.7015625 0.80703125 0.06484375 0.24609375
0 0.23125 0.63984375 0.05703125 0.23828125
0 0.26171875 0.515625 0.05390625 0.2515625
0 0.32734375 0.04609375 0.05625 0.0921875
0 0.65078125 0.1890625 0.05703125 0.14453125
0 0.59609375 0.27890625 0.05 0.259375
0 0.59296875 0.13671875 0.05 0.146875
0 0.821875 0.0703125 0.040625 0.140625
0 0.6546875 0.3546875 0.05234375 0.21953125
0 0.6453125 0.7 0.0453125 0.24609375
0 0.87890625 0.11953125 0.0375 0.1875
0 0.84453125 0.21328125 0.040625 0.19296875
0 0.81328125 0.29375 0.0453125 0.203125
0 0.48671875 0.284375 0.0484375 0.1953125
0 0.53359375 0.26953125 0.0421875 0.2140625
0 0.43984375 0.07578125 0.04921875 0.15078125
0 0.4796875 0.06875 0.046875 0.1375
0 0.51171875 0.07734375 0.04296875 0.15390625
0 0.16015625 0.021875 0.03515625 0.04375
0 0.790625 0.07265625 0.040625 0.1453125
0 0.05625 0.18203125 0.05 0.1796875
0 0.11640625 0.2703125 0.05 0.184375
0 0.80546875 0.49375 0.05859375 0.2515625
0 0.428125 0.02890625 0.040625 0.0578125
0 0.0125 0.18203125 0.025 0.1796875
0 0.0078125 0.27265625 0.01484375 0.22265625
0 0.24375 0.13984375 0.04375 0.1953125
0 0.62109375 0.05 0.0453125 0.1
0 0.09453125 0.03671875 0.0359375 0.0734375
0 0.05390625 0.0421875 0.0453125 0.084375
0 0.56953125 0.059375 0.046875 0.11875
0 0.38828125 0.515625 0.05859375 0.28359375
0 0.4703125 0.50234375 0.06640625 0.240625
0 0.571875 0.5640625 0.06484375 0.24609375
0 0.9453125 0.29609375 0.05234375 0.2140625
0 0.9296875 0.21328125 0.05390625 0.1875