0 0.7296875 0.7796875 0.0609375 0.2328125
0 0.28515625 0.62109375 0.05390625 0.225
0 0.3140625 0.50390625 0.0515625 0.2375
0 0.37578125 0.0515625 0.053125 0.103125
0 0.375 0.0109375 0.05625 0.021875
0 0.68203125 0.19453125 0.05390625 0.13671875
0 0.63046875 0.2796875 0.046875 0.2453125
0 0.62734375 0.1453125 0.046875 0.1390625
0 0.88046875 0.04296875 0.0296875 0.0859375
0 0.84375 0.07578125 0.03828125 0.146875
0 0.8765625 0.01875 0.03125 0.0375
0 0.628125 0.03359375 0.040625 0.0671875
0 0.66328125 0.0328125 0.04140625 0.065625
0 0.17890625 0.028125 0.03671875 0.05546875
0 0.02734375 0.3734375 0.04140625 0.10859375
0 0.21484375 0.2 0.046875 0.16171875
0 0.221875 0.05703125 0.03671875 0.11328125
0 0.984375 0.29375 0.03125 0.19375
0 0.6859375 0.3515625 0.05 0.2078125
0 0.6765625 0.678125 0.04296875 0.2328125
0 0.62265625 0.73984375 0.0609375 0.28125
0 0.603125 0.6265625 0.05546875 0.25078125
0 0.51796875 0.56171875 0.05859375 0.2375
0 0.45625 0.39765625 0.05546875 0.24296875
0 0.34296875 0.17109375 0.046875 0.184375
0 0.89765625 0.12890625 0.0359375 0.17734375
0 0.9125 0.21484375 0.0484375 0.1921875
0 0.86484375 0.21796875 0.03828125 0.18203125
0 0.8359375 0.29375 0.04296875 0.1921875
0 0.8421875 0.459375 0.05 0.23515625
0 0.52734375 0.284375 0.0453125 0.184375
0 0.57109375 0.27109375 0.03984375 0.20234375
0 0.4875 0.0125 0.034375 0.025
0 0.48203125 0.0796875 0.046875 0.15859375
0 0.51953125 0.0734375 0.04453125 0.146875
0 0.55078125 0.08125 0.040625 0.16171875
0 0.2421875 0.03828125 0.0328125 0.07578125
0 0.21796875 0.02890625 0.0328125 0.0578125
0 0.1078125 0.06171875 0.03984375 0.1234375
0 0.13671875 0.16171875 0.046875 0.171875
0 0.084375 0.153125 0.04296875 0.1796875
0 0.0796875 0.23125 0.04375 0.21484375
0 0.03984375 0.23046875 0.03828125 0.2125
0 0.0484375 0.49375 0.05546875 0.20234375
0 0.01484375 0.4921875 0.0296875 0.19453125
0 0.81484375 0.0765625 0.0390625 0.153125