0 0.68125 0.80546875 0.059375 0.22734375
0 0.24765625 0.65078125 0.053125 0.21953125
0 0.275 0.5359375 0.05 0.23203125
0 0.3359375 0.0765625 0.0515625 0.13828125
0 0.33515625 0.0328125 0.0546875 0.065625
0 0.63515625 0.234375 0.053125 0.13359375
0 0.584375 0.3171875 0.04609375 0.23984375
0 0.58125 0.18671875 0.04609375 0.1359375
0 0.79140625 0.01953125 0.0296875 0.0390625
0 0.63828125 0.3875 0.0484375 0.20234375
0 0.8453125 0.1703125 0.034375 0.17265625
0 0.48359375 0.32265625 0.04453125 0.18046875
0 0.5265625 0.30859375 0.0390625 0.19765625
0 0.4734375 0.02734375 0.0375 0.0546875
0 0.47578125 0.1 0.04296875 0.17578125
0 0.50625 0.1125 0.040625 0.18046875
0 0.18203125 0.05078125 0.03203125 0.10078125
0 0.82109375 0.03984375 0.03046875 0.07890625
0 0.015625 0.5765625 0.03125 0.234375
0 0.75703125 0.0359375 0.03359375 0.07109375
0 0.6078125 0.0765625 0.04140625 0.153125
0 0.559375 0.08515625 0.04296875 0.1703125
0 0.228125 0.16640625 0.046875 0.18515625
0 0.01640625 0.3484375 0.03203125 0.20234375
0 0.02265625 0.2578125 0.0453125 0.1859375
0 0.11171875 0.36171875 0.0484375 0.18046875
0 0.75546875 0.1890625 0.03359375 0.1703125
0 0.79609375 0.1765625 0.04453125 0.15078125
0 0.8015625 0.3015625 0.04453125 0.16328125
0 0.784375 0.43203125 0.05390625 0.16796875
0 0.76796875 0.5828125 0.046875 0.22734375
0 0.4234375 0.17890625 0.0375 0.17578125
0 0.415625 0.07265625 0.0375 0.1453125
0 0.45703125 0.49921875 0.05 0.22265625
0 0.56484375 0.54375 0.0484375 0.22265625
0 0.37109375 0.625 0.05859375 0.2671875
0 0.6109375 0.71640625 0.05390625 0.2421875
0 0.04921875 0.2828125 0.046875 0.18515625
0 0.85546875 0.23359375 0.04140625 0.18984375
0 0.92578125 0.3703125 0.0515625 0.2125
0 0.11171875 0.0515625 0.0328125 0.103125
0 0.0984375 0.08984375 0.03203125 0.1703125