0 0.66796875 0.8078125 0.0578125 0.21875
0 0.25078125 0.659375 0.05078125 0.21171875
0 0.27734375 0.54921875 0.0484375 0.2234375
0 0.33515625 0.10703125 0.04921875 0.1328125
0 0.334375 0.0484375 0.05234375 0.096875
0 0.6234375 0.259375 0.05078125 0.128125
0 0.575 0.33828125 0.04375 0.23046875
0 0.571875 0.2125 0.04375 0.13046875
0 0.81015625 0.1078125 0.028125 0.09765625
0 0.775 0.14765625 0.0359375 0.1375
0 0.80703125 0.06875 0.0296875 0.0859375
0 0.57265625 0.06953125 0.0390625 0.1390625
0 0.60546875 0.06875 0.0390625 0.1375
0 0.15078125 0.0640625 0.034375 0.128125
0 0.0140625 0.42578125 0.028125 0.1015625
0 0.184375 0.2640625 0.04375 0.15234375
0 0.190625 0.1234375 0.034375 0.11875
0 0.91328125 0.353125 0.04140625 0.1828125
0 0.77421875 0.0359375 0.028125 0.07109375
0 0.6265625 0.40625 0.046875 0.19453125
0 0.61796875 0.71328125 0.03984375 0.21875
0 0.56796875 0.77109375 0.0578125 0.2640625
0 0.54921875 0.6640625 0.05234375 0.23515625
0 0.46875 0.60390625 0.0546875 0.2234375
0 0.41171875 0.44921875 0.05234375 0.228125
0 0.3046875 0.23671875 0.04375 0.1734375
0 0.82578125 0.196875 0.03359375 0.16640625
0 0.83984375 0.278125 0.0453125 0.18046875
0 0.7953125 0.28046875 0.0359375 0.17109375
0 0.76796875 0.3515625 0.03984375 0.18046875
0 0.77421875 0.50703125 0.046875 0.22109375
0 0.478125 0.34375 0.04296875 0.1734375
0 0.51953125 0.33046875 0.0375 0.18984375
0 0.440625 0.05 0.03203125 0.1
0 0.4359375 0.14140625 0.04375 0.16875
0 0.46796875 0.04296875 0.03671875 0.0859375
0 0.4703125 0.1296875 0.04140625 0.16875
0 0.5 0.14140625 0.0390625 0.1734375
0 0.2109375 0.0734375 0.03125 0.146875
0 0.1875 0.06484375 0.03125 0.1296875
0 0.08359375 0.115625 0.0375 0.1546875
0 0.1109375 0.228125 0.04375 0.16171875
0 0.06171875 0.21953125 0.03984375 0.16875
0 0.05703125 0.29375 0.04140625 0.20234375
0 0.01953125 0.2921875 0.0359375 0.2
0 0.028125 0.5390625 0.05234375 0.18984375
0 0.00546875 0.53828125 0.01015625 0.1828125
0 0.746875 0.1390625 0.0359375 0.1640625