0 0.703125 0.809375 0.059375 0.22734375
0 0.26953125 0.6546875 0.053125 0.21953125
0 0.296875 0.53984375 0.05 0.23203125
0 0.35703125 0.08046875 0.0515625 0.13828125
0 0.35625 0.03515625 0.0546875 0.0703125
0 0.65703125 0.23828125 0.053125 0.13359375
0 0.60625 0.32109375 0.04609375 0.23984375
0 0.603125 0.190625 0.04609375 0.1359375
0 0.81328125 0.021875 0.0296875 0.04375
0 0.66015625 0.3921875 0.0484375 0.20234375
0 0.65078125 0.71015625 0.04140625 0.22734375
0 0.8671875 0.17421875 0.034375 0.17265625
0 0.50546875 0.3265625 0.04453125 0.18046875
0 0.5484375 0.3125 0.0390625 0.19765625
0 0.4953125 0.02890625 0.0375 0.0578125
0 0.49765625 0.10390625 0.04296875 0.17578125
0 0.528125 0.11640625 0.040625 0.18046875
0 0.203125 0.05234375 0.03203125 0.1046875
0 0.84296875 0.04140625 0.03046875 0.0828125
0 0.0265625 0.58046875 0.053125 0.234375
0 0.77890625 0.0375 0.03359375 0.075
0 0.62890625 0.07890625 0.04140625 0.15703125
0 0.14296875 0.06640625 0.03359375 0.13203125
0 0.10546875 0.07109375 0.04140625 0.1421875
0 0.58203125 0.08671875 0.0421875 0.1734375
0 0.4140625 0.53984375 0.05390625 0.26171875
0 0.25 0.1703125 0.046875 0.18515625
0 0.00625 0.35390625 0.0125 0.19296875
0 0.0296875 0.35234375 0.0484375 0.20234375
0 0.040625 0.26171875 0.0515625 0.18515625
0 0.0890625 0.26796875 0.04609375 0.17265625
0 0.13359375 0.365625 0.0484375 0.18046875
0 0.88984375 0.253125 0.04453125 0.19296875
0 0.934375 0.35625 0.05 0.21015625
0 0.77734375 0.19296875 0.03359375 0.1703125
0 0.81796875 0.18046875 0.04453125 0.15078125
0 0.8234375 0.30546875 0.04453125 0.16328125
0 0.80625 0.4359375 0.05390625 0.16796875
0 0.78984375 0.58671875 0.046875 0.22734375
0 0.44453125 0.1828125 0.0375 0.17578125
0 0.43671875 0.0765625 0.0375 0.14609375
0 0.47890625 0.503125 0.05 0.22265625
0 0.58671875 0.54765625 0.0484375 0.22265625