0 0.690625 0.82265625 0.0640625 0.24453125
0 0.2234375 0.65625 0.05703125 0.23671875
0 0.253125 0.5328125 0.05390625 0.25
0 0.31953125 0.05546875 0.0546875 0.1109375
0 0.3171875 0.01328125 0.05859375 0.0265625
0 0.640625 0.2078125 0.05703125 0.14375
0 0.5859375 0.296875 0.04921875 0.2578125
0 0.5828125 0.15625 0.04921875 0.14609375
0 0.84921875 0.046875 0.03125 0.09375
0 0.81015625 0.0828125 0.040625 0.15390625
0 0.771875 0.09296875 0.03671875 0.1859375
0 0.8453125 0.02109375 0.0328125 0.0421875
0 0.5828125 0.0375 0.04296875 0.07421875
0 0.6203125 0.0359375 0.04375 0.071875
0 0.11171875 0.03046875 0.0390625 0.0609375
0 0.14921875 0.21328125 0.04921875 0.1703125
0 0.15703125 0.0609375 0.0390625 0.121875
0 0.9640625 0.31328125 0.04609375 0.2046875
0 0.64453125 0.37265625 0.05234375 0.21796875
0 0.634375 0.715625 0.04453125 0.24453125
0 0.578125 0.78125 0.0640625 0.2953125
0 0.5578125 0.66171875 0.05859375 0.26328125
0 0.46796875 0.59375 0.0609375 0.25
0 0.40390625 0.42109375 0.05859375 0.25546875
0 0.28359375 0.1828125 0.04921875 0.19453125
0 0.8671875 0.1390625 0.0375 0.1859375
0 0.8828125 0.22890625 0.05078125 0.20234375
0 0.8328125 0.23203125 0.040625 0.19140625
0 0.80234375 0.31171875 0.04453125 0.20234375
0 0.80859375 0.4859375 0.05234375 0.24765625
0 0.47734375 0.30234375 0.04765625 0.19453125
0 0.52421875 0.2875 0.0421875 0.2125
0 0.4359375 0.01484375 0.0359375 0.0296875
0 0.43046875 0.08515625 0.04921875 0.1703125
0 0.46953125 0.07890625 0.046875 0.1578125
0 0.50234375 0.08671875 0.04296875 0.1734375
0 0.178125 0.04140625 0.034375 0.0828125
0 0.15234375 0.03203125 0.034375 0.0640625
0 0.03671875 0.06640625 0.0421875 0.1328125
0 0.0671875 0.1734375 0.04921875 0.18046875
0 0.01796875 0.1640625 0.03515625 0.1890625
0 0.015625 0.24609375 0.03046875 0.2265625