0 0.33046875 0.81484375 0.0609375 0.23125
0 0.77109375 0.6578125 0.05390625 0.22421875
0 0.74296875 0.540625 0.05078125 0.23671875
0 0.68203125 0.07265625 0.05234375 0.140625
0 0.6828125 0.03125 0.05546875 0.0625
0 0.37734375 0.23359375 0.05390625 0.1359375
0 0.66796875 0.23125 0.05234375 0.1859375
0 0.20390625 0.43515625 0.06796875 0.21640625
0 0.59375 0.36328125 0.0625 0.23359375
0 0.39609375 0.38828125 0.0421875 0.20859375
0 0.42890625 0.31796875 0.046875 0.24375
0 0.43203125 0.18515625 0.046875 0.13828125
0 0.53125 0.2890625 0.0421875 0.17578125
0 0.49140625 0.2765625 0.040625 0.19609375
0 0.57421875 0.08203125 0.040625 0.15859375
0 0.5359375 0.07578125 0.03359375 0.15078125
0 0.50390625 0.0828125 0.03671875 0.165625
0 0.2171875 0.2890625 0.03515625 0.19140625
0 0.19765625 0.23046875 0.040625 0.16875
0 0.16953125 0.2046875 0.03359375 0.19375
0 0.146875 0.16484375 0.03125 0.18359375
0 0.18046875 0.07421875 0.0296875 0.103125
0 0.2171875 0.115625 0.03828125 0.14609375
0 0.25390625 0.11953125 0.03515625 0.18828125
0 0.18359375 0.0390625 0.03125 0.07734375
0 0.82734375 0.03515625 0.0296875 0.0703125
0 0.8 0.04140625 0.04375 0.0828125
0 0.95078125 0.14609375 0.03671875 0.12109375
0 0.9671875 0.11328125 0.03828125 0.14609375
0 0.06484375 0.37109375 0.04921875 0.20859375
0 0.43125 0.05390625 0.040625 0.1078125
0 0.39609375 0.053125 0.04140625 0.10546875
0 0.87734375 0.04765625 0.03671875 0.0953125
0 0.54375 0.6328125 0.06328125 0.2390625
0 0.9109375 0.1875 0.03828125 0.16328125
0 0.9609375 0.25546875 0.0453125 0.19375
0 0.98828125 0.23203125 0.0234375 0.1828125
0 0.98125 0.5140625 0.03671875 0.2390625
0 0.84140625 0.2390625 0.046875 0.1609375
0 0.45546875 0.78203125 0.059375 0.26640625
0 0.4671875 0.66796875 0.05546875 0.20390625
0 0.83515625 0.090625 0.03671875 0.12578125