0 0.34140625 0.784375 0.0609375 0.2328125
0 0.7859375 0.6265625 0.05390625 0.225
0 0.75703125 0.50859375 0.0515625 0.2375
0 0.6953125 0.05390625 0.053125 0.1078125
0 0.69609375 0.01328125 0.0546875 0.0265625
0 0.3890625 0.2 0.05390625 0.13671875
0 0.440625 0.284375 0.046875 0.2453125
0 0.44375 0.15078125 0.046875 0.1390625
0 0.22734375 0.08125 0.03828125 0.146875
0 0.38515625 0.35703125 0.05 0.2078125
0 0.39453125 0.6828125 0.04296875 0.2328125
0 0.1734375 0.134375 0.0359375 0.17734375
0 0.20625 0.22265625 0.03828125 0.18203125
0 0.23515625 0.2984375 0.04296875 0.1921875
0 0.54375 0.28984375 0.0453125 0.184375
0 0.5 0.27578125 0.03984375 0.20234375
0 0.5890625 0.08203125 0.046875 0.1640625
0 0.5515625 0.07578125 0.04453125 0.1515625
0 0.5203125 0.08359375 0.040625 0.1671875
0 0.853125 0.03125 0.0328125 0.0625
0 0.25703125 0.0796875 0.03828125 0.15859375
0 0.1984375 0.0203125 0.03125 0.040625
0 0.24296875 0.48828125 0.05546875 0.2375
0 0.6 0.03828125 0.0390625 0.07578125
0 0.2640625 0.01640625 0.034375 0.03203125
0 0.41640625 0.0578125 0.0421875 0.115625
0 0.915625 0.0453125 0.034375 0.090625
0 0.95390625 0.05078125 0.04296875 0.1015625
0 0.46640625 0.0671875 0.04453125 0.13359375
0 0.6375 0.50859375 0.05546875 0.26796875
0 0.559375 0.49609375 0.0625 0.22734375
0 0.4640625 0.55390625 0.0609375 0.2328125
0 0.1109375 0.30078125 0.05 0.20234375
0 0.12578125 0.22265625 0.0515625 0.17734375
0 0.80546875 0.13046875 0.0484375 0.18984375
0 0.9703125 0.23046875 0.046875 0.17734375
0 0.92421875 0.33046875 0.05 0.184375