0 0.66484375 0.7875 0.06015625 0.22890625
0 0.228125 0.63203125 0.053125 0.22109375
0 0.25625 0.51640625 0.05 0.23359375
0 0.3171875 0.06171875 0.05234375 0.1234375
0 0.315625 0.021875 0.0546875 0.04375
0 0.61796875 0.21328125 0.053125 0.134375
0 0.5671875 0.29609375 0.04609375 0.24140625
0 0.5640625 0.16484375 0.04609375 0.13671875
0 0.7765625 0.09609375 0.0375 0.14375
0 0.775 0.00859375 0.0296875 0.0171875
0 0.62109375 0.3671875 0.04921875 0.20390625
0 0.6125 0.6875 0.0421875 0.22890625
0 0.8296875 0.1484375 0.03515625 0.17421875
0 0.79765625 0.2359375 0.0375 0.17890625
0 0.76875 0.31015625 0.0421875 0.1890625
0 0.465625 0.3015625 0.04453125 0.18125
0 0.50859375 0.2875 0.0390625 0.1984375
0 0.421875 0.08984375 0.04609375 0.1765625
0 0.45625 0.015625 0.0375 0.03125
0 0.4578125 0.0828125 0.04375 0.165625
0 0.4890625 0.090625 0.03984375 0.18125
0 0.1625 0.0390625 0.03125 0.078125
0 0.746875 0.0875 0.0375 0.17109375
0 0.80625 0.028125 0.03125 0.05625
0 0.065625 0.20703125 0.04609375 0.16640625
0 0.12109375 0.2890625 0.04609375 0.17109375
0 0.7609375 0.496875 0.0546875 0.23359375
0 0.4109375 0.04609375 0.03828125 0.09140625
0 0.740625 0.02421875 0.03359375 0.0484375
0 0.01796875 0.20703125 0.0359375 0.1671875
0 0.0140625 0.29140625 0.02734375 0.20703125
0 0.23984375 0.1671875 0.040625 0.18125
0 0.58984375 0.065625 0.0421875 0.13125
0 0.10078125 0.053125 0.03359375 0.10625
0 0.06328125 0.0578125 0.0421875 0.115625
0 0.5421875 0.07421875 0.04375 0.1484375
0 0.37421875 0.51640625 0.0546875 0.26328125
0 0.45 0.50390625 0.06171875 0.2234375
0 0.54453125 0.5609375 0.06015625 0.22890625
0 0.890625 0.3125 0.04921875 0.1984375
0 0.8765625 0.2359375 0.05 0.17421875