0 0.68828125 0.82734375 0.059375 0.225
0 0.259375 0.67421875 0.05234375 0.2171875
0 0.28671875 0.5609375 0.04921875 0.2296875
0 0.34609375 0.10703125 0.05078125 0.13671875
0 0.3453125 0.0484375 0.05390625 0.096875
0 0.6421875 0.26328125 0.05234375 0.13203125
0 0.5921875 0.3453125 0.0453125 0.23671875
0 0.5890625 0.215625 0.0453125 0.134375
0 0.7984375 0.1484375 0.03671875 0.14140625
0 0.796875 0.03515625 0.02890625 0.0703125
0 0.64609375 0.41484375 0.0484375 0.2
0 0.63671875 0.7296875 0.04140625 0.225
0 0.85078125 0.2 0.034375 0.17109375
0 0.81875 0.28515625 0.03671875 0.17578125
0 0.790625 0.35859375 0.04140625 0.1859375
0 0.49296875 0.35 0.04375 0.178125
0 0.53515625 0.33671875 0.03828125 0.1953125
0 0.44921875 0.1421875 0.0453125 0.1734375
0 0.4828125 0.0421875 0.0375 0.084375
0 0.48515625 0.13046875 0.04296875 0.1734375
0 0.515625 0.1421875 0.03984375 0.178125
0 0.19375 0.065625 0.03203125 0.13125
0 0.76953125 0.13984375 0.03671875 0.16875
0 0.8265625 0.0546875 0.03046875 0.109375
0 0.02265625 0.60078125 0.0453125 0.23125
0 0.7828125 0.54140625 0.05390625 0.2296875
0 0.43828125 0.07734375 0.03671875 0.13203125
0 0.76328125 0.05078125 0.0328125 0.1015625
0 0.61484375 0.096875 0.04140625 0.17109375
0 0.134375 0.08515625 0.0328125 0.146875
0 0.096875 0.0859375 0.04140625 0.16328125
0 0.5671875 0.11171875 0.04296875 0.17578125
0 0.40234375 0.5609375 0.05390625 0.25859375
0 0.47734375 0.5484375 0.06015625 0.21953125
0 0.5703125 0.6046875 0.059375 0.225
0 0.9109375 0.3609375 0.0484375 0.1953125
0 0.89609375 0.28515625 0.04921875 0.17109375
0 0.23984375 0.19609375 0.046875 0.1828125
0 0.00234375 0.37734375 0.0046875 0.190625
0 0.0234375 0.37578125 0.04609375 0.2
0 0.0328125 0.28671875 0.05078125 0.1828125
0 0.08125 0.2921875 0.0453125 0.17109375
0 0.125 0.3890625 0.0484375 0.178125