0 0.71328125 0.821875 0.0609375 0.2328125
0 0.26875 0.6640625 0.05390625 0.225
0 0.296875 0.54609375 0.0515625 0.2375
0 0.359375 0.07578125 0.05234375 0.14140625
0 0.35859375 0.03203125 0.0546875 0.0640625
0 0.665625 0.2375 0.05390625 0.13671875
0 0.61328125 0.321875 0.046875 0.2453125
0 0.6109375 0.18828125 0.046875 0.1390625
0 0.8265625 0.11875 0.03828125 0.146875
0 0.82578125 0.01875 0.03046875 0.0375
0 0.66875 0.39453125 0.05 0.2078125
0 0.66015625 0.7203125 0.04296875 0.2328125
0 0.88125 0.171875 0.0359375 0.17734375
0 0.8484375 0.26015625 0.03828125 0.18203125
0 0.81875 0.3359375 0.04296875 0.1921875
0 0.51015625 0.32734375 0.0453125 0.184375
0 0.5546875 0.31328125 0.03984375 0.20234375
0 0.465625 0.11171875 0.046875 0.1796875
0 0.5 0.0265625 0.0390625 0.05234375
0 0.50234375 0.09921875 0.04375 0.1796875
0 0.534375 0.11171875 0.04140625 0.184375
0 0.2015625 0.05 0.0328125 0.1
0 0.796875 0.109375 0.03828125 0.17421875
0 0.85625 0.0390625 0.03125 0.078125
0 0.0234375 0.5875 0.046875 0.23984375
0 0.8109375 0.52578125 0.05546875 0.2375
0 0.4546875 0.05703125 0.0390625 0.11328125
0 0.790625 0.03515625 0.034375 0.06953125
0 0.63828125 0.0765625 0.0421875 0.153125
0 0.1390625 0.0640625 0.034375 0.128125
0 0.10078125 0.06953125 0.04296875 0.13828125
0 0.5890625 0.08515625 0.04375 0.1703125
0 0.4171875 0.54609375 0.05546875 0.26796875
0 0.49453125 0.53359375 0.0625 0.22734375
0 0.590625 0.59140625 0.0609375 0.2328125
0 0.94375 0.33828125 0.05 0.20234375
0 0.92890625 0.26015625 0.0515625 0.17734375
0 0.24921875 0.16796875 0.0484375 0.18984375
0 0.003125 0.35546875 0.00546875 0.19765625
0 0.02421875 0.35390625 0.0484375 0.2078125
0 0.03515625 0.26171875 0.05234375 0.18984375
0 0.084375 0.26796875 0.046875 0.17734375
0 0.13046875 0.36796875 0.05 0.184375