0 0.64375 0.84453125 0.06171875 0.2359375
0 0.19453125 0.684375 0.0546875 0.228125
0 0.22265625 0.56484375 0.0515625 0.240625
0 0.28515625 0.08828125 0.053125 0.14375
0 0.284375 0.0390625 0.05625 0.078125
0 0.5953125 0.25234375 0.0546875 0.13828125
0 0.54296875 0.33828125 0.04765625 0.2484375
0 0.53984375 0.20234375 0.04765625 0.140625
0 0.7578125 0.025 0.03046875 0.05
0 0.59921875 0.41171875 0.05 0.21015625
0 0.58984375 0.7421875 0.04296875 0.2359375
0 0.81328125 0.1859375 0.0359375 0.1796875
0 0.4390625 0.34375 0.04609375 0.18671875
0 0.48359375 0.3296875 0.040625 0.2046875
0 0.428125 0.0328125 0.0390625 0.065625
0 0.43046875 0.11328125 0.04453125 0.18203125
0 0.4625 0.12578125 0.04140625 0.18671875
0 0.12578125 0.05703125 0.03359375 0.1140625
0 0.7890625 0.0453125 0.03125 0.090625
0 0.721875 0.04140625 0.034375 0.0828125
0 0.5671875 0.084375 0.04296875 0.16796875
0 0.06328125 0.07109375 0.034375 0.1421875
0 0.02421875 0.0765625 0.04296875 0.15234375
0 0.5171875 0.09375 0.04453125 0.184375
0 0.34453125 0.56484375 0.05625 0.271875
0 0.17421875 0.18203125 0.04921875 0.1921875
0 0.01640625 0.28359375 0.0328125 0.1796875
0 0.05390625 0.384375 0.05 0.18671875
0 0.8375 0.26796875 0.04609375 0.2
0 0.8828125 0.37421875 0.0515625 0.21796875
0 0.7203125 0.20546875 0.034375 0.1765625
0 0.7625 0.1921875 0.04609375 0.15625
0 0.76796875 0.321875 0.04609375 0.16875
0 0.75 0.4578125 0.05625 0.17421875
0 0.73359375 0.6140625 0.04921875 0.2359375
0 0.37578125 0.1953125 0.0390625 0.18203125
0 0.3671875 0.08515625 0.0390625 0.15078125
0 0.41171875 0.5265625 0.0515625 0.23046875
0 0.52265625 0.57265625 0.05 0.23046875