0 0.33046875 0.80234375 0.05703125 0.21640625
0 0.74453125 0.65546875 0.05 0.209375
0 0.71796875 0.5453125 0.04765625 0.22109375
0 0.66015625 0.1078125 0.04921875 0.13203125
0 0.66171875 0.04921875 0.0515625 0.09765625
0 0.375 0.25859375 0.05 0.12734375
0 0.4234375 0.3375 0.04375 0.228125
0 0.42578125 0.2125 0.04375 0.1296875
0 0.225 0.14765625 0.0359375 0.13671875
0 0.42578125 0.0703125 0.03828125 0.140625
0 0.2265625 0.0359375 0.028125 0.071875
0 0.371875 0.4046875 0.04609375 0.19296875
0 0.38046875 0.7078125 0.03984375 0.21640625
0 0.175 0.19765625 0.0328125 0.16484375
0 0.20546875 0.2796875 0.0359375 0.16953125
0 0.23203125 0.35 0.03984375 0.17890625
0 0.51953125 0.3421875 0.0421875 0.171875
0 0.478125 0.32890625 0.03671875 0.18828125
0 0.5609375 0.1421875 0.04375 0.1671875
0 0.52890625 0.04296875 0.0359375 0.0859375
0 0.5265625 0.13046875 0.040625 0.1671875
0 0.49765625 0.1421875 0.03828125 0.171875
0 0.784375 0.07421875 0.03046875 0.14765625
0 0.80703125 0.065625 0.03046875 0.13125
0 0.909375 0.11640625 0.03671875 0.153125
0 0.253125 0.13984375 0.0359375 0.1625
0 0.19765625 0.05546875 0.02890625 0.11015625
0 0.98125 0.31015625 0.0375 0.2015625
0 0.44296875 0.6265625 0.05703125 0.2234375
0 0.52734375 0.57265625 0.05546875 0.2140625
0 0.59296875 0.503125 0.04921875 0.23515625
0 0.8984375 0.25234375 0.04375 0.1578125
0 0.975 0.584375 0.05 0.2234375
0 0.8453125 0.33046875 0.04375 0.1625
0 0.853125 0.0703125 0.03046875 0.140625
0 0.14375 0.3078125 0.0453125 0.18828125
0 0.10703125 0.3140625 0.040625 0.18125
0 0.23984375 0.5265625 0.0515625 0.22109375
0 0.4 0.7390625 0.053125 0.24453125
0 0.571875 0.0796875 0.0359375 0.12734375
0 0.25859375 0.0515625 0.03203125 0.10234375
0 0.9484375 0.25234375 0.04375 0.1578125
0 0.95859375 0.3328125 0.04765625 0.1953125
0 0.7328125 0.21484375 0.03828125 0.171875
0 0.4015625 0.0984375 0.03984375 0.16484375