0 0.321875 0.78359375 0.06171875 0.2359375
0 0.77109375 0.6234375 0.0546875 0.228125
0 0.7421875 0.5046875 0.0515625 0.240625
0 0.6796875 0.05 0.053125 0.09921875
0 0.3703125 0.1921875 0.0546875 0.13828125
0 0.42265625 0.278125 0.04765625 0.2484375
0 0.425 0.1421875 0.04765625 0.140625
0 0.16953125 0.040625 0.0296875 0.08125
0 0.20625 0.07265625 0.0390625 0.1453125
0 0.17265625 0.01640625 0.03203125 0.0328125
0 0.425 0.03203125 0.04140625 0.06328125
0 0.38828125 0.03046875 0.0421875 0.0609375
0 0.87890625 0.02578125 0.0375 0.0515625
0 0.8421875 0.196875 0.04765625 0.1640625
0 0.8359375 0.0546875 0.0375 0.109375
0 0.05859375 0.29296875 0.04453125 0.196875
0 0.36640625 0.35078125 0.05 0.21015625
0 0.37578125 0.68125 0.04296875 0.2359375
0 0.4296875 0.74375 0.06171875 0.284375
0 0.45 0.62890625 0.05625 0.25390625
0 0.5359375 0.56328125 0.05859375 0.240625
0 0.59765625 0.396875 0.05625 0.24609375
0 0.71328125 0.16796875 0.04765625 0.18671875
0 0.15234375 0.12578125 0.0359375 0.1796875
0 0.13671875 0.2125 0.04921875 0.19453125
0 0.18515625 0.21484375 0.0390625 0.184375
0 0.21484375 0.2921875 0.04296875 0.19453125
0 0.2078125 0.46015625 0.05 0.23828125
0 0.5265625 0.2828125 0.04609375 0.18671875
0 0.48203125 0.26875 0.040625 0.2046875
0 0.571875 0.078125 0.046875 0.15546875
0 0.534375 0.071875 0.04453125 0.14375
0 0.503125 0.0796875 0.04140625 0.15859375
0 0.81484375 0.0359375 0.0328125 0.071875
0 0.83984375 0.0265625 0.03359375 0.053125
0 0.95078125 0.06015625 0.040625 0.11953125
0 0.921875 0.15859375 0.04765625 0.17421875
0 0.97421875 0.15 0.04296875 0.18203125
0 0.978125 0.22890625 0.04296875 0.21796875
0 0.99140625 0.49375 0.0171875 0.2046875
0 0.2359375 0.075 0.0375 0.15