0 0.7625 0.78046875 0.06484375 0.24609375
0 0.2921875 0.61328125 0.05703125 0.23828125
0 0.321875 0.4890625 0.05390625 0.2515625
0 0.3875 0.0328125 0.05625 0.065625
0 0.71171875 0.1625 0.05703125 0.14453125
0 0.65703125 0.2515625 0.05 0.259375
0 0.65390625 0.11015625 0.05 0.146875
0 0.8828125 0.05703125 0.040625 0.11328125
0 0.0203125 0.35078125 0.040625 0.11484375
0 0.21796875 0.1671875 0.05 0.17109375
0 0.225 0.03828125 0.0390625 0.07578125
0 0.715625 0.328125 0.05234375 0.21953125
0 0.70546875 0.6734375 0.0453125 0.24609375
0 0.53828125 0.55 0.06171875 0.2515625
0 0.4734375 0.3765625 0.05859375 0.25703125
0 0.353125 0.13671875 0.05 0.1953125
0 0.93984375 0.09296875 0.0375 0.1859375
0 0.95546875 0.18359375 0.05078125 0.203125
0 0.90546875 0.1859375 0.040625 0.19296875
0 0.87421875 0.26640625 0.0453125 0.203125
0 0.88125 0.4421875 0.05234375 0.24921875
0 0.54765625 0.25703125 0.0484375 0.1953125
0 0.59453125 0.2421875 0.0421875 0.2140625
0 0.5015625 0.06171875 0.05 0.1234375
0 0.540625 0.05546875 0.046875 0.1109375
0 0.57265625 0.0640625 0.04296875 0.12734375
0 0.246875 0.01796875 0.034375 0.0359375
0 0.10390625 0.04375 0.0421875 0.08671875
0 0.13515625 0.12734375 0.05 0.18203125
0 0.0796875 0.11796875 0.0453125 0.18984375
0 0.04140625 0.478125 0.05859375 0.2140625
0 0.0109375 0.4765625 0.021875 0.20546875
0 0.85078125 0.059375 0.040625 0.11875
0 0.05859375 0.22890625 0.0453125 0.2140625
0 0.021875 0.221875 0.04375 0.228125
0 0.671875 0.7203125 0.046875 0.28671875
0 0.634375 0.58125 0.06484375 0.25390625