0 0.2546875 0.821875 0.0625 0.23828125
0 0.71015625 0.659375 0.05546875 0.23046875
0 0.68125 0.5390625 0.05234375 0.24375
0 0.61640625 0.0640625 0.0546875 0.128125
0 0.61875 0.02265625 0.05703125 0.0453125
0 0.30390625 0.22265625 0.05546875 0.13984375
0 0.35703125 0.309375 0.0484375 0.2515625
0 0.359375 0.171875 0.0484375 0.14296875
0 0.13828125 0.10078125 0.0390625 0.15078125
0 0.359375 0.04609375 0.0421875 0.0921875
0 0.1390625 0.00859375 0.03125 0.0171875
0 0.3 0.38359375 0.05078125 0.2125
0 0.309375 0.71796875 0.04375 0.23828125
0 0.0828125 0.15546875 0.03671875 0.18125
0 0.11640625 0.24609375 0.0390625 0.18671875
0 0.14609375 0.3234375 0.04375 0.196875
0 0.4625 0.31484375 0.046875 0.1890625
0 0.4171875 0.3 0.040625 0.2078125
0 0.50859375 0.09375 0.0484375 0.184375
0 0.4734375 0.01640625 0.03984375 0.0328125
0 0.4703125 0.08671875 0.0453125 0.1734375
0 0.43828125 0.09453125 0.0421875 0.1890625
0 0.75390625 0.05 0.0328125 0.1
0 0.778125 0.040625 0.034375 0.08125
0 0.8921875 0.075 0.040625 0.14921875
0 0.16875 0.09140625 0.0390625 0.17890625
0 0.1078125 0.0296875 0.03203125 0.059375
0 0.97421875 0.28125 0.0453125 0.2203125
0 0.37890625 0.628125 0.0625 0.24609375
0 0.47109375 0.56875 0.0609375 0.2359375
0 0.54296875 0.4921875 0.05390625 0.259375
0 0.8796875 0.21640625 0.0484375 0.1734375
0 0.96796875 0.58046875 0.0640625 0.2453125
0 0.821875 0.3015625 0.0484375 0.17890625
0 0.83046875 0.04609375 0.03359375 0.0921875
0 0.0484375 0.27734375 0.04921875 0.2078125
0 0.015625 0.2828125 0.03125 0.19921875
0 0.15390625 0.51796875 0.05703125 0.24375
0 0.33125 0.7515625 0.05859375 0.26953125
0 0.51953125 0.04765625 0.03984375 0.0953125
0 0.17578125 0.02578125 0.03515625 0.05078125
0 0.93515625 0.21640625 0.0484375 0.1734375
0 0.94609375 0.30390625 0.05234375 0.215625
0 0.69765625 0.17421875 0.0421875 0.1890625
0 0.3328125 0.06875 0.04375 0.13671875