0 0.68828125 0.79296875 0.0578125 0.21875
0 0.2703125 0.64453125 0.05078125 0.21171875
0 0.296875 0.53359375 0.0484375 0.2234375
0 0.35546875 0.09140625 0.04921875 0.1328125
0 0.3546875 0.040625 0.053125 0.08125
0 0.64296875 0.24375 0.05078125 0.128125
0 0.59453125 0.3234375 0.04375 0.23046875
0 0.5921875 0.19765625 0.04375 0.13046875
0 0.79375 0.028125 0.028125 0.05625
0 0.646875 0.39140625 0.046875 0.19453125
0 0.63828125 0.69765625 0.03984375 0.21875
0 0.84609375 0.18203125 0.03359375 0.16640625
0 0.49765625 0.328125 0.04296875 0.1734375
0 0.5390625 0.31484375 0.0375 0.18984375
0 0.4875 0.03515625 0.03671875 0.0703125
0 0.490625 0.1140625 0.04140625 0.16875
0 0.51953125 0.1265625 0.0390625 0.1734375
0 0.20703125 0.0578125 0.03125 0.11484375
0 0.82265625 0.046875 0.0296875 0.09375
0 0.03125 0.57265625 0.06171875 0.22578125
0 0.76171875 0.04296875 0.0328125 0.0859375
0 0.6171875 0.0828125 0.03984375 0.165625
0 0.1484375 0.07109375 0.03203125 0.14140625
0 0.1125 0.07578125 0.03984375 0.15078125
0 0.5703125 0.09609375 0.04140625 0.17109375
0 0.41015625 0.53359375 0.05234375 0.2515625
0 0.2515625 0.178125 0.0453125 0.178125
0 0.01171875 0.3546875 0.02265625 0.18515625
0 0.03984375 0.353125 0.046875 0.19453125
0 0.05078125 0.26640625 0.04921875 0.178125
0 0.096875 0.27265625 0.04375 0.16640625
0 0.13984375 0.36640625 0.046875 0.1734375
0 0.86796875 0.2578125 0.04296875 0.18515625
0 0.9109375 0.35703125 0.0484375 0.20234375
0 0.759375 0.2 0.03203125 0.1640625
0 0.7984375 0.18828125 0.04296875 0.1453125
0 0.80390625 0.3078125 0.04296875 0.15703125
0 0.78671875 0.43359375 0.05234375 0.16171875
0 0.771875 0.57890625 0.0453125 0.21875
0 0.4390625 0.190625 0.0359375 0.16875
0 0.43125 0.08828125 0.0359375 0.13984375
0 0.471875 0.4984375 0.0484375 0.2140625
0 0.57578125 0.540625 0.046875 0.2140625