0 0.67734375 0.8203125 0.05859375 0.22265625
0 0.253125 0.66875 0.0515625 0.21484375
0 0.28046875 0.55625 0.04921875 0.22734375
0 0.3390625 0.10703125 0.05 0.13515625
0 0.33828125 0.0484375 0.053125 0.096875
0 0.63203125 0.26171875 0.0515625 0.13046875
0 0.353125 0.259375 0.05 0.17890625
0 0.79921875 0.4546875 0.06484375 0.2078125
0 0.42421875 0.3859375 0.06015625 0.225
0 0.6140625 0.41015625 0.040625 0.20078125
0 0.5828125 0.34296875 0.04453125 0.234375
0 0.5796875 0.21484375 0.04453125 0.1328125
0 0.48359375 0.31484375 0.040625 0.16953125
0 0.52265625 0.30234375 0.0390625 0.18828125
0 0.4421875 0.115625 0.0390625 0.15234375
0 0.4796875 0.103125 0.0328125 0.15703125
0 0.51015625 0.11171875 0.03515625 0.16953125
0 0.7859375 0.31484375 0.03359375 0.18359375
0 0.80546875 0.2578125 0.0390625 0.16171875
0 0.83203125 0.23359375 0.0328125 0.1859375
0 0.85390625 0.1953125 0.0296875 0.1765625
0 0.821875 0.1078125 0.02890625 0.09921875
0 0.7859375 0.14765625 0.03671875 0.13984375
0 0.75078125 0.1515625 0.03359375 0.18125
0 0.81796875 0.06796875 0.0296875 0.08671875
0 0.19921875 0.05234375 0.028125 0.1046875
0 0.22578125 0.0578125 0.0421875 0.115625
0 0.08046875 0.17734375 0.03515625 0.11640625
0 0.06484375 0.1453125 0.03671875 0.13984375
0 0.5796875 0.0703125 0.0390625 0.13984375
0 0.6140625 0.06953125 0.03984375 0.13828125
0 0.15234375 0.0640625 0.0359375 0.128125
0 0.47265625 0.64453125 0.0609375 0.2296875
0 0.11953125 0.2171875 0.03671875 0.15703125
0 0.07109375 0.28203125 0.04375 0.1859375
0 0.0359375 0.26015625 0.03828125 0.1765625
0 0.04140625 0.53125 0.053125 0.2296875
0 0.01171875 0.54296875 0.0234375 0.225
0 0.01328125 0.43203125 0.02578125 0.103125
0 0.1859375 0.26640625 0.04453125 0.1546875
0 0.55703125 0.7890625 0.05703125 0.25625
0 0.54609375 0.67890625 0.053125 0.19609375
0 0.1921875 0.1234375 0.03515625 0.12109375
0 0.9265625 0.35703125 0.0421875 0.1859375
0 0.78515625 0.03515625 0.02890625 0.0703125