0 0.31796875 0.81015625 0.05859375 0.22265625
0 0.74296875 0.659375 0.0515625 0.21484375
0 0.715625 0.546875 0.04921875 0.22734375
0 0.65625 0.096875 0.05 0.13515625
0 0.6578125 0.04375 0.053125 0.08671875
0 0.36328125 0.2515625 0.0515625 0.13046875
0 0.41328125 0.3328125 0.04453125 0.234375
0 0.415625 0.2046875 0.04453125 0.1328125
0 0.209375 0.13828125 0.03671875 0.13984375
0 0.415625 0.065625 0.0390625 0.13046875
0 0.38125 0.0640625 0.040625 0.128125
0 0.84453125 0.059375 0.03515625 0.11875
0 0.984375 0.421875 0.03125 0.103125
0 0.81015625 0.25703125 0.04453125 0.1546875
0 0.80390625 0.1140625 0.03515625 0.12109375
0 0.2109375 0.03046875 0.02890625 0.0609375
0 0.36015625 0.4015625 0.04765625 0.1984375
0 0.36875 0.7140625 0.040625 0.22265625
0 0.5203125 0.60234375 0.05546875 0.22734375
0 0.57890625 0.4453125 0.053125 0.23203125
0 0.6875 0.22890625 0.04453125 0.1765625
0 0.1578125 0.1890625 0.03359375 0.16953125
0 0.14375 0.27109375 0.04609375 0.18359375
0 0.1890625 0.2734375 0.03671875 0.17421875
0 0.2171875 0.34609375 0.040625 0.18359375
0 0.2109375 0.5046875 0.04765625 0.225
0 0.51171875 0.3375 0.04375 0.1765625
0 0.46953125 0.32421875 0.03828125 0.19375
0 0.54921875 0.0453125 0.0328125 0.08984375
0 0.5546875 0.13203125 0.04453125 0.171875
0 0.52109375 0.0375 0.0359375 0.075
0 0.51953125 0.1203125 0.0421875 0.171875
0 0.4890625 0.13203125 0.0390625 0.1765625
0 0.78359375 0.06953125 0.03125 0.13828125
0 0.80625 0.06015625 0.03125 0.1203125
0 0.9125 0.10546875 0.03828125 0.15703125
0 0.884375 0.2203125 0.04453125 0.1640625
0 0.934375 0.21171875 0.040625 0.171875
0 0.96875 0.5375 0.053125 0.19375
0 0.99296875 0.53515625 0.0140625 0.1859375
0 0.23828125 0.1296875 0.03671875 0.1671875
0 0.18125 0.05 0.0296875 0.1
0 0.0828125 0.32578125 0.0390625 0.190625
0 0.953125 0.3125 0.040625 0.19375
0 0.98359375 0.30625 0.03203125 0.20625
0 0.39921875 0.75625 0.0421875 0.25859375
0 0.43359375 0.63046875 0.05859375 0.2296875