0 0.34375 0.85234375 0.06015625 0.2296875
0 0.7828125 0.69609375 0.053125 0.22265625
0 0.7546875 0.5796875 0.05078125 0.23515625
0 0.69375 0.11484375 0.05234375 0.13984375
0 0.6953125 0.05234375 0.0546875 0.10390625
0 0.390625 0.27421875 0.053125 0.13515625
0 0.4421875 0.35859375 0.04609375 0.2421875
0 0.4453125 0.22578125 0.04609375 0.1375
0 0.23125 0.15703125 0.03828125 0.1453125
0 0.23203125 0.03828125 0.0296875 0.0765625
0 0.3875 0.4296875 0.04921875 0.2046875
0 0.396875 0.75234375 0.0421875 0.2296875
0 0.178125 0.209375 0.03515625 0.175
0 0.21015625 0.296875 0.03828125 0.1796875
0 0.2390625 0.371875 0.0421875 0.18984375
0 0.54375 0.36328125 0.0453125 0.1828125
0 0.50078125 0.34921875 0.0390625 0.2
0 0.58828125 0.15078125 0.04609375 0.17734375
0 0.5546875 0.04609375 0.03828125 0.0921875
0 0.5515625 0.13828125 0.04375 0.17734375
0 0.52109375 0.15078125 0.040625 0.1828125
0 0.84921875 0.06953125 0.0328125 0.1390625
0 0.2609375 0.1484375 0.03828125 0.17265625
0 0.20234375 0.05859375 0.03125 0.1171875
0 0.246875 0.559375 0.0546875 0.23515625
0 0.59921875 0.084375 0.03828125 0.13515625
0 0.2671875 0.0546875 0.03359375 0.109375
0 0.41875 0.1046875 0.0421875 0.175
0 0.9109375 0.0921875 0.03359375 0.15
0 0.9484375 0.09296875 0.0421875 0.1671875
0 0.4671875 0.11953125 0.04375 0.1796875
0 0.6359375 0.5796875 0.0546875 0.26484375
0 0.559375 0.5671875 0.06171875 0.225
0 0.46484375 0.62421875 0.06015625 0.2296875
0 0.11640625 0.37421875 0.04921875 0.2
0 0.13125 0.296875 0.05078125 0.175
0 0.80234375 0.20546875 0.04765625 0.1875
0 0.99375 0.29765625 0.0125 0.18828125
0 0.96484375 0.3046875 0.04609375 0.175
0 0.91953125 0.403125 0.04921875 0.1828125