0 0.7046875 0.80546875 0.059375 0.225
0 0.27578125 0.653125 0.05234375 0.2171875
0 0.303125 0.53984375 0.04921875 0.2296875
0 0.3625 0.08515625 0.05078125 0.13671875
0 0.36171875 0.0375 0.05390625 0.075
0 0.65859375 0.24140625 0.05234375 0.13203125
0 0.60859375 0.3234375 0.0453125 0.23671875
0 0.60625 0.19375 0.0453125 0.134375
0 0.81484375 0.1265625 0.03671875 0.14140625
0 0.60625 0.059375 0.03984375 0.11875
0 0.640625 0.05859375 0.03984375 0.1171875
0 0.17265625 0.05390625 0.0359375 0.1078125
0 0.0265625 0.4140625 0.03984375 0.1046875
0 0.2078125 0.246875 0.0453125 0.15625
0 0.2140625 0.10234375 0.0359375 0.121875
0 0.81328125 0.02421875 0.02890625 0.0484375
0 0.6625 0.39296875 0.0484375 0.2
0 0.653125 0.7078125 0.04140625 0.225
0 0.5 0.5953125 0.05625 0.2296875
0 0.44140625 0.43671875 0.05390625 0.234375
0 0.33125 0.21875 0.0453125 0.178125
0 0.8671875 0.178125 0.034375 0.17109375
0 0.88125 0.2609375 0.046875 0.1859375
0 0.83515625 0.2640625 0.03671875 0.17578125
0 0.80703125 0.33671875 0.04140625 0.1859375
0 0.81328125 0.496875 0.0484375 0.22734375
0 0.509375 0.328125 0.04375 0.178125
0 0.5515625 0.31484375 0.03828125 0.1953125
0 0.47109375 0.0390625 0.0328125 0.078125
0 0.465625 0.12109375 0.0453125 0.1734375
0 0.49921875 0.03203125 0.0375 0.06328125
0 0.5015625 0.10859375 0.04296875 0.1734375
0 0.53203125 0.12109375 0.03984375 0.178125
0 0.23359375 0.06328125 0.03125 0.1265625
0 0.21015625 0.0546875 0.03203125 0.109375
0 0.10390625 0.09375 0.03828125 0.15859375
0 0.13203125 0.21015625 0.0453125 0.165625
0 0.08203125 0.2015625 0.04140625 0.1734375
0 0.046875 0.5296875 0.05390625 0.1953125
0 0.01484375 0.528125 0.0296875 0.1875
0 0.7859375 0.11875 0.03671875 0.16875
0 0.84296875 0.04375 0.03046875 0.0875
0 0.9421875 0.31640625 0.03984375 0.19296875
0 0.0625 0.303125 0.04140625 0.1953125
0 0.0265625 0.296875 0.04296875 0.2078125
0 0.62265625 0.75078125 0.04296875 0.2609375
0 0.58828125 0.6234375 0.059375 0.23203125