0 0.31171875 0.790625 0.05859375 0.2234375
0 0.73828125 0.63828125 0.0515625 0.21640625
0 0.7109375 0.52578125 0.04921875 0.228125
0 0.6515625 0.07421875 0.05078125 0.1359375
0 0.653125 0.03203125 0.05390625 0.0640625
0 0.35703125 0.2296875 0.0515625 0.13125
0 0.40703125 0.3109375 0.0453125 0.23515625
0 0.41015625 0.18203125 0.0453125 0.13359375
0 0.20234375 0.115625 0.03671875 0.140625
0 0.41015625 0.05390625 0.0390625 0.1078125
0 0.37578125 0.053125 0.03984375 0.10546875
0 0.840625 0.0484375 0.03515625 0.09609375
0 0.9828125 0.4 0.034375 0.103125
0 0.80625 0.234375 0.0453125 0.15546875
0 0.8 0.09140625 0.03515625 0.12109375
0 0.20390625 0.01875 0.02890625 0.0375
0 0.35390625 0.38046875 0.04765625 0.19921875
0 0.3625 0.69296875 0.040625 0.2234375
0 0.4140625 0.75234375 0.05859375 0.26953125
0 0.4328125 0.64375 0.053125 0.240625
0 0.51484375 0.58125 0.05625 0.228125
0 0.57421875 0.4234375 0.053125 0.2328125
0 0.6828125 0.20625 0.0453125 0.17734375
0 0.15078125 0.16640625 0.034375 0.16953125
0 0.1359375 0.24921875 0.04609375 0.184375
0 0.18203125 0.2515625 0.03671875 0.175
0 0.21015625 0.32421875 0.040625 0.184375
0 0.20390625 0.48359375 0.04765625 0.22578125
0 0.50625 0.315625 0.04375 0.17734375
0 0.4640625 0.30234375 0.03828125 0.19453125
0 0.54453125 0.03359375 0.0328125 0.0671875
0 0.54921875 0.109375 0.0453125 0.17265625
0 0.51640625 0.0265625 0.0375 0.05234375
0 0.5140625 0.09765625 0.0421875 0.17265625
0 0.48359375 0.109375 0.03984375 0.17734375
0 0.7796875 0.0578125 0.03125 0.115625
0 0.803125 0.04921875 0.03203125 0.0984375
0 0.909375 0.0828125 0.03828125 0.1578125
0 0.88125 0.1984375 0.0453125 0.16484375
0 0.93125 0.18984375 0.040625 0.17265625
0 0.9359375 0.26484375 0.0421875 0.20625
0 0.97421875 0.26328125 0.03671875 0.20390625
0 0.965625 0.51640625 0.053125 0.19453125
0 0.9921875 0.51484375 0.015625 0.18671875
0 0.23125 0.10703125 0.03671875 0.1671875
0 0.17421875 0.03828125 0.0296875 0.0765625
0 0.075 0.30390625 0.03984375 0.19140625