0 0.31796875 0.79140625 0.05703125 0.2171875
0 0.73359375 0.64375 0.05078125 0.21015625
0 0.70703125 0.53359375 0.04765625 0.221875
0 0.6484375 0.09375 0.04921875 0.13203125
0 0.65 0.0421875 0.05234375 0.084375
0 0.3625 0.2453125 0.05078125 0.12734375
0 0.63515625 0.24296875 0.04921875 0.175
0 0.1984375 0.434375 0.0640625 0.203125
0 0.565625 0.3671875 0.05859375 0.21953125
0 0.3796875 0.390625 0.03984375 0.19609375
0 0.4109375 0.32421875 0.04375 0.22890625
0 0.41328125 0.19921875 0.04375 0.1296875
0 0.50703125 0.296875 0.03984375 0.165625
0 0.46953125 0.28515625 0.03828125 0.184375
0 0.54765625 0.10234375 0.03828125 0.14921875
0 0.5109375 0.090625 0.03203125 0.15390625
0 0.48203125 0.0984375 0.034375 0.165625
0 0.2109375 0.296875 0.03359375 0.1796875
0 0.19296875 0.24140625 0.03828125 0.15859375
0 0.16640625 0.21796875 0.03203125 0.18203125
0 0.1453125 0.18046875 0.02890625 0.17265625
0 0.1765625 0.0953125 0.028125 0.096875
0 0.2109375 0.134375 0.0359375 0.13671875
0 0.24609375 0.1375 0.03359375 0.17734375
0 0.1796875 0.05625 0.02890625 0.08515625
0 0.7859375 0.04609375 0.02734375 0.09140625
0 0.76015625 0.0515625 0.040625 0.103125
0 0.90234375 0.1625 0.034375 0.11328125
0 0.9171875 0.13203125 0.0359375 0.13671875
0 0.41328125 0.06328125 0.03828125 0.1265625
0 0.3796875 0.0625 0.0390625 0.125
0 0.8328125 0.0578125 0.034375 0.115625
0 0.51875 0.61953125 0.06015625 0.22421875
0 0.8640625 0.2015625 0.0359375 0.15390625
0 0.91171875 0.265625 0.0421875 0.18203125
0 0.94609375 0.24375 0.0375 0.17265625
0 0.93984375 0.50859375 0.0515625 0.22421875
0 0.97890625 0.5203125 0.0421875 0.2203125
0 0.97421875 0.41171875 0.03828125 0.1015625
0 0.79921875 0.25 0.04375 0.1515625
0 0.43515625 0.76015625 0.05546875 0.25078125
0 0.446875 0.653125 0.0515625 0.19140625
0 0.79296875 0.1109375 0.034375 0.11796875
0 0.07421875 0.33828125 0.04140625 0.18203125
0 0.2125 0.0296875 0.028125 0.05859375