0 0.67109375 0.80234375 0.0578125 0.21953125
0 0.25078125 0.65234375 0.05078125 0.2125
0 0.27734375 0.54140625 0.0484375 0.225
0 0.3359375 0.096875 0.05 0.13359375
0 0.33515625 0.04375 0.05234375 0.08671875
0 0.62578125 0.25 0.05078125 0.12890625
0 0.5765625 0.3296875 0.04453125 0.23203125
0 0.57421875 0.203125 0.04453125 0.13125
0 0.778125 0.1375 0.0359375 0.13828125
0 0.57421875 0.06484375 0.0390625 0.1296875
0 0.6078125 0.0640625 0.0390625 0.128125
0 0.15 0.059375 0.03515625 0.11875
0 0.01328125 0.41796875 0.0265625 0.10234375
0 0.184375 0.2546875 0.04453125 0.153125
0 0.190625 0.1140625 0.03515625 0.11953125
0 0.77734375 0.03046875 0.028125 0.0609375
0 0.62890625 0.3984375 0.046875 0.19609375
0 0.6203125 0.70625 0.040625 0.21953125
0 0.4703125 0.596875 0.05546875 0.225
0 0.4125 0.44140625 0.05234375 0.2296875
0 0.30546875 0.22734375 0.04453125 0.17421875
0 0.8296875 0.1875 0.03359375 0.1671875
0 0.84375 0.26875 0.0453125 0.18203125
0 0.7984375 0.271875 0.0359375 0.171875
0 0.77109375 0.34296875 0.040625 0.18203125
0 0.77734375 0.5 0.046875 0.22265625
0 0.4796875 0.33515625 0.04296875 0.17421875
0 0.52109375 0.321875 0.0375 0.19140625
0 0.4421875 0.0453125 0.03203125 0.08984375
0 0.43671875 0.13203125 0.04453125 0.16953125
0 0.4703125 0.0375 0.0375 0.075
0 0.471875 0.11953125 0.04140625 0.16953125
0 0.5015625 0.13203125 0.0390625 0.17421875
0 0.21015625 0.06875 0.03046875 0.1375
0 0.18671875 0.06015625 0.03125 0.1203125
0 0.0828125 0.10546875 0.0375 0.15546875
0 0.11015625 0.21875 0.04453125 0.1625
0 0.0609375 0.2109375 0.040625 0.16953125
0 0.02734375 0.53203125 0.05234375 0.19140625
0 0.0046875 0.53046875 0.009375 0.18359375
0 0.75 0.1296875 0.0359375 0.16484375
0 0.80625 0.05 0.0296875 0.09921875
0 0.903125 0.32265625 0.0390625 0.1890625
0 0.0421875 0.309375 0.040625 0.19140625
0 0.0140625 0.30390625 0.028125 0.20390625
0 0.58984375 0.7484375 0.04140625 0.25546875
0 0.55625 0.62421875 0.0578125 0.22734375