0 0.6828125 0.803125 0.0578125 0.21953125
0 0.2625 0.65390625 0.05078125 0.2125
0 0.28984375 0.5421875 0.0484375 0.225
0 0.34765625 0.09765625 0.05 0.13359375
0 0.34765625 0.04375 0.0515625 0.0875
0 0.6375 0.25078125 0.05078125 0.12890625
0 0.58828125 0.33125 0.04453125 0.23203125
0 0.5859375 0.2046875 0.04453125 0.13125
0 0.7890625 0.03125 0.028125 0.0625
0 0.640625 0.39921875 0.046875 0.19609375
0 0.84140625 0.1890625 0.03359375 0.1671875
0 0.49140625 0.3359375 0.04296875 0.17421875
0 0.5328125 0.32265625 0.0375 0.19140625
0 0.48125 0.03828125 0.03671875 0.0765625
0 0.48359375 0.1203125 0.04140625 0.16953125
0 0.51328125 0.1328125 0.0390625 0.17421875
0 0.19921875 0.0609375 0.03125 0.12109375
0 0.81796875 0.05 0.0296875 0.1
0 0.0265625 0.58203125 0.053125 0.2265625
0 0.75703125 0.04609375 0.0328125 0.0921875
0 0.6109375 0.08828125 0.040625 0.1671875
0 0.5640625 0.103125 0.04140625 0.171875
0 0.24375 0.18515625 0.0453125 0.17890625
0 0.00703125 0.3625 0.0140625 0.18671875
0 0.03046875 0.3609375 0.046875 0.19609375
0 0.04140625 0.2734375 0.05 0.17890625
0 0.13125 0.37421875 0.046875 0.17421875
0 0.7546875 0.20703125 0.03203125 0.16484375
0 0.79375 0.19453125 0.04296875 0.14609375
0 0.79921875 0.315625 0.04296875 0.1578125
0 0.78203125 0.4421875 0.05234375 0.1625
0 0.76640625 0.58828125 0.0453125 0.21953125
0 0.4328125 0.196875 0.0359375 0.16953125
0 0.42421875 0.09453125 0.0359375 0.140625
0 0.465625 0.50703125 0.0484375 0.21484375
0 0.56953125 0.55 0.046875 0.21484375
0 0.38203125 0.62890625 0.05625 0.2578125
0 0.6140625 0.7171875 0.05234375 0.234375
0 0.0703125 0.29765625 0.0453125 0.17890625
0 0.8515625 0.25 0.040625 0.184375
0 0.91953125 0.38203125 0.05 0.20546875
0 0.13046875 0.0625 0.03046875 0.12421875
0 0.11796875 0.1109375 0.03125 0.16484375