0 0.32890625 0.7921875 0.05625 0.2140625
0 0.73828125 0.646875 0.05 0.20703125
0 0.71171875 0.53828125 0.046875 0.21875
0 0.6546875 0.10546875 0.0484375 0.13046875
0 0.65546875 0.04765625 0.0515625 0.0953125
0 0.37265625 0.2546875 0.05 0.12578125
0 0.4203125 0.3328125 0.04296875 0.22578125
0 0.4234375 0.209375 0.04296875 0.128125
0 0.22421875 0.1453125 0.03515625 0.13515625
0 0.225 0.03515625 0.028125 0.0703125
0 0.36953125 0.39921875 0.04609375 0.190625
0 0.378125 0.69921875 0.0390625 0.2140625
0 0.17421875 0.19375 0.0328125 0.16328125
0 0.2046875 0.27578125 0.03515625 0.16796875
0 0.23125 0.3453125 0.0390625 0.1765625
0 0.515625 0.3375 0.0421875 0.1703125
0 0.475 0.32421875 0.03671875 0.1859375
0 0.55703125 0.1390625 0.04296875 0.165625
0 0.525 0.0421875 0.0359375 0.084375
0 0.52265625 0.128125 0.040625 0.165625
0 0.49375 0.1390625 0.03828125 0.1703125
0 0.8 0.0640625 0.03046875 0.128125
0 0.2515625 0.13671875 0.03515625 0.1609375
0 0.196875 0.05390625 0.02890625 0.1078125
0 0.97109375 0.5765625 0.0578125 0.2203125
0 0.23828125 0.5203125 0.05078125 0.21875
0 0.5671875 0.078125 0.03515625 0.12578125
0 0.2578125 0.05 0.03125 0.1
0 0.39921875 0.09609375 0.0390625 0.16328125
0 0.85703125 0.084375 0.03125 0.13984375
0 0.8921875 0.0859375 0.0390625 0.15625
0 0.44375 0.11015625 0.040625 0.16796875
0 0.6015625 0.53828125 0.05078125 0.246875
0 0.5296875 0.52734375 0.0578125 0.209375
0 0.44140625 0.58046875 0.05625 0.2140625
0 0.1171875 0.34765625 0.04609375 0.1859375
0 0.13046875 0.27578125 0.046875 0.16328125
0 0.75625 0.190625 0.04453125 0.17421875
0 0.98984375 0.36328125 0.01953125 0.18125
0 0.9640625 0.36171875 0.04609375 0.190625
0 0.953125 0.2765625 0.0484375 0.17421875
0 0.9078125 0.2828125 0.04296875 0.16328125
0 0.865625 0.37421875 0.04609375 0.1703125