0 0.678125 0.7875 0.0578125 0.21953125
0 0.25859375 0.63828125 0.05078125 0.2125
0 0.28515625 0.52734375 0.0484375 0.225
0 0.34375 0.0828125 0.05 0.13359375
0 0.3421875 0.03671875 0.05234375 0.07265625
0 0.63359375 0.2359375 0.05078125 0.12890625
0 0.35703125 0.23359375 0.05 0.1765625
0 0.7984375 0.4265625 0.06484375 0.20546875
0 0.42734375 0.35859375 0.059375 0.22265625
0 0.615625 0.3828125 0.040625 0.1984375
0 0.584375 0.315625 0.04453125 0.23203125
0 0.58125 0.1890625 0.04453125 0.13125
0 0.48671875 0.28828125 0.040625 0.1671875
0 0.525 0.2765625 0.0390625 0.18671875
0 0.44609375 0.09140625 0.0390625 0.15078125
0 0.4828125 0.07890625 0.03203125 0.15546875
0 0.5125 0.0875 0.03515625 0.1671875
0 0.7859375 0.28828125 0.03359375 0.18203125
0 0.8046875 0.23203125 0.0390625 0.16015625
0 0.83125 0.2078125 0.03203125 0.184375
0 0.85234375 0.1703125 0.0296875 0.17421875
0 0.82109375 0.08359375 0.028125 0.09765625
0 0.7859375 0.1234375 0.0359375 0.13828125
0 0.75078125 0.1265625 0.03359375 0.17890625
0 0.8171875 0.04453125 0.0296875 0.0859375
0 0.20625 0.03984375 0.028125 0.0796875
0 0.23125 0.04609375 0.04140625 0.09140625
0 0.0875 0.15234375 0.03515625 0.11484375
0 0.071875 0.12109375 0.0359375 0.13828125
0 0.58203125 0.0578125 0.0390625 0.115625
0 0.615625 0.05703125 0.0390625 0.1140625
0 0.1578125 0.05234375 0.03515625 0.10390625
0 0.47578125 0.61484375 0.06015625 0.22734375
0 0.12578125 0.19140625 0.0359375 0.15546875
0 0.078125 0.25625 0.04296875 0.184375
0 0.04296875 0.234375 0.0375 0.17421875
0 0.04921875 0.50234375 0.05234375 0.22734375
0 0.015625 0.5140625 0.03125 0.22265625
0 0.0171875 0.40390625 0.03359375 0.10234375
0 0.1921875 0.240625 0.04453125 0.153125
0 0.559375 0.75703125 0.05625 0.253125
0 0.54765625 0.64765625 0.05234375 0.19375
0 0.19765625 0.09921875 0.03515625 0.11953125
0 0.92421875 0.3296875 0.04140625 0.184375
0 0.784375 0.0234375 0.028125 0.046875