0 0.33046875 0.81953125 0.0578125 0.22109375
0 0.75234375 0.66875 0.0515625 0.2140625
0 0.72578125 0.55703125 0.0484375 0.22578125
0 0.6671875 0.11015625 0.05 0.134375
0 0.66796875 0.05 0.053125 0.1
0 0.37578125 0.2640625 0.0515625 0.1296875
0 0.425 0.34453125 0.04453125 0.2328125
0 0.42734375 0.2171875 0.04453125 0.13203125
0 0.22265625 0.03671875 0.0296875 0.0734375
0 0.37265625 0.41328125 0.04765625 0.196875
0 0.17109375 0.2015625 0.03359375 0.16796875
0 0.52265625 0.34921875 0.04296875 0.17578125
0 0.48125 0.3359375 0.0375 0.1921875
0 0.5328125 0.04453125 0.03671875 0.08828125
0 0.53046875 0.1328125 0.0421875 0.1703125
0 0.50078125 0.1453125 0.0390625 0.17578125
0 0.81640625 0.0671875 0.03125 0.13359375
0 0.19453125 0.05625 0.0296875 0.1125
0 0.98125 0.596875 0.03671875 0.228125
0 0.25703125 0.05234375 0.0328125 0.1046875
0 0.40234375 0.10078125 0.040625 0.16796875
0 0.44921875 0.11484375 0.0421875 0.1734375
0 0.771875 0.19765625 0.04609375 0.18046875
0 0.98125 0.37421875 0.0375 0.196875
0 0.975 0.28671875 0.05 0.18046875
0 0.884375 0.3875 0.04765625 0.17578125
0 0.2578125 0.21953125 0.0328125 0.165625
0 0.21875 0.2078125 0.04296875 0.146875
0 0.21328125 0.32890625 0.04296875 0.15859375
0 0.23046875 0.45625 0.05234375 0.16328125
0 0.24609375 0.603125 0.04609375 0.22109375
0 0.58203125 0.21015625 0.03671875 0.1703125
0 0.58984375 0.10625 0.03671875 0.1421875
0 0.5484375 0.52109375 0.0484375 0.21640625
0 0.44375 0.5640625 0.04765625 0.21640625
0 0.6328125 0.64375 0.05703125 0.259375
0 0.39921875 0.7328125 0.05234375 0.2359375
0 0.94609375 0.3109375 0.04609375 0.18046875
0 0.1609375 0.2625 0.040625 0.18515625
0 0.0921875 0.39609375 0.05 0.20703125
0 0.88515625 0.06796875 0.0296875 0.1359375
0 0.89765625 0.1234375 0.03125 0.165625