0 0.32890625 0.79140625 0.05625 0.21328125
0 0.7359375 0.646875 0.04921875 0.20625
0 0.709375 0.5390625 0.046875 0.21796875
0 0.653125 0.10859375 0.0484375 0.1296875
0 0.6546875 0.05 0.05078125 0.09921875
0 0.37265625 0.25703125 0.04921875 0.125
0 0.4203125 0.334375 0.04296875 0.22421875
0 0.42265625 0.21171875 0.04296875 0.12734375
0 0.225 0.1484375 0.03515625 0.134375
0 0.225 0.03671875 0.028125 0.0734375
0 0.36875 0.40078125 0.0453125 0.18984375
0 0.37734375 0.69921875 0.0390625 0.21328125
0 0.175 0.196875 0.0328125 0.16171875
0 0.2046875 0.278125 0.03515625 0.16640625
0 0.23203125 0.346875 0.0390625 0.17578125
0 0.5140625 0.3390625 0.04140625 0.16875
0 0.47421875 0.3265625 0.03671875 0.18515625
0 0.55546875 0.1421875 0.04296875 0.1640625
0 0.5234375 0.04375 0.034375 0.0875
0 0.521875 0.13046875 0.040625 0.1640625
0 0.49296875 0.1421875 0.0375 0.16875
0 0.79765625 0.065625 0.0296875 0.13125
0 0.2515625 0.13984375 0.03515625 0.159375
0 0.19765625 0.05546875 0.02890625 0.1109375
0 0.96875 0.57734375 0.06015625 0.21953125
0 0.2390625 0.52109375 0.05078125 0.21796875
0 0.565625 0.08125 0.03515625 0.125
0 0.2578125 0.05234375 0.03125 0.10390625
0 0.3984375 0.09921875 0.0390625 0.16171875
0 0.85390625 0.08828125 0.03125 0.1390625
0 0.8890625 0.0890625 0.0390625 0.15546875
0 0.44375 0.11328125 0.040625 0.16640625
0 0.6 0.5390625 0.05078125 0.2453125
0 0.52890625 0.528125 0.05703125 0.20859375
0 0.440625 0.58125 0.05625 0.21328125
0 0.11796875 0.34921875 0.0453125 0.18515625
0 0.13125 0.278125 0.046875 0.16171875
0 0.75390625 0.19296875 0.04453125 0.1734375
0 0.98828125 0.365625 0.0234375 0.18046875
0 0.96015625 0.36328125 0.0453125 0.18984375
0 0.95 0.27890625 0.0484375 0.1734375
0 0.9046875 0.284375 0.04296875 0.16171875
0 0.8625 0.37578125 0.0453125 0.16875