0 0.328125 0.8234375 0.0640625 0.24453125
0 0.79609375 0.65703125 0.05703125 0.23671875
0 0.765625 0.53359375 0.05390625 0.25
0 0.70078125 0.05625 0.05546875 0.1125
0 0.70234375 0.0140625 0.05859375 0.02734375
0 0.37890625 0.209375 0.05703125 0.14375
0 0.6859375 0.20625 0.05546875 0.196875
0 0.19453125 0.421875 0.071875 0.22890625
0 0.60703125 0.34609375 0.065625 0.24765625
0 0.39765625 0.37265625 0.04453125 0.22109375
0 0.4328125 0.2984375 0.04921875 0.2578125
0 0.4359375 0.15703125 0.04921875 0.14609375
0 0.54140625 0.2671875 0.04453125 0.1859375
0 0.49921875 0.25390625 0.04375 0.2078125
0 0.5859375 0.065625 0.04375 0.13125
0 0.54609375 0.0609375 0.0359375 0.12109375
0 0.5125 0.06875 0.0390625 0.1375
0 0.20859375 0.2671875 0.0375 0.20234375
0 0.18828125 0.2046875 0.04375 0.178125
0 0.15859375 0.178125 0.0359375 0.2046875
0 0.13515625 0.1359375 0.0328125 0.19453125
0 0.16953125 0.04765625 0.03125 0.09453125
0 0.20859375 0.084375 0.040625 0.15390625
0 0.24765625 0.09375 0.03671875 0.1875
0 0.1734375 0.021875 0.0328125 0.04375
0 0.8546875 0.01796875 0.03125 0.0359375
0 0.82578125 0.02421875 0.0453125 0.0484375
0 0.9828125 0.115625 0.034375 0.12734375
0 0.99140625 0.08125 0.0171875 0.15390625
0 0.43515625 0.0375 0.0421875 0.075
0 0.3984375 0.03671875 0.04375 0.0734375
0 0.9078125 0.03125 0.0390625 0.0625
0 0.55390625 0.63046875 0.0671875 0.25234375
0 0.94296875 0.16015625 0.040625 0.17265625
0 0.9859375 0.23125 0.028125 0.20546875
0 0.86953125 0.2140625 0.04921875 0.1703125
0 0.4609375 0.7890625 0.0625 0.28203125
0 0.4734375 0.66796875 0.05859375 0.215625
0 0.8625 0.06171875 0.0390625 0.1234375
0 0.0546875 0.3140625 0.04609375 0.2046875