0 0.665625 0.79609375 0.059375 0.225
0 0.2359375 0.64296875 0.05234375 0.2171875
0 0.26328125 0.5296875 0.04921875 0.2296875
0 0.3234375 0.07578125 0.05078125 0.13671875
0 0.321875 0.0328125 0.05390625 0.065625
0 0.61953125 0.23203125 0.05234375 0.13203125
0 0.56875 0.3140625 0.0453125 0.23671875
0 0.56640625 0.184375 0.0453125 0.134375
0 0.77421875 0.01953125 0.02890625 0.0390625
0 0.62265625 0.38359375 0.0484375 0.2
0 0.6140625 0.6984375 0.04140625 0.225
0 0.82734375 0.16875 0.034375 0.17109375
0 0.46953125 0.31875 0.04375 0.178125
0 0.51171875 0.30546875 0.03828125 0.1953125
0 0.459375 0.0265625 0.0375 0.053125
0 0.46171875 0.09921875 0.04296875 0.1734375
0 0.4921875 0.1109375 0.03984375 0.178125
0 0.17109375 0.05 0.03203125 0.1
0 0.80390625 0.0390625 0.03046875 0.078125
0 0.0109375 0.56953125 0.021875 0.23125
0 0.73984375 0.03515625 0.0328125 0.0703125
0 0.5921875 0.07578125 0.04140625 0.1515625
0 0.1109375 0.06328125 0.0328125 0.1265625
0 0.07421875 0.06875 0.04140625 0.13671875
0 0.54453125 0.084375 0.04296875 0.16796875
0 0.3796875 0.5296875 0.05390625 0.25859375
0 0.21640625 0.16484375 0.046875 0.1828125
0 0.01171875 0.34453125 0.0234375 0.2
0 0.01796875 0.2546875 0.0359375 0.18359375
0 0.0578125 0.2609375 0.0453125 0.17109375
0 0.10234375 0.3578125 0.0484375 0.178125
0 0.85 0.246875 0.04375 0.190625
0 0.89375 0.34765625 0.04921875 0.2078125
0 0.7390625 0.18671875 0.0328125 0.16875
0 0.77890625 0.17421875 0.04375 0.14921875
0 0.784375 0.29765625 0.04375 0.1609375
0 0.7671875 0.42734375 0.05390625 0.165625
0 0.75078125 0.5765625 0.046875 0.225
0 0.409375 0.17734375 0.03671875 0.1734375
0 0.4015625 0.071875 0.03671875 0.14375
0 0.44375 0.49296875 0.04921875 0.21953125
0 0.55 0.5375 0.0484375 0.21953125