0 0.33515625 0.80859375 0.05859375 0.22265625
0 0.759375 0.65703125 0.0515625 0.21484375
0 0.73203125 0.5453125 0.04921875 0.22734375
0 0.6734375 0.0953125 0.05 0.13515625
0 0.6734375 0.0421875 0.053125 0.084375
0 0.38046875 0.25 0.0515625 0.13046875
0 0.4296875 0.33125 0.04453125 0.234375
0 0.4328125 0.203125 0.04453125 0.1328125
0 0.2265625 0.13671875 0.03671875 0.13984375
0 0.43203125 0.0640625 0.0390625 0.128125
0 0.22734375 0.0296875 0.02890625 0.059375
0 0.37734375 0.4 0.04765625 0.1984375
0 0.3859375 0.71171875 0.040625 0.22265625
0 0.17421875 0.1875 0.03359375 0.16953125
0 0.20546875 0.271875 0.03671875 0.17421875
0 0.23359375 0.34453125 0.040625 0.18359375
0 0.52890625 0.3359375 0.04375 0.1765625
0 0.48671875 0.32265625 0.03828125 0.19375
0 0.57109375 0.13046875 0.04453125 0.171875
0 0.53828125 0.03671875 0.03671875 0.0734375
0 0.5359375 0.11796875 0.0421875 0.171875
0 0.50625 0.13046875 0.0390625 0.1765625
0 0.8 0.06796875 0.03125 0.1359375
0 0.82421875 0.059375 0.03125 0.11875
0 0.9296875 0.10390625 0.03828125 0.15703125
0 0.2546875 0.128125 0.03671875 0.1671875
0 0.1984375 0.04921875 0.0296875 0.09765625
0 0.9921875 0.30390625 0.01484375 0.20625
0 0.45078125 0.628125 0.05859375 0.2296875
0 0.53671875 0.57265625 0.05703125 0.2203125
0 0.60390625 0.5015625 0.05 0.24140625
0 0.91796875 0.24375 0.04453125 0.16171875
0 0.98515625 0.58359375 0.0296875 0.2296875
0 0.86328125 0.3234375 0.04453125 0.1671875
0 0.8703125 0.0640625 0.03125 0.128125
0 0.14296875 0.30078125 0.04609375 0.19375
0 0.10546875 0.30703125 0.0421875 0.1859375
0 0.24140625 0.52578125 0.053125 0.22734375
0 0.40625 0.74296875 0.0546875 0.2515625
0 0.58203125 0.06640625 0.03671875 0.13046875
0 0.2609375 0.0453125 0.0328125 0.08984375
0 0.96953125 0.24375 0.04453125 0.16171875
0 0.97734375 0.32578125 0.0453125 0.20078125
0 0.74765625 0.20546875 0.0390625 0.1765625
0 0.4078125 0.0859375 0.040625 0.16953125