0 0.68359375 0.7890625 0.059375 0.225
0 0.25390625 0.63671875 0.05234375 0.2171875
0 0.28125 0.52265625 0.04921875 0.2296875
0 0.34140625 0.06875 0.05078125 0.13671875
0 0.33984375 0.0296875 0.05390625 0.05859375
0 0.6375 0.225 0.05234375 0.13203125
0 0.5875 0.30703125 0.0453125 0.23671875
0 0.584375 0.17734375 0.0453125 0.134375
0 0.7921875 0.01640625 0.02890625 0.03203125
0 0.640625 0.3765625 0.0484375 0.2
0 0.63203125 0.69140625 0.04140625 0.225
0 0.8453125 0.16171875 0.034375 0.17109375
0 0.4875 0.31171875 0.04375 0.178125
0 0.53046875 0.2984375 0.03828125 0.1953125
0 0.47734375 0.0234375 0.0375 0.046875
0 0.48046875 0.0921875 0.04296875 0.1734375
0 0.51015625 0.10390625 0.03984375 0.178125
0 0.18984375 0.04609375 0.0328125 0.0921875
0 0.821875 0.0359375 0.03046875 0.07109375
0 0.0203125 0.56328125 0.03984375 0.23125
0 0.75859375 0.03203125 0.0328125 0.06328125
0 0.6109375 0.071875 0.040625 0.14375
0 0.12890625 0.06015625 0.0328125 0.1203125
0 0.0921875 0.06484375 0.04140625 0.1296875
0 0.5625 0.08046875 0.04296875 0.1609375
0 0.39765625 0.52265625 0.05390625 0.25859375
0 0.23515625 0.1578125 0.046875 0.1828125
0 0.02109375 0.3375 0.0421875 0.2
0 0.028125 0.2484375 0.05078125 0.1828125
0 0.0765625 0.2546875 0.0453125 0.17109375
0 0.1203125 0.35078125 0.0484375 0.178125
0 0.86796875 0.23984375 0.04375 0.190625
0 0.91171875 0.34140625 0.04921875 0.2078125
0 0.75703125 0.1796875 0.0328125 0.16875
0 0.796875 0.16796875 0.04375 0.14921875
0 0.80234375 0.290625 0.04375 0.1609375
0 0.78515625 0.4203125 0.05390625 0.165625
0 0.76953125 0.56953125 0.046875 0.225
0 0.428125 0.1703125 0.03671875 0.1734375
0 0.41953125 0.06875 0.0375 0.13671875
0 0.46171875 0.4859375 0.04921875 0.21953125
0 0.56796875 0.53046875 0.0484375 0.21953125