0 0.3125 0.8484375 0.0609375 0.23125
0 0.75390625 0.690625 0.05390625 0.22421875
0 0.72578125 0.57421875 0.05078125 0.23671875
0 0.6640625 0.10625 0.05234375 0.140625
0 0.665625 0.04765625 0.05546875 0.0953125
0 0.36015625 0.2671875 0.05390625 0.1359375
0 0.41171875 0.3515625 0.046875 0.24375
0 0.4140625 0.21796875 0.046875 0.13828125
0 0.19921875 0.14921875 0.03828125 0.14609375
0 0.20078125 0.034375 0.0296875 0.06875
0 0.35625 0.42265625 0.04921875 0.20625
0 0.365625 0.74765625 0.0421875 0.23125
0 0.14609375 0.2015625 0.03515625 0.17578125
0 0.178125 0.28984375 0.03828125 0.18125
0 0.20703125 0.36484375 0.0421875 0.19140625
0 0.5140625 0.35625 0.0453125 0.18359375
0 0.4703125 0.3421875 0.03984375 0.2015625
0 0.55859375 0.14296875 0.046875 0.17890625
0 0.5234375 0.04140625 0.0375 0.0828125
0 0.521875 0.1296875 0.04375 0.17890625
0 0.490625 0.14296875 0.040625 0.18359375
0 0.82109375 0.065625 0.0328125 0.13046875
0 0.22890625 0.13984375 0.03828125 0.1734375
0 0.1703125 0.0546875 0.03125 0.10859375
0 0.99375 0.3234375 0.01171875 0.2140625
0 0.91875 0.2609375 0.046875 0.16875
0 0.98671875 0.61484375 0.02578125 0.23828125
0 0.86171875 0.34375 0.046875 0.1734375
0 0.21484375 0.55390625 0.05546875 0.23671875
0 0.56953125 0.07578125 0.03828125 0.1359375
0 0.23515625 0.05 0.0328125 0.1
0 0.971875 0.2609375 0.046875 0.16875
0 0.978125 0.3453125 0.04375 0.209375
0 0.7421875 0.2203125 0.040625 0.18359375
0 0.38828125 0.09609375 0.0421875 0.17578125
0 0.8828125 0.08359375 0.03359375 0.15078125
0 0.9203125 0.084375 0.0421875 0.16875
0 0.43671875 0.1109375 0.04375 0.18125
0 0.60625 0.57421875 0.05546875 0.26640625
0 0.5296875 0.56171875 0.0625 0.2265625
0 0.434375 0.61953125 0.0609375 0.23125
0 0.08359375 0.36796875 0.04921875 0.2015625
0 0.0984375 0.28984375 0.05078125 0.17578125