0 0.65546875 0.79140625 0.06484375 0.24609375
0 0.18515625 0.62421875 0.05703125 0.23828125
0 0.21484375 0.49921875 0.05390625 0.2515625
0 0.28046875 0.03828125 0.05625 0.07578125
0 0.6046875 0.17265625 0.05703125 0.14453125
0 0.55 0.2625 0.05 0.259375
0 0.546875 0.12109375 0.05 0.146875
0 0.60859375 0.3390625 0.05234375 0.21953125
0 0.5984375 0.684375 0.0453125 0.24609375
0 0.8328125 0.103125 0.0375 0.1875
0 0.440625 0.26796875 0.0484375 0.1953125
0 0.4875 0.253125 0.0421875 0.2140625
0 0.4328125 0.0609375 0.046875 0.121875
0 0.46640625 0.06875 0.0421875 0.1375
0 0.575 0.0421875 0.0453125 0.084375
0 0.0484375 0.02890625 0.0359375 0.0578125
0 0.015625 0.034375 0.03125 0.06875
0 0.52265625 0.0515625 0.046875 0.103125
0 0.3421875 0.49921875 0.05859375 0.28359375
0 0.16484375 0.09921875 0.0515625 0.1984375
0 0.0078125 0.2046875 0.01484375 0.1875
0 0.03828125 0.3109375 0.05234375 0.1953125
0 0.85703125 0.1890625 0.0484375 0.20859375
0 0.90546875 0.3 0.05390625 0.22734375
0 0.7359375 0.1234375 0.0359375 0.184375
0 0.77890625 0.11015625 0.0484375 0.16328125
0 0.78515625 0.2453125 0.0484375 0.1765625
0 0.76640625 0.38671875 0.05859375 0.18203125
0 0.74921875 0.55 0.05078125 0.24609375
0 0.375 0.1125 0.040625 0.18984375
0 0.36640625 0.03828125 0.040625 0.07578125
0 0.4125 0.459375 0.05390625 0.240625
0 0.52890625 0.5078125 0.05234375 0.240625