0 0.28515625 0.796875 0.0609375 0.2328125
0 0.7296875 0.63828125 0.05390625 0.225
0 0.70078125 0.52109375 0.0515625 0.2375
0 0.6390625 0.06015625 0.053125 0.1203125
0 0.63984375 0.01953125 0.0546875 0.0390625
0 0.3328125 0.21171875 0.05390625 0.13671875
0 0.384375 0.296875 0.046875 0.2453125
0 0.3875 0.1625 0.046875 0.1390625
0 0.17109375 0.09296875 0.03828125 0.146875
0 0.3875 0.0421875 0.040625 0.084375
0 0.32890625 0.36875 0.05 0.2078125
0 0.33828125 0.6953125 0.04296875 0.2328125
0 0.1171875 0.14609375 0.0359375 0.17734375
0 0.15 0.23515625 0.03828125 0.18203125
0 0.17890625 0.3109375 0.04296875 0.1921875
0 0.4875 0.3015625 0.0453125 0.184375
0 0.44375 0.28828125 0.03984375 0.20234375
0 0.5328125 0.08828125 0.046875 0.17578125
0 0.49765625 0.01328125 0.0390625 0.0265625
0 0.4953125 0.08203125 0.04453125 0.1640625
0 0.4640625 0.08984375 0.040625 0.17890625
0 0.77265625 0.046875 0.0328125 0.09296875
0 0.796875 0.0375 0.0328125 0.075
0 0.90703125 0.0703125 0.03984375 0.140625
0 0.2 0.08515625 0.0375 0.1703125
0 0.1421875 0.0265625 0.03125 0.05234375
0 0.9828125 0.26875 0.034375 0.215625
0 0.40625 0.6078125 0.0609375 0.240625
0 0.49609375 0.55 0.059375 0.23046875
0 0.56640625 0.475 0.05234375 0.253125
0 0.8953125 0.20546875 0.046875 0.16953125
0 0.975 0.56171875 0.05 0.2390625
0 0.83828125 0.2890625 0.046875 0.17421875
0 0.84609375 0.0421875 0.0328125 0.084375
0 0.08359375 0.26484375 0.0484375 0.20234375
0 0.04453125 0.271875 0.04375 0.19453125
0 0.18671875 0.50078125 0.05546875 0.2375
0 0.36015625 0.728125 0.05703125 0.26328125
0 0.54296875 0.04375 0.0390625 0.0875
0 0.2078125 0.02265625 0.034375 0.04453125
0 0.94921875 0.20546875 0.046875 0.16953125
0 0.96015625 0.29140625 0.0515625 0.21015625
0 0.7171875 0.16484375 0.04140625 0.184375
0 0.36015625 0.0640625 0.0421875 0.128125