0 0.65 0.8578125 0.06171875 0.234375
0 0.203125 0.6984375 0.0546875 0.2265625
0 0.23203125 0.5796875 0.0515625 0.2390625
0 0.29453125 0.10625 0.053125 0.1421875
0 0.29375 0.04765625 0.05625 0.0953125
0 0.60234375 0.26953125 0.0546875 0.1375
0 0.55 0.3546875 0.046875 0.246875
0 0.54765625 0.21953125 0.046875 0.13984375
0 0.76484375 0.15 0.03828125 0.14765625
0 0.54765625 0.07109375 0.04140625 0.14140625
0 0.76328125 0.034375 0.03046875 0.06796875
0 0.60625 0.42734375 0.05 0.20859375
0 0.596875 0.75546875 0.04296875 0.234375
0 0.81875 0.203125 0.0359375 0.178125
0 0.7859375 0.2921875 0.03828125 0.18359375
0 0.75703125 0.36875 0.04296875 0.19375
0 0.446875 0.359375 0.04609375 0.1859375
0 0.490625 0.34609375 0.03984375 0.20390625
0 0.4015625 0.14296875 0.046875 0.18046875
0 0.43671875 0.04140625 0.0390625 0.0828125
0 0.43828125 0.13046875 0.04453125 0.18046875
0 0.4703125 0.14296875 0.04140625 0.1859375
0 0.16015625 0.075 0.0328125 0.15
0 0.1359375 0.065625 0.0328125 0.13125
0 0.02421875 0.115625 0.03984375 0.165625
0 0.734375 0.140625 0.03828125 0.17578125
0 0.79453125 0.0546875 0.03125 0.10859375
0 0.52890625 0.66796875 0.06171875 0.2421875
0 0.43828125 0.609375 0.06015625 0.23203125
0 0.3671875 0.534375 0.053125 0.2546875
0 0.03671875 0.26328125 0.046875 0.1703125
0 0.09375 0.346875 0.046875 0.17578125
0 0.08515625 0.07109375 0.0328125 0.14140625
0 0.85234375 0.32265625 0.0484375 0.20390625
0 0.8921875 0.32890625 0.04453125 0.19609375
0 0.74921875 0.559375 0.05546875 0.2390625
0 0.575 0.7890625 0.05703125 0.26484375
0 0.38984375 0.07578125 0.03828125 0.1375
0 0.728125 0.05078125 0.034375 0.10078125
0 0.215625 0.221875 0.04140625 0.1859375
0 0.5734375 0.09609375 0.04296875 0.178125