0 0.66875 0.80625 0.05703125 0.2171875
0 0.253125 0.65859375 0.05078125 0.21015625
0 0.2796875 0.5484375 0.04765625 0.221875
0 0.3375 0.109375 0.04921875 0.13203125
0 0.3359375 0.05 0.05234375 0.09921875
0 0.62421875 0.26015625 0.05078125 0.12734375
0 0.57578125 0.33984375 0.04375 0.22890625
0 0.57265625 0.2140625 0.04375 0.1296875
0 0.775 0.14921875 0.0359375 0.13671875
0 0.7734375 0.03671875 0.028125 0.0734375
0 0.62734375 0.40703125 0.046875 0.19375
0 0.61875 0.71171875 0.03984375 0.2171875
0 0.82578125 0.19921875 0.03359375 0.165625
0 0.79453125 0.28203125 0.0359375 0.1703125
0 0.7671875 0.35234375 0.03984375 0.1796875
0 0.47890625 0.34453125 0.0421875 0.17265625
0 0.5203125 0.33125 0.0375 0.1890625
0 0.43671875 0.14375 0.04375 0.16796875
0 0.46953125 0.04375 0.0359375 0.0875
0 0.471875 0.13125 0.04140625 0.16796875
0 0.50078125 0.14375 0.03828125 0.17265625
0 0.18984375 0.06640625 0.03046875 0.13203125
0 0.746875 0.14140625 0.0359375 0.16328125
0 0.803125 0.05546875 0.028125 0.1109375
0 0.01640625 0.31328125 0.0328125 0.2015625
0 0.09765625 0.2546875 0.04375 0.15859375
0 0.0234375 0.58671875 0.046875 0.2234375
0 0.1515625 0.3328125 0.04375 0.16328125
0 0.76015625 0.5296875 0.0515625 0.221875
0 0.4265625 0.08046875 0.0359375 0.12734375
0 0.740625 0.05234375 0.03203125 0.10390625
0 0.04765625 0.2546875 0.04375 0.15859375
0 0.0375 0.33515625 0.04765625 0.19609375
0 0.2640625 0.21640625 0.03828125 0.17265625
0 0.59765625 0.1 0.03984375 0.165625
0 0.13203125 0.08828125 0.03203125 0.14140625
0 0.09609375 0.0890625 0.03984375 0.15859375
0 0.5515625 0.1140625 0.04140625 0.1703125
0 0.3921875 0.5484375 0.0515625 0.25078125
0 0.4640625 0.53671875 0.05859375 0.2125
0 0.55390625 0.59140625 0.05703125 0.2171875
0 0.88359375 0.3546875 0.046875 0.1890625
0 0.8703125 0.28203125 0.04765625 0.165625