0 0.67109375 0.79140625 0.05625 0.21328125
0 0.2640625 0.646875 0.04921875 0.20625
0 0.290625 0.5390625 0.046875 0.21796875
0 0.346875 0.10859375 0.0484375 0.1296875
0 0.3453125 0.05 0.05078125 0.09921875
0 0.62734375 0.25703125 0.04921875 0.125
0 0.5796875 0.334375 0.04296875 0.22421875
0 0.57734375 0.21171875 0.04296875 0.12734375
0 0.775 0.1484375 0.03515625 0.134375
0 0.775 0.03671875 0.028125 0.0734375
0 0.63125 0.40078125 0.0453125 0.18984375
0 0.62265625 0.69921875 0.0390625 0.21328125
0 0.825 0.196875 0.0328125 0.16171875
0 0.7953125 0.278125 0.03515625 0.16640625
0 0.76796875 0.346875 0.0390625 0.17578125
0 0.4859375 0.3390625 0.04140625 0.16875
0 0.52578125 0.3265625 0.03671875 0.18515625
0 0.44453125 0.1421875 0.04296875 0.1640625
0 0.4765625 0.04375 0.034375 0.0875
0 0.478125 0.13046875 0.040625 0.1640625
0 0.50703125 0.1421875 0.0375 0.16875
0 0.20234375 0.065625 0.0296875 0.13125
0 0.7484375 0.13984375 0.03515625 0.159375
0 0.80234375 0.05546875 0.02890625 0.1109375
0 0.028125 0.309375 0.040625 0.196875
0 0.1125 0.25078125 0.04296875 0.15546875
0 0.03125 0.57734375 0.06015625 0.21953125
0 0.16484375 0.32734375 0.04296875 0.159375
0 0.7609375 0.52109375 0.05078125 0.21796875
0 0.434375 0.08125 0.03515625 0.125
0 0.7421875 0.05234375 0.03125 0.10390625
0 0.06328125 0.25078125 0.04296875 0.15546875
0 0.053125 0.3296875 0.046875 0.1921875
0 0.275 0.2140625 0.0375 0.16875
0 0.6015625 0.09921875 0.0390625 0.16171875
0 0.14609375 0.08828125 0.03125 0.1390625
0 0.1109375 0.0890625 0.0390625 0.15546875
0 0.55625 0.11328125 0.040625 0.16640625
0 0.4 0.5390625 0.05078125 0.2453125
0 0.47109375 0.528125 0.05703125 0.20859375
0 0.559375 0.58125 0.05625 0.21328125
0 0.88203125 0.34921875 0.0453125 0.18515625
0 0.86875 0.278125 0.046875 0.16171875