0 0.6703125 0.80390625 0.0578125 0.22109375
0 0.2484375 0.65390625 0.0515625 0.2140625
0 0.27578125 0.5421875 0.0484375 0.22578125
0 0.334375 0.09453125 0.05 0.134375
0 0.3328125 0.0421875 0.053125 0.084375
0 0.62578125 0.2484375 0.0515625 0.1296875
0 0.57578125 0.32890625 0.04453125 0.2328125
0 0.5734375 0.2015625 0.04453125 0.13203125
0 0.77890625 0.1359375 0.03671875 0.1390625
0 0.5734375 0.0640625 0.0390625 0.128125
0 0.77734375 0.0296875 0.02890625 0.05859375
0 0.62890625 0.39765625 0.04765625 0.196875
0 0.6203125 0.7078125 0.040625 0.22109375
0 0.83046875 0.1859375 0.03359375 0.16796875
0 0.79921875 0.2703125 0.03671875 0.1734375
0 0.77109375 0.3421875 0.040625 0.1828125
0 0.478125 0.33359375 0.04296875 0.17578125
0 0.5203125 0.3203125 0.0375 0.1921875
0 0.43515625 0.1296875 0.04453125 0.1703125
0 0.46796875 0.03671875 0.03671875 0.0734375
0 0.4703125 0.1171875 0.0421875 0.1703125
0 0.50078125 0.1296875 0.0390625 0.17578125
0 0.20703125 0.06796875 0.03046875 0.1359375
0 0.184375 0.059375 0.03125 0.11796875
0 0.0796875 0.103125 0.0375 0.15625
0 0.75078125 0.12734375 0.03671875 0.165625
0 0.80703125 0.0484375 0.0296875 0.096875
0 0.0125 0.30234375 0.02421875 0.2046875
0 0.55546875 0.625 0.0578125 0.228125
0 0.4703125 0.56953125 0.05703125 0.21875
0 0.403125 0.4984375 0.05 0.240625
0 0.090625 0.2421875 0.04453125 0.1609375
0 0.01875 0.58125 0.0375 0.228125
0 0.1453125 0.321875 0.04453125 0.165625
0 0.13671875 0.0640625 0.03046875 0.128125
0 0.86171875 0.29921875 0.04609375 0.1921875
0 0.89921875 0.3046875 0.0421875 0.18515625
0 0.7640625 0.52265625 0.05234375 0.22578125
0 0.6 0.7390625 0.05390625 0.25
0 0.425 0.065625 0.03671875 0.1296875
0 0.74453125 0.04453125 0.0328125 0.0890625
0 0.03984375 0.2421875 0.04453125 0.1609375
0 0.0296875 0.32421875 0.0484375 0.19921875
0 0.26015625 0.20390625 0.0390625 0.17578125
0 0.5984375 0.08515625 0.040625 0.16796875