0 0.67734375 0.79765625 0.05625 0.215625
0 0.26640625 0.6515625 0.05 0.20859375
0 0.2921875 0.54296875 0.04765625 0.2203125
0 0.34921875 0.10703125 0.0484375 0.13125
0 0.34921875 0.0484375 0.0515625 0.096875
0 0.6328125 0.25703125 0.05 0.1265625
0 0.58515625 0.33515625 0.04375 0.22734375
0 0.5828125 0.21171875 0.04375 0.12890625
0 0.7828125 0.146875 0.03515625 0.1359375
0 0.78125 0.0359375 0.028125 0.071875
0 0.63671875 0.40234375 0.04609375 0.1921875
0 0.628125 0.70390625 0.03984375 0.215625
0 0.8328125 0.19609375 0.0328125 0.1640625
0 0.80234375 0.278125 0.03515625 0.16875
0 0.775 0.3484375 0.03984375 0.178125
0 0.48984375 0.33984375 0.0421875 0.17109375
0 0.53046875 0.32734375 0.03671875 0.1875
0 0.4484375 0.14140625 0.04375 0.16640625
0 0.4796875 0.04296875 0.0359375 0.0859375
0 0.4828125 0.1296875 0.040625 0.16640625
0 0.51171875 0.14140625 0.03828125 0.17109375
0 0.2046875 0.06484375 0.03125 0.1296875
0 0.7546875 0.1390625 0.03515625 0.16171875
0 0.809375 0.0546875 0.02890625 0.109375
0 0.03046875 0.58125 0.06015625 0.22265625
0 0.76796875 0.52421875 0.0515625 0.2203125
0 0.4375 0.07890625 0.03515625 0.1265625
0 0.75 0.05078125 0.03125 0.1015625
0 0.60703125 0.09765625 0.03984375 0.1640625
0 0.14609375 0.0859375 0.03125 0.140625
0 0.1109375 0.0875 0.03984375 0.15703125
0 0.56171875 0.11171875 0.040625 0.16875
0 0.40390625 0.54296875 0.0515625 0.2484375
0 0.475 0.53125 0.0578125 0.2109375
0 0.5640625 0.584375 0.05625 0.215625
0 0.890625 0.35078125 0.04609375 0.1875
0 0.8765625 0.278125 0.04765625 0.1640625
0 0.24765625 0.19296875 0.04453125 0.17578125
0 0.01171875 0.36640625 0.0234375 0.1828125
0 0.0390625 0.36484375 0.04609375 0.1921875
0 0.04921875 0.27890625 0.0484375 0.17578125
0 0.0953125 0.28515625 0.04375 0.1640625
0 0.1375 0.37734375 0.04609375 0.17109375