0 0.68828125 0.88046875 0.0640625 0.2390625
0 0.2296875 0.71875 0.05546875 0.23203125
0 0.25859375 0.59765625 0.053125 0.2453125
0 0.32265625 0.1125 0.05390625 0.14609375
0 0.32109375 0.05078125 0.0578125 0.1015625
0 0.63828125 0.27890625 0.05546875 0.140625
0 0.58515625 0.36640625 0.0484375 0.253125
0 0.58203125 0.228125 0.0484375 0.14375
0 0.803125 0.03671875 0.03125 0.0734375
0 0.6421875 0.44140625 0.0515625 0.2140625
0 0.6328125 0.77734375 0.04375 0.23984375
0 0.86015625 0.21171875 0.03671875 0.1828125
0 0.47890625 0.371875 0.046875 0.190625
0 0.52421875 0.3578125 0.04140625 0.20859375
0 0.46796875 0.04453125 0.03984375 0.0890625
0 0.4703125 0.13671875 0.0453125 0.18515625
0 0.503125 0.15 0.0421875 0.190625
0 0.16015625 0.06875 0.034375 0.1375
0 0.8359375 0.05703125 0.03125 0.1140625
0 0.7671875 0.053125 0.03515625 0.10625
0 0.609375 0.1015625 0.04375 0.1828125
0 0.09609375 0.0890625 0.03515625 0.15625
0 0.05625 0.08984375 0.04375 0.175
0 0.55859375 0.1171875 0.0453125 0.18828125
0 0.3828125 0.59765625 0.05703125 0.2765625
0 0.20859375 0.2078125 0.05 0.19609375
0 0.0078125 0.30390625 0.015625 0.19609375
0 0.03984375 0.31015625 0.0484375 0.1828125
0 0.08671875 0.41328125 0.0515625 0.190625
0 0.884375 0.29453125 0.046875 0.20390625
0 0.93125 0.403125 0.053125 0.221875
0 0.765625 0.23125 0.03515625 0.1796875
0 0.80859375 0.21796875 0.046875 0.159375
0 0.8140625 0.35 0.046875 0.171875
0 0.79609375 0.48828125 0.05703125 0.17734375
0 0.77890625 0.646875 0.05 0.23984375
0 0.41484375 0.2203125 0.03984375 0.18515625
0 0.40625 0.10859375 0.03984375 0.15390625
0 0.45078125 0.55859375 0.053125 0.23515625
0 0.5640625 0.60546875 0.0515625 0.23515625