0 0.3265625 0.81484375 0.0640625 0.24296875
0 0.790625 0.65 0.05625 0.23515625
0 0.7609375 0.52734375 0.053125 0.2484375
0 0.69609375 0.0546875 0.05546875 0.10859375
0 0.69765625 0.0125 0.0578125 0.02421875
0 0.3765625 0.2046875 0.05625 0.14296875
0 0.43046875 0.29296875 0.04921875 0.25625
0 0.43359375 0.153125 0.04921875 0.1453125
0 0.37265625 0.36875 0.05234375 0.21640625
0 0.1515625 0.1359375 0.0375 0.18515625
0 0.53828125 0.2984375 0.04765625 0.19296875
0 0.4921875 0.28359375 0.04140625 0.21171875
0 0.54609375 0.07734375 0.04609375 0.1546875
0 0.51328125 0.08515625 0.04296875 0.1703125
0 0.8609375 0.03046875 0.034375 0.0609375
0 0.17734375 0.01875 0.0328125 0.0375
0 0.24609375 0.01484375 0.0359375 0.0296875
0 0.40625 0.05859375 0.04453125 0.1171875
0 0.45703125 0.06796875 0.04609375 0.13515625
0 0.81171875 0.13203125 0.05078125 0.1984375
0 0.93515625 0.340625 0.05234375 0.19296875
0 0.24765625 0.15546875 0.0359375 0.18203125
0 0.20390625 0.1421875 0.04765625 0.1609375
0 0.1984375 0.27578125 0.04765625 0.17421875
0 0.2171875 0.415625 0.0578125 0.1796875
0 0.23359375 0.57734375 0.05078125 0.24296875
0 0.603125 0.1453125 0.03984375 0.1875
0 0.61171875 0.0546875 0.040625 0.10859375
0 0.56640625 0.4875 0.053125 0.2375
0 0.4515625 0.53515625 0.05234375 0.2375
0 0.65859375 0.621875 0.0625 0.28515625
0 0.40234375 0.71953125 0.0578125 0.259375
0 0.98828125 0.25546875 0.0234375 0.1984375
0 0.140625 0.203125 0.04453125 0.203125
0 0.065625 0.35 0.0546875 0.22734375
0 0.9359375 0.03203125 0.034375 0.0640625
0 0.95 0.0703125 0.034375 0.140625