0 0.325 0.803125 0.05703125 0.21640625
0 0.73828125 0.65625 0.05 0.209375
0 0.71171875 0.546875 0.04765625 0.22109375
0 0.6546875 0.10859375 0.04921875 0.13203125
0 0.65546875 0.04921875 0.0515625 0.0984375
0 0.36953125 0.259375 0.05 0.12734375
0 0.41796875 0.33828125 0.04375 0.228125
0 0.4203125 0.21328125 0.04375 0.1296875
0 0.21953125 0.1484375 0.0359375 0.13671875
0 0.2203125 0.03671875 0.028125 0.0734375
0 0.365625 0.40546875 0.04609375 0.19296875
0 0.37421875 0.709375 0.03984375 0.21640625
0 0.16875 0.1984375 0.0328125 0.16484375
0 0.19921875 0.28046875 0.0359375 0.16953125
0 0.2265625 0.3515625 0.03984375 0.17890625
0 0.51328125 0.34296875 0.0421875 0.171875
0 0.47265625 0.3296875 0.03671875 0.18828125
0 0.55546875 0.14296875 0.04375 0.1671875
0 0.5234375 0.04375 0.0359375 0.0875
0 0.52109375 0.13125 0.040625 0.1671875
0 0.49140625 0.14296875 0.03828125 0.171875
0 0.8 0.065625 0.03125 0.13125
0 0.246875 0.140625 0.0359375 0.1625
0 0.1921875 0.05546875 0.02890625 0.1109375
0 0.971875 0.58515625 0.05546875 0.2234375
0 0.23359375 0.528125 0.0515625 0.22109375
0 0.565625 0.08046875 0.0359375 0.12734375
0 0.25234375 0.0515625 0.0328125 0.103125
0 0.39609375 0.09921875 0.03984375 0.16484375
0 0.85859375 0.0875 0.03203125 0.14140625
0 0.89453125 0.0890625 0.03984375 0.1578125
0 0.44140625 0.11328125 0.040625 0.16953125
0 0.6 0.546875 0.0515625 0.24921875
0 0.528125 0.53515625 0.0578125 0.21171875
0 0.4390625 0.5890625 0.05703125 0.21640625
0 0.1109375 0.35390625 0.04609375 0.18828125
0 0.12421875 0.28046875 0.04765625 0.16484375
0 0.75703125 0.19453125 0.0453125 0.1765625
0 0.99140625 0.36953125 0.0171875 0.18359375
0 0.96640625 0.36796875 0.04609375 0.19296875
0 0.95625 0.28203125 0.04921875 0.1765625
0 0.909375 0.2875 0.04375 0.16484375
0 0.8671875 0.38046875 0.04609375 0.171875