0 0.321875 0.79765625 0.0578125 0.21875
0 0.7390625 0.64921875 0.05078125 0.21171875
0 0.7125 0.53828125 0.0484375 0.2234375
0 0.6546875 0.09609375 0.04921875 0.1328125
0 0.6546875 0.04296875 0.053125 0.0859375
0 0.36640625 0.2484375 0.05078125 0.128125
0 0.41484375 0.328125 0.04375 0.23046875
0 0.41796875 0.20234375 0.04375 0.13046875
0 0.1796875 0.09765625 0.028125 0.09765625
0 0.21484375 0.13671875 0.0359375 0.1375
0 0.1828125 0.05859375 0.0296875 0.0859375
0 0.41796875 0.06484375 0.03828125 0.12890625
0 0.384375 0.0640625 0.0390625 0.12734375
0 0.8390625 0.05859375 0.034375 0.1171875
0 0.98125 0.415625 0.0375 0.1015625
0 0.80546875 0.253125 0.04375 0.15234375
0 0.79921875 0.11328125 0.034375 0.11875
0 0.0765625 0.3421875 0.04140625 0.1828125
0 0.215625 0.03046875 0.028125 0.0609375
0 0.36328125 0.39609375 0.046875 0.19453125
0 0.371875 0.70234375 0.03984375 0.21875
0 0.421875 0.7609375 0.0578125 0.2640625
0 0.440625 0.65390625 0.05234375 0.23515625
0 0.52109375 0.59296875 0.0546875 0.2234375
0 0.578125 0.4390625 0.05234375 0.228125
0 0.68515625 0.22578125 0.04375 0.1734375
0 0.1640625 0.18671875 0.03359375 0.16640625
0 0.15 0.26796875 0.0453125 0.18046875
0 0.19453125 0.2703125 0.0359375 0.17109375
0 0.221875 0.34140625 0.03984375 0.18046875
0 0.215625 0.496875 0.046875 0.22109375
0 0.51171875 0.3328125 0.04296875 0.1734375
0 0.4703125 0.31953125 0.0375 0.18984375
0 0.54921875 0.04453125 0.03203125 0.0890625
0 0.55390625 0.13125 0.04375 0.16875
0 0.521875 0.0375 0.03671875 0.075
0 0.51953125 0.11875 0.04140625 0.16875
0 0.48984375 0.13125 0.0390625 0.1734375
0 0.7796875 0.06875 0.03046875 0.13671875
0 0.80234375 0.06015625 0.03125 0.11953125
0 0.90625 0.1046875 0.0375 0.1546875
0 0.87890625 0.21796875 0.04375 0.16171875
0 0.928125 0.209375 0.03984375 0.16875
0 0.9328125 0.2828125 0.04140625 0.20234375
0 0.96953125 0.28203125 0.0359375 0.2
0 0.96171875 0.52890625 0.05234375 0.18984375
0 0.98984375 0.52734375 0.0203125 0.1828125
0 0.24296875 0.12890625 0.0359375 0.1640625