0 0.66328125 0.82421875 0.06328125 0.24140625
0 0.20234375 0.66015625 0.05625 0.23359375
0 0.23203125 0.53828125 0.053125 0.246875
0 0.29609375 0.06171875 0.0546875 0.12265625
0 0.29453125 0.01953125 0.0578125 0.0390625
0 0.6140625 0.21796875 0.05625 0.1421875
0 0.56015625 0.30625 0.0484375 0.2546875
0 0.55703125 0.16640625 0.0484375 0.14453125
0 0.61796875 0.38046875 0.0515625 0.215625
0 0.6078125 0.71953125 0.04453125 0.24140625
0 0.8375 0.15 0.03671875 0.18359375
0 0.453125 0.3109375 0.046875 0.19140625
0 0.4984375 0.296875 0.04140625 0.21015625
0 0.4421875 0.01328125 0.03984375 0.0265625
0 0.4453125 0.084375 0.04609375 0.16796875
0 0.47734375 0.0921875 0.0421875 0.18359375
0 0.1328125 0.0375 0.034375 0.075
0 0.81171875 0.0265625 0.0328125 0.05234375
0 0.74375 0.021875 0.03515625 0.04375
0 0.584375 0.065625 0.04453125 0.13125
0 0.06796875 0.05234375 0.03515625 0.1046875
0 0.028125 0.0578125 0.04453125 0.115625
0 0.534375 0.07421875 0.046875 0.1484375
0 0.35625 0.53828125 0.0578125 0.278125
0 0.18125 0.14609375 0.05 0.196875
0 0.01796875 0.24921875 0.03515625 0.18359375
0 0.05859375 0.353125 0.0515625 0.19140625
0 0.86171875 0.23359375 0.046875 0.2046875
0 0.909375 0.34296875 0.053125 0.2234375
0 0.7421875 0.16953125 0.03515625 0.18125
0 0.78515625 0.15625 0.046875 0.16015625
0 0.79140625 0.2890625 0.046875 0.1734375
0 0.77265625 0.428125 0.0578125 0.17890625
0 0.75546875 0.58828125 0.05 0.24140625
0 0.3890625 0.15859375 0.03984375 0.18671875
0 0.38046875 0.06171875 0.03984375 0.12265625
0 0.425 0.49921875 0.053125 0.23671875
0 0.5390625 0.54609375 0.0515625 0.23671875