0 0.675 0.8078125 0.0578125 0.22109375
0 0.25234375 0.6578125 0.0515625 0.2140625
0 0.2796875 0.5453125 0.0484375 0.22578125
0 0.33828125 0.0984375 0.05 0.134375
0 0.3375 0.04453125 0.053125 0.08828125
0 0.6296875 0.25234375 0.0515625 0.1296875
0 0.58046875 0.3328125 0.04453125 0.2328125
0 0.57734375 0.20546875 0.04453125 0.13203125
0 0.7828125 0.1390625 0.03671875 0.1390625
0 0.78203125 0.03125 0.02890625 0.0625
0 0.6328125 0.4015625 0.04765625 0.196875
0 0.62421875 0.71171875 0.040625 0.22109375
0 0.834375 0.18984375 0.03359375 0.16796875
0 0.803125 0.27421875 0.03671875 0.1734375
0 0.77578125 0.34609375 0.040625 0.1828125
0 0.4828125 0.3375 0.04296875 0.17578125
0 0.52421875 0.32421875 0.0375 0.1921875
0 0.43984375 0.13359375 0.04453125 0.1703125
0 0.47265625 0.03828125 0.03671875 0.0765625
0 0.475 0.12109375 0.0421875 0.1703125
0 0.5046875 0.13359375 0.0390625 0.17578125
0 0.18828125 0.0609375 0.03125 0.121875
0 0.7546875 0.13125 0.03671875 0.165625
0 0.8109375 0.05078125 0.0296875 0.10078125
0 0.02109375 0.58515625 0.0421875 0.228125
0 0.76796875 0.5265625 0.05234375 0.22578125
0 0.42890625 0.06953125 0.03671875 0.1296875
0 0.7484375 0.046875 0.0328125 0.09296875
0 0.60234375 0.0890625 0.040625 0.16796875
0 0.1296875 0.0765625 0.0328125 0.14453125
0 0.09296875 0.0796875 0.040625 0.15859375
0 0.55625 0.103125 0.0421875 0.1734375
0 0.39375 0.5453125 0.05234375 0.2546875
0 0.4671875 0.53359375 0.059375 0.21640625
0 0.55859375 0.5890625 0.0578125 0.22109375
0 0.89375 0.3484375 0.04765625 0.1921875
0 0.8796875 0.27421875 0.0484375 0.16796875
0 0.23359375 0.1859375 0.04609375 0.18046875
0 0.021875 0.36328125 0.04296875 0.196875
0 0.03046875 0.275 0.05 0.18046875
0 0.07734375 0.28125 0.04453125 0.16796875
0 0.12109375 0.3765625 0.04765625 0.17578125