0 0.3015625 0.84296875 0.0625 0.23671875
0 0.75390625 0.68203125 0.0546875 0.22890625
0 0.725 0.5625 0.05234375 0.24140625
0 0.66171875 0.08359375 0.05390625 0.14375
0 0.66328125 0.03671875 0.05703125 0.07265625
0 0.35 0.2484375 0.0546875 0.1390625
0 0.403125 0.334375 0.04765625 0.24921875
0 0.40546875 0.1984375 0.04765625 0.14140625
0 0.1859375 0.12734375 0.0390625 0.14921875
0 0.1875 0.02265625 0.03046875 0.0453125
0 0.346875 0.4078125 0.05078125 0.2109375
0 0.35625 0.73984375 0.04375 0.23671875
0 0.13125 0.18125 0.0359375 0.1796875
0 0.1640625 0.271875 0.0390625 0.18515625
0 0.19375 0.3484375 0.04375 0.1953125
0 0.5078125 0.33984375 0.04609375 0.1875
0 0.46328125 0.32578125 0.040625 0.20546875
0 0.553125 0.12109375 0.04765625 0.1828125
0 0.51875 0.03046875 0.0390625 0.0609375
0 0.515625 0.10859375 0.04453125 0.1828125
0 0.48359375 0.12109375 0.0421875 0.1875
0 0.82265625 0.0546875 0.03359375 0.109375
0 0.21640625 0.11875 0.0390625 0.17734375
0 0.15546875 0.04296875 0.0328125 0.0859375
0 0.92265625 0.2421875 0.04765625 0.17265625
0 0.9890625 0.6046875 0.021875 0.24375
0 0.8640625 0.3265625 0.04765625 0.17734375
0 0.2015625 0.54140625 0.05625 0.24140625
0 0.56484375 0.0609375 0.0390625 0.121875
0 0.22265625 0.0390625 0.034375 0.078125
0 0.9765625 0.24140625 0.046875 0.17265625
0 0.98046875 0.32890625 0.0390625 0.2140625
0 0.74140625 0.20078125 0.0421875 0.1875
0 0.37890625 0.08203125 0.04375 0.16328125
0 0.88515625 0.06875 0.034375 0.1375
0 0.92421875 0.07421875 0.04375 0.1484375
0 0.42890625 0.090625 0.0453125 0.18125
0 0.60234375 0.5625 0.05625 0.27265625
0 0.5234375 0.54921875 0.06328125 0.23125
0 0.42578125 0.60859375 0.0625 0.23671875
0 0.0671875 0.3515625 0.05078125 0.20546875
0 0.0828125 0.271875 0.05234375 0.1796875