0 0.29296875 0.85078125 0.0609375 0.23125
0 0.734375 0.69375 0.05390625 0.22421875
0 0.70625 0.57734375 0.05078125 0.23671875
0 0.64453125 0.109375 0.05234375 0.140625
0 0.64609375 0.04921875 0.05546875 0.0984375
0 0.33984375 0.2703125 0.05390625 0.1359375
0 0.39140625 0.3546875 0.046875 0.24375
0 0.39453125 0.22109375 0.046875 0.13828125
0 0.1796875 0.1515625 0.03828125 0.14609375
0 0.39453125 0.071875 0.040625 0.14375
0 0.359375 0.07109375 0.04140625 0.1421875
0 0.8390625 0.065625 0.0375 0.13125
0 0.98515625 0.446875 0.0296875 0.1078125
0 0.80390625 0.275 0.046875 0.1609375
0 0.79765625 0.1265625 0.03671875 0.12578125
0 0.18125 0.0359375 0.0296875 0.07109375
0 0.33671875 0.42578125 0.04921875 0.20625
0 0.34609375 0.75078125 0.0421875 0.23125
0 0.3984375 0.8125 0.0609375 0.27890625
0 0.41875 0.69921875 0.05546875 0.24921875
0 0.503125 0.63515625 0.0578125 0.23671875
0 0.5640625 0.47109375 0.05546875 0.24140625
0 0.67734375 0.24609375 0.046875 0.18359375
0 0.12578125 0.2046875 0.03515625 0.17578125
0 0.1109375 0.290625 0.04765625 0.19140625
0 0.15859375 0.29296875 0.03828125 0.18125
0 0.1875 0.36796875 0.0421875 0.19140625
0 0.18125 0.5328125 0.04921875 0.23359375
0 0.49375 0.359375 0.0453125 0.18359375
0 0.45 0.3453125 0.03984375 0.2015625
0 0.53359375 0.05078125 0.03359375 0.1015625
0 0.53828125 0.1453125 0.046875 0.17890625
0 0.50390625 0.04296875 0.0390625 0.0859375
0 0.5015625 0.1328125 0.04375 0.17890625
0 0.47109375 0.1453125 0.040625 0.18359375
0 0.77734375 0.07578125 0.03203125 0.1515625
0 0.80078125 0.0671875 0.0328125 0.13359375
0 0.9109375 0.11796875 0.03984375 0.16328125
0 0.88203125 0.2375 0.046875 0.17109375
0 0.93359375 0.22890625 0.0421875 0.17890625
0 0.93828125 0.30625 0.04375 0.2140625
0 0.978125 0.30546875 0.03828125 0.2109375
0 0.96953125 0.5671875 0.05546875 0.2015625
0 0.99375 0.565625 0.01171875 0.19296875
0 0.209375 0.14296875 0.03828125 0.1734375
0 0.15 0.05546875 0.03125 0.1109375
0 0.0484375 0.346875 0.040625 0.1984375