0 0.67890625 0.7890625 0.05703125 0.2171875
0 0.26328125 0.64140625 0.05078125 0.21015625
0 0.28984375 0.53203125 0.04765625 0.221875
0 0.34765625 0.0921875 0.04921875 0.13203125
0 0.346875 0.04140625 0.05234375 0.08203125
0 0.634375 0.24375 0.05078125 0.12734375
0 0.5859375 0.32265625 0.04375 0.22890625
0 0.58359375 0.19765625 0.04375 0.1296875
0 0.784375 0.028125 0.028125 0.05625
0 0.63828125 0.38984375 0.046875 0.19375
0 0.62890625 0.69453125 0.03984375 0.2171875
0 0.8359375 0.18203125 0.03359375 0.165625
0 0.48984375 0.32734375 0.0421875 0.17265625
0 0.53046875 0.3140625 0.0375 0.1890625
0 0.48046875 0.03515625 0.0359375 0.0703125
0 0.48203125 0.11484375 0.04140625 0.16796875
0 0.51171875 0.1265625 0.03828125 0.17265625
0 0.20078125 0.0578125 0.03046875 0.115625
0 0.8140625 0.046875 0.028125 0.09375
0 0.028125 0.5703125 0.05625 0.22421875
0 0.7515625 0.04375 0.03203125 0.08671875
0 0.6078125 0.0828125 0.03984375 0.165625
0 0.1421875 0.07109375 0.03203125 0.14140625
0 0.10703125 0.07578125 0.03984375 0.1515625
0 0.56171875 0.096875 0.04140625 0.1703125
0 0.40234375 0.53203125 0.0515625 0.25078125
0 0.2453125 0.178125 0.0453125 0.17734375
0 0.00859375 0.35390625 0.0171875 0.184375
0 0.034375 0.35234375 0.046875 0.19375
0 0.04453125 0.265625 0.04921875 0.17734375
0 0.09140625 0.271875 0.04375 0.165625
0 0.13359375 0.36484375 0.046875 0.17265625
0 0.8578125 0.2578125 0.0421875 0.184375
0 0.90078125 0.35546875 0.04765625 0.20078125
0 0.75 0.2 0.03203125 0.16328125
0 0.7890625 0.1875 0.0421875 0.14375
0 0.79453125 0.30703125 0.0421875 0.15625
0 0.77734375 0.43203125 0.0515625 0.1609375
0 0.7625 0.5765625 0.0453125 0.2171875
0 0.43203125 0.18984375 0.0359375 0.16796875
0 0.4234375 0.08828125 0.0359375 0.1390625
0 0.4640625 0.49609375 0.04765625 0.2125
0 0.5671875 0.5390625 0.046875 0.2125