0 0.6734375 0.8046875 0.05703125 0.2171875
0 0.2578125 0.65703125 0.05078125 0.21015625
0 0.284375 0.546875 0.04765625 0.221875
0 0.3421875 0.10703125 0.04921875 0.13203125
0 0.34140625 0.0484375 0.0515625 0.096875
0 0.62890625 0.25859375 0.05078125 0.12734375
0 0.58046875 0.3375 0.04375 0.22890625
0 0.57734375 0.2125 0.04375 0.1296875
0 0.7796875 0.14765625 0.0359375 0.13671875
0 0.57734375 0.0703125 0.03828125 0.13984375
0 0.61171875 0.06875 0.0390625 0.1375
0 0.159375 0.0640625 0.034375 0.128125
0 0.01796875 0.425 0.0359375 0.10078125
0 0.1921875 0.26328125 0.04375 0.1515625
0 0.19765625 0.1234375 0.034375 0.11796875
0 0.778125 0.0359375 0.028125 0.071875
0 0.63203125 0.4046875 0.046875 0.19375
0 0.6234375 0.71015625 0.03984375 0.2171875
0 0.5734375 0.76796875 0.05703125 0.2625
0 0.5546875 0.66171875 0.0515625 0.23359375
0 0.475 0.60078125 0.0546875 0.221875
0 0.41796875 0.44765625 0.0515625 0.2265625
0 0.31171875 0.2359375 0.04375 0.17265625
0 0.83046875 0.196875 0.03359375 0.165625
0 0.84453125 0.27734375 0.0453125 0.1796875
0 0.79921875 0.2796875 0.0359375 0.1703125
0 0.77265625 0.35078125 0.03984375 0.1796875
0 0.778125 0.50546875 0.046875 0.21953125
0 0.48359375 0.3421875 0.0421875 0.17265625
0 0.525 0.3296875 0.0375 0.1890625
0 0.446875 0.05 0.03203125 0.1
0 0.4421875 0.14140625 0.04375 0.16796875
0 0.47421875 0.04296875 0.0359375 0.0859375
0 0.4765625 0.1296875 0.04140625 0.16796875
0 0.50546875 0.14140625 0.03828125 0.17265625
0 0.21796875 0.0734375 0.0296875 0.146875
0 0.1953125 0.06484375 0.03125 0.1296875
0 0.09140625 0.115625 0.0375 0.15390625
0 0.11875 0.228125 0.04375 0.1609375
0 0.0703125 0.21953125 0.03984375 0.16796875
0 0.065625 0.29296875 0.04140625 0.20078125
0 0.028125 0.29140625 0.0359375 0.1984375
0 0.0359375 0.5375 0.0515625 0.1890625
0 0.009375 0.5359375 0.01875 0.18125
0 0.7515625 0.1390625 0.0359375 0.16328125
0 0.80703125 0.0546875 0.02890625 0.109375
0 0.903125 0.33046875 0.03828125 0.18671875