0 0.7078125 0.79140625 0.059375 0.22734375
0 0.2734375 0.63671875 0.053125 0.21953125
0 0.3015625 0.521875 0.05 0.23203125
0 0.36171875 0.065625 0.0515625 0.13125
0 0.3609375 0.0265625 0.0546875 0.05234375
0 0.6609375 0.22109375 0.053125 0.13359375
0 0.61015625 0.30390625 0.04609375 0.23984375
0 0.6078125 0.17265625 0.04609375 0.1359375
0 0.81875 0.1046875 0.0375 0.14296875
0 0.6078125 0.0484375 0.03984375 0.096875
0 0.6421875 0.04765625 0.040625 0.09453125
0 0.16953125 0.0421875 0.0359375 0.084375
0 0.021875 0.3953125 0.040625 0.10625
0 0.2046875 0.22578125 0.04609375 0.1578125
0 0.2109375 0.0796875 0.0359375 0.1234375
0 0.81796875 0.0125 0.0296875 0.025
0 0.66484375 0.37421875 0.0484375 0.20234375
0 0.65546875 0.69296875 0.04140625 0.22734375
0 0.603125 0.753125 0.059375 0.27421875
0 0.584375 0.6421875 0.05390625 0.24453125
0 0.50078125 0.57890625 0.05703125 0.23203125
0 0.440625 0.41875 0.05390625 0.2375
0 0.3296875 0.19765625 0.04609375 0.18046875
0 0.871875 0.15625 0.034375 0.17265625
0 0.8859375 0.240625 0.046875 0.1875
0 0.83984375 0.24296875 0.0375 0.178125
0 0.8109375 0.3171875 0.04140625 0.1875
0 0.8171875 0.47890625 0.0484375 0.2296875
0 0.509375 0.30859375 0.04453125 0.18046875
0 0.553125 0.2953125 0.0390625 0.19765625
0 0.471875 0.02734375 0.034375 0.0546875
0 0.465625 0.0984375 0.04609375 0.17578125
0 0.49921875 0.0203125 0.0375 0.040625
0 0.503125 0.08671875 0.04375 0.1734375
0 0.5328125 0.0984375 0.040625 0.18046875
0 0.23125 0.05234375 0.03203125 0.1046875
0 0.2078125 0.04375 0.03203125 0.08671875
0 0.1 0.07578125 0.0390625 0.1515625
0 0.128125 0.1890625 0.04609375 0.16796875
0 0.078125 0.18046875 0.04140625 0.17578125
0 0.07265625 0.25703125 0.04296875 0.21015625
0 0.034375 0.25546875 0.0375 0.2078125
0 0.0421875 0.5125 0.05390625 0.19765625
0 0.0125 0.51015625 0.025 0.1890625
0 0.78984375 0.09609375 0.0375 0.1703125
0 0.84765625 0.0328125 0.03046875 0.06484375
0 0.94765625 0.29609375 0.040625 0.1953125