0 0.31171875 0.85546875 0.0609375 0.23125
0 0.753125 0.69765625 0.05390625 0.22421875
0 0.725 0.58125 0.05078125 0.23671875
0 0.6640625 0.11328125 0.05234375 0.140625
0 0.66484375 0.0515625 0.05546875 0.10234375
0 0.359375 0.27421875 0.05390625 0.1359375
0 0.4109375 0.35859375 0.046875 0.24375
0 0.4140625 0.225 0.046875 0.13828125
0 0.19921875 0.0375 0.0296875 0.075
0 0.35546875 0.43046875 0.04921875 0.20625
0 0.36484375 0.7546875 0.0421875 0.23125
0 0.1453125 0.20859375 0.03515625 0.17578125
0 0.51328125 0.36328125 0.0453125 0.18359375
0 0.46953125 0.34921875 0.03984375 0.2015625
0 0.5234375 0.0453125 0.03828125 0.090625
0 0.52109375 0.13671875 0.04375 0.17890625
0 0.48984375 0.15 0.040625 0.18359375
0 0.8203125 0.06875 0.0328125 0.1375
0 0.16953125 0.0578125 0.03125 0.115625
0 0.98671875 0.621875 0.0265625 0.23828125
0 0.23515625 0.05390625 0.03359375 0.1078125
0 0.3875 0.103125 0.0421875 0.17578125
0 0.88203125 0.090625 0.03359375 0.15078125
0 0.9203125 0.0921875 0.0421875 0.16875
0 0.4359375 0.11796875 0.04375 0.18125
0 0.60546875 0.58125 0.05546875 0.26640625
0 0.7734375 0.2046875 0.04765625 0.18828125
0 0.9859375 0.38984375 0.02734375 0.20625
0 0.9796875 0.29765625 0.040625 0.1890625
0 0.9359375 0.3046875 0.046875 0.17578125
0 0.89140625 0.40390625 0.04921875 0.18359375
0 0.121875 0.2890625 0.0453125 0.19609375
0 0.0765625 0.39375 0.05078125 0.2140625
0 0.23671875 0.22734375 0.03359375 0.1734375
0 0.1953125 0.21484375 0.0453125 0.153125
0 0.18984375 0.3421875 0.0453125 0.165625
0 0.2078125 0.475 0.05546875 0.17109375
0 0.2234375 0.62890625 0.04765625 0.23125
0 0.575 0.2171875 0.03828125 0.17890625
0 0.5828125 0.109375 0.03828125 0.1484375
0 0.53984375 0.54296875 0.05078125 0.2265625
0 0.43046875 0.58828125 0.04921875 0.2265625