0 0.32890625 0.7921875 0.05625 0.2140625
0 0.73828125 0.646875 0.05 0.20703125
0 0.71171875 0.53828125 0.046875 0.21875
0 0.6546875 0.10546875 0.0484375 0.13046875
0 0.65546875 0.04765625 0.0515625 0.0953125
0 0.37265625 0.2546875 0.05 0.12578125
0 0.4203125 0.3328125 0.04296875 0.22578125
0 0.4234375 0.209375 0.04296875 0.128125
0 0.18984375 0.10703125 0.02734375 0.0953125
0 0.22421875 0.1453125 0.03515625 0.13515625
0 0.19375 0.06875 0.02890625 0.08359375
0 0.42265625 0.06875 0.0375 0.1375
0 0.390625 0.06796875 0.03828125 0.1359375
0 0.8359375 0.06328125 0.034375 0.1265625
0 0.97578125 0.41875 0.03828125 0.1
0 0.803125 0.259375 0.04296875 0.14921875
0 0.796875 0.121875 0.034375 0.11640625
0 0.0890625 0.346875 0.040625 0.17890625
0 0.225 0.03515625 0.028125 0.0703125
0 0.36953125 0.39921875 0.04609375 0.190625
0 0.378125 0.69921875 0.0390625 0.2140625
0 0.42734375 0.75625 0.05625 0.25859375
0 0.4453125 0.6515625 0.05078125 0.23046875
0 0.52421875 0.5921875 0.05390625 0.21875
0 0.58046875 0.440625 0.05078125 0.2234375
0 0.68515625 0.2328125 0.04296875 0.1703125
0 0.17421875 0.19375 0.0328125 0.16328125
0 0.1609375 0.2734375 0.04453125 0.1765625
0 0.2046875 0.27578125 0.03515625 0.16796875
0 0.23125 0.3453125 0.0390625 0.1765625
0 0.22578125 0.49765625 0.04609375 0.21640625
0 0.515625 0.3375 0.0421875 0.1703125
0 0.475 0.32421875 0.03671875 0.1859375
0 0.5515625 0.04921875 0.03125 0.0984375
0 0.55703125 0.1390625 0.04296875 0.165625
0 0.525 0.0421875 0.0359375 0.084375
0 0.52265625 0.128125 0.040625 0.165625
0 0.49375 0.1390625 0.03828125 0.1703125
0 0.778125 0.07265625 0.0296875 0.1453125
0 0.8 0.0640625 0.03046875 0.128125
0 0.9015625 0.1140625 0.03671875 0.1515625
0 0.875 0.22421875 0.04296875 0.15859375
0 0.92265625 0.21640625 0.0390625 0.165625
0 0.92734375 0.28828125 0.040625 0.19765625
0 0.9640625 0.2875 0.03515625 0.1953125
0 0.95625 0.5296875 0.05078125 0.1859375
0 0.98671875 0.528125 0.0265625 0.17890625
0 0.2515625 0.13671875 0.03515625 0.1609375