0 0.30859375 0.8125 0.06171875 0.234375
0 0.75546875 0.653125 0.0546875 0.2265625
0 0.7265625 0.53515625 0.0515625 0.2390625
0 0.66484375 0.06640625 0.053125 0.13203125
0 0.665625 0.02578125 0.05625 0.05078125
0 0.35625 0.22421875 0.0546875 0.1375
0 0.40859375 0.31015625 0.046875 0.246875
0 0.41171875 0.175 0.046875 0.13984375
0 0.19375 0.1046875 0.03828125 0.14765625
0 0.4109375 0.0484375 0.04140625 0.096875
0 0.37578125 0.04765625 0.04140625 0.09453125
0 0.8625 0.0421875 0.0375 0.084375
0 0.8265625 0.2296875 0.046875 0.16328125
0 0.81953125 0.0796875 0.0375 0.12734375
0 0.1953125 0.01171875 0.03046875 0.0234375
0 0.353125 0.38203125 0.05 0.20859375
0 0.3625 0.7109375 0.04296875 0.234375
0 0.415625 0.7734375 0.06171875 0.2828125
0 0.4359375 0.65859375 0.05546875 0.25234375
0 0.521875 0.59375 0.05859375 0.2390625
0 0.5828125 0.428125 0.05546875 0.24453125
0 0.69765625 0.2 0.046875 0.1859375
0 0.13984375 0.15859375 0.0359375 0.178125
0 0.125 0.24453125 0.0484375 0.19375
0 0.17265625 0.24765625 0.03828125 0.18359375
0 0.2015625 0.32421875 0.04296875 0.19375
0 0.1953125 0.490625 0.05 0.23671875
0 0.5125 0.31484375 0.04609375 0.1859375
0 0.46796875 0.30078125 0.03984375 0.20390625
0 0.55234375 0.02734375 0.034375 0.05390625
0 0.55703125 0.0984375 0.046875 0.18046875
0 0.52265625 0.01953125 0.0390625 0.0390625
0 0.5203125 0.08828125 0.04453125 0.17578125
0 0.4890625 0.0984375 0.04140625 0.1859375
0 0.79921875 0.05234375 0.0328125 0.1046875
0 0.82265625 0.04296875 0.0328125 0.0859375
0 0.934375 0.0765625 0.03984375 0.153125
0 0.9046875 0.19140625 0.046875 0.1734375
0 0.95703125 0.1828125 0.04296875 0.18046875
0 0.96171875 0.26171875 0.04453125 0.21640625
0 0.99140625 0.259375 0.0171875 0.2140625
0 0.9828125 0.52421875 0.034375 0.20390625
0 0.22421875 0.09609375 0.03828125 0.17578125
0 0.16484375 0.03203125 0.03125 0.0640625
0 0.0609375 0.30234375 0.04140625 0.20078125