0 0.66640625 0.79375 0.05703125 0.21640625
0 0.253125 0.646875 0.05 0.209375
0 0.2796875 0.5375 0.04765625 0.22109375
0 0.3375 0.09921875 0.04921875 0.13203125
0 0.33671875 0.04453125 0.0515625 0.0890625
0 0.621875 0.25 0.05 0.12734375
0 0.57421875 0.32890625 0.04375 0.228125
0 0.57109375 0.20390625 0.04375 0.1296875
0 0.80703125 0.10078125 0.028125 0.096875
0 0.77265625 0.1390625 0.0359375 0.13671875
0 0.73828125 0.14296875 0.0328125 0.1765625
0 0.803125 0.06171875 0.02890625 0.084375
0 0.571875 0.065625 0.0375 0.13125
0 0.6046875 0.06484375 0.03828125 0.1296875
0 0.15390625 0.06015625 0.034375 0.1203125
0 0.01640625 0.415625 0.03203125 0.10078125
0 0.1875 0.2546875 0.04375 0.15078125
0 0.19375 0.115625 0.034375 0.11796875
0 0.90859375 0.34296875 0.040625 0.18125
0 0.77109375 0.03203125 0.028125 0.0640625
0 0.62578125 0.39609375 0.04609375 0.19296875
0 0.6171875 0.7 0.03984375 0.21640625
0 0.5671875 0.75703125 0.05703125 0.2609375
0 0.5484375 0.6515625 0.0515625 0.2328125
0 0.46953125 0.59140625 0.05390625 0.22109375
0 0.4125 0.43828125 0.0515625 0.22578125
0 0.30703125 0.22734375 0.04375 0.171875
0 0.82265625 0.1890625 0.0328125 0.16484375
0 0.83671875 0.26875 0.0453125 0.17890625
0 0.7921875 0.27109375 0.0359375 0.16953125
0 0.76484375 0.3421875 0.03984375 0.17890625
0 0.77109375 0.49609375 0.04609375 0.21875
0 0.478125 0.33359375 0.0421875 0.171875
0 0.51875 0.3203125 0.03671875 0.18828125
0 0.44140625 0.04609375 0.03203125 0.0921875
0 0.43671875 0.13359375 0.04375 0.1671875
0 0.46796875 0.0390625 0.0359375 0.078125
0 0.47109375 0.121875 0.040625 0.1671875
0 0.5 0.13359375 0.03828125 0.171875
0 0.21328125 0.06953125 0.03046875 0.1390625
0 0.19140625 0.0609375 0.0296875 0.121875
0 0.0875 0.1078125 0.03671875 0.153125
0 0.11484375 0.21953125 0.04375 0.16015625
0 0.06640625 0.2109375 0.03984375 0.1671875
0 0.06171875 0.284375 0.040625 0.2
0 0.025 0.2828125 0.0359375 0.19765625
0 0.0328125 0.528125 0.0515625 0.18828125
0 0.0078125 0.5265625 0.015625 0.18046875