0 0.33046875 0.7703125 0.06328125 0.23984375
0 0.78828125 0.60703125 0.05546875 0.23203125
0 0.75859375 0.4859375 0.053125 0.2453125
0 0.69453125 0.03671875 0.0546875 0.0734375
0 0.37890625 0.1671875 0.05546875 0.140625
0 0.4328125 0.2546875 0.0484375 0.253125
0 0.4359375 0.11640625 0.0484375 0.14375
0 0.2125 0.06015625 0.03984375 0.1203125
0 0.43515625 0.01796875 0.0421875 0.0359375
0 0.37578125 0.3296875 0.0515625 0.2140625
0 0.38515625 0.665625 0.04375 0.23984375
0 0.15703125 0.1 0.03671875 0.1828125
0 0.190625 0.19140625 0.03984375 0.18828125
0 0.22109375 0.26953125 0.04375 0.1984375
0 0.5390625 0.26015625 0.046875 0.190625
0 0.49375 0.24609375 0.04140625 0.20859375
0 0.58515625 0.065625 0.0484375 0.13046875
0 0.54609375 0.05859375 0.0453125 0.1171875
0 0.51484375 0.0671875 0.0421875 0.13359375
0 0.8328125 0.02265625 0.03359375 0.04453125
0 0.97109375 0.046875 0.04140625 0.09375
0 0.24375 0.0625 0.0390625 0.125
0 0.4546875 0.57578125 0.06328125 0.24765625
0 0.54765625 0.515625 0.06171875 0.2375
0 0.6203125 0.4390625 0.05390625 0.2609375
0 0.95859375 0.1609375 0.0484375 0.175
0 0.9 0.246875 0.0484375 0.1796875
0 0.9078125 0.01796875 0.034375 0.0359375
0 0.12265625 0.22265625 0.05 0.20859375
0 0.0828125 0.22890625 0.0453125 0.20078125
0 0.22890625 0.46484375 0.05703125 0.2453125
0 0.40703125 0.7 0.05859375 0.27109375
0 0.59609375 0.01953125 0.0390625 0.0390625
0 0.99453125 0.1609375 0.0109375 0.175
0 0.77578125 0.11953125 0.0421875 0.190625
0 0.40859375 0.040625 0.04375 0.08125