0 0.30703125 0.8234375 0.05859375 0.2234375
0 0.734375 0.671875 0.0515625 0.21640625
0 0.70703125 0.55859375 0.04921875 0.228125
0 0.64765625 0.10703125 0.05078125 0.1359375
0 0.6484375 0.0484375 0.05390625 0.096875
0 0.353125 0.2625 0.0515625 0.13125
0 0.403125 0.34375 0.0453125 0.23515625
0 0.40546875 0.215625 0.0453125 0.13359375
0 0.1984375 0.03515625 0.028125 0.0703125
0 0.34921875 0.41328125 0.04765625 0.19921875
0 0.35859375 0.7265625 0.040625 0.2234375
0 0.14609375 0.19921875 0.034375 0.16953125
0 0.5015625 0.3484375 0.04375 0.17734375
0 0.459375 0.33515625 0.03828125 0.19453125
0 0.51171875 0.04296875 0.0375 0.08515625
0 0.509375 0.13046875 0.0421875 0.17265625
0 0.4796875 0.1421875 0.03984375 0.17734375
0 0.79921875 0.065625 0.03203125 0.13125
0 0.16953125 0.0546875 0.0296875 0.109375
0 0.9734375 0.5984375 0.053125 0.23046875
0 0.2328125 0.05078125 0.0328125 0.1015625
0 0.38046875 0.09765625 0.040625 0.16953125
0 0.85859375 0.08515625 0.0328125 0.1453125
0 0.8953125 0.08671875 0.040625 0.1625
0 0.42734375 0.1125 0.0421875 0.175
0 0.59140625 0.55859375 0.053125 0.25703125
0 0.753125 0.19609375 0.04609375 0.18203125
0 0.99296875 0.37578125 0.0140625 0.1890625
0 0.96953125 0.37421875 0.04765625 0.19921875
0 0.95859375 0.2859375 0.05078125 0.18203125
0 0.9109375 0.29140625 0.0453125 0.16953125
0 0.8671875 0.3875 0.04765625 0.17734375
0 0.1234375 0.27734375 0.04375 0.1890625
0 0.0796875 0.378125 0.04921875 0.20625
0 0.234375 0.21796875 0.0328125 0.1671875
0 0.19453125 0.20546875 0.04375 0.1484375
0 0.1890625 0.328125 0.04375 0.16015625
0 0.20625 0.45703125 0.053125 0.16484375
0 0.221875 0.6046875 0.04609375 0.2234375
0 0.56171875 0.2078125 0.03671875 0.17265625
0 0.56953125 0.10390625 0.03671875 0.14296875
0 0.528125 0.52265625 0.04921875 0.21875
0 0.421875 0.56640625 0.04765625 0.21875