0 0.66484375 0.81328125 0.0578125 0.21953125
0 0.24453125 0.6640625 0.05078125 0.2125
0 0.271875 0.553125 0.0484375 0.225
0 0.33046875 0.10859375 0.05 0.13359375
0 0.32890625 0.04921875 0.05234375 0.0984375
0 0.61953125 0.26171875 0.05078125 0.12890625
0 0.57109375 0.34140625 0.04453125 0.23203125
0 0.56796875 0.21484375 0.04453125 0.13125
0 0.77265625 0.14921875 0.0359375 0.13828125
0 0.77109375 0.03671875 0.028125 0.07265625
0 0.6234375 0.409375 0.046875 0.19609375
0 0.61484375 0.71796875 0.040625 0.21953125
0 0.8234375 0.19921875 0.03359375 0.1671875
0 0.79296875 0.2828125 0.0359375 0.171875
0 0.76484375 0.3546875 0.040625 0.18203125
0 0.4734375 0.34609375 0.04296875 0.17421875
0 0.51484375 0.3328125 0.0375 0.19140625
0 0.43125 0.14296875 0.04453125 0.16953125
0 0.46328125 0.04375 0.03671875 0.08671875
0 0.465625 0.13125 0.04140625 0.16953125
0 0.4953125 0.14296875 0.0390625 0.17421875
0 0.18125 0.065625 0.03125 0.13125
0 0.74453125 0.140625 0.0359375 0.16484375
0 0.8 0.05546875 0.0296875 0.1109375
0 0.0109375 0.31484375 0.021875 0.20390625
0 0.08828125 0.25546875 0.04453125 0.16015625
0 0.01796875 0.5921875 0.03515625 0.2265625
0 0.1421875 0.334375 0.04453125 0.16484375
0 0.7578125 0.53359375 0.05234375 0.225
0 0.4203125 0.0796875 0.0359375 0.12890625
0 0.73828125 0.0515625 0.03203125 0.103125
0 0.0375 0.25546875 0.04453125 0.16015625
0 0.02734375 0.33671875 0.0484375 0.1984375
0 0.25625 0.2171875 0.0390625 0.17421875
0 0.59296875 0.09921875 0.040625 0.1671875
0 0.12265625 0.08671875 0.03203125 0.14375
0 0.0859375 0.08828125 0.040625 0.16015625
0 0.546875 0.11328125 0.04140625 0.171875
0 0.38515625 0.553125 0.05234375 0.253125
0 0.45859375 0.54140625 0.059375 0.21484375
0 0.54921875 0.59609375 0.0578125 0.21953125
0 0.8828125 0.35703125 0.046875 0.19140625
0 0.86875 0.2828125 0.0484375 0.1671875