0 0.67109375 0.7953125 0.05625 0.2140625
0 0.26171875 0.65 0.05 0.20703125
0 0.28828125 0.54140625 0.046875 0.21875
0 0.3453125 0.10859375 0.0484375 0.13046875
0 0.34375 0.04921875 0.0515625 0.0984375
0 0.62734375 0.2578125 0.05 0.12578125
0 0.5796875 0.33515625 0.04296875 0.22578125
0 0.5765625 0.21171875 0.04296875 0.128125
0 0.77578125 0.14765625 0.03515625 0.13515625
0 0.57734375 0.0703125 0.0375 0.140625
0 0.77421875 0.03671875 0.028125 0.0734375
0 0.63046875 0.4015625 0.04609375 0.190625
0 0.621875 0.70234375 0.0390625 0.2140625
0 0.82578125 0.196875 0.0328125 0.16328125
0 0.7953125 0.278125 0.03515625 0.16796875
0 0.76875 0.3484375 0.0390625 0.1765625
0 0.484375 0.33984375 0.0421875 0.1703125
0 0.525 0.32734375 0.03671875 0.1859375
0 0.44296875 0.1421875 0.04296875 0.165625
0 0.475 0.04375 0.0359375 0.0875
0 0.47734375 0.13046875 0.040625 0.165625
0 0.50625 0.1421875 0.03828125 0.1703125
0 0.221875 0.07421875 0.0296875 0.14765625
0 0.2 0.065625 0.03046875 0.13125
0 0.0984375 0.11640625 0.03671875 0.1515625
0 0.7484375 0.13984375 0.03515625 0.1609375
0 0.803125 0.05546875 0.02890625 0.1109375
0 0.02421875 0.31015625 0.040625 0.19765625
0 0.56015625 0.621875 0.05625 0.22109375
0 0.4765625 0.56796875 0.0546875 0.21171875
0 0.41171875 0.49921875 0.0484375 0.2328125
0 0.109375 0.2515625 0.04296875 0.15625
0 0.02890625 0.5796875 0.0578125 0.2203125
0 0.16171875 0.328125 0.04296875 0.1609375
0 0.15390625 0.07109375 0.03046875 0.13984375
0 0.85625 0.30625 0.04453125 0.1859375
0 0.8921875 0.3125 0.040625 0.17890625
0 0.76171875 0.52265625 0.05078125 0.21875
0 0.60234375 0.73203125 0.05234375 0.2421875
0 0.4328125 0.08046875 0.03515625 0.12578125
0 0.7421875 0.0515625 0.03125 0.103125
0 0.06015625 0.2515625 0.04296875 0.15625
0 0.05 0.33046875 0.046875 0.19296875
0 0.2734375 0.2140625 0.03828125 0.1703125
0 0.60078125 0.09921875 0.0390625 0.16328125