0 0.32890625 0.79140625 0.05625 0.21328125
0 0.7359375 0.646875 0.04921875 0.20625
0 0.709375 0.5390625 0.046875 0.21796875
0 0.653125 0.10859375 0.0484375 0.1296875
0 0.6546875 0.05 0.05078125 0.09921875
0 0.37265625 0.25703125 0.04921875 0.125
0 0.63984375 0.2546875 0.0484375 0.17109375
0 0.2125 0.4421875 0.0625 0.19921875
0 0.571875 0.37578125 0.05703125 0.215625
0 0.3890625 0.39921875 0.0390625 0.1921875
0 0.4203125 0.334375 0.04296875 0.22421875
0 0.42265625 0.21171875 0.04296875 0.12734375
0 0.5140625 0.3078125 0.0390625 0.16171875
0 0.47734375 0.29609375 0.0375 0.18046875
0 0.55390625 0.1171875 0.0375 0.14609375
0 0.51796875 0.10546875 0.03125 0.15078125
0 0.48984375 0.11328125 0.03359375 0.16171875
0 0.225 0.3078125 0.0328125 0.17578125
0 0.20625 0.253125 0.0375 0.15546875
0 0.18125 0.23046875 0.03125 0.178125
0 0.16015625 0.19296875 0.02890625 0.16875
0 0.190625 0.11015625 0.02734375 0.09453125
0 0.225 0.1484375 0.03515625 0.134375
0 0.25859375 0.1515625 0.0328125 0.1734375
0 0.19375 0.071875 0.02890625 0.08359375
0 0.7875 0.053125 0.02734375 0.10625
0 0.7625 0.059375 0.040625 0.11796875
0 0.90078125 0.17578125 0.03359375 0.1109375
0 0.915625 0.14609375 0.03515625 0.134375
0 0.084375 0.3828125 0.0453125 0.1921875
0 0.421875 0.0703125 0.0375 0.140625
0 0.38984375 0.06953125 0.0375 0.1390625
0 0.83359375 0.06484375 0.03359375 0.1296875
0 0.525 0.62421875 0.05859375 0.21953125
0 0.8640625 0.2140625 0.03515625 0.15078125
0 0.91015625 0.2765625 0.04140625 0.178125
0 0.94375 0.25546875 0.03671875 0.16875
0 0.93828125 0.51484375 0.05078125 0.21953125
0 0.97734375 0.5265625 0.04296875 0.215625
0 0.971875 0.4203125 0.0375 0.09921875
0 0.8 0.26171875 0.04296875 0.1484375
0 0.44375 0.76171875 0.0546875 0.2453125
0 0.4546875 0.65625 0.05078125 0.1875
0 0.79453125 0.125 0.03359375 0.115625