0 0.67109375 0.79140625 0.05625 0.21328125
0 0.2640625 0.646875 0.04921875 0.20625
0 0.290625 0.5390625 0.046875 0.21796875
0 0.346875 0.10859375 0.0484375 0.1296875
0 0.3453125 0.05 0.05078125 0.09921875
0 0.62734375 0.25703125 0.04921875 0.125
0 0.5796875 0.334375 0.04296875 0.22421875
0 0.57734375 0.21171875 0.04296875 0.12734375
0 0.775 0.1484375 0.03515625 0.134375
0 0.578125 0.0703125 0.0375 0.140625
0 0.61015625 0.06953125 0.0375 0.1390625
0 0.16640625 0.06484375 0.03359375 0.1296875
0 0.028125 0.4203125 0.0375 0.09921875
0 0.2 0.26171875 0.04296875 0.1484375
0 0.20546875 0.125 0.03359375 0.115625
0 0.775 0.03671875 0.028125 0.0734375
0 0.63125 0.40078125 0.0453125 0.18984375
0 0.62265625 0.69921875 0.0390625 0.21328125
0 0.5734375 0.75546875 0.05625 0.25703125
0 0.55546875 0.6515625 0.05078125 0.22890625
0 0.47734375 0.59296875 0.053125 0.21796875
0 0.42109375 0.4421875 0.05078125 0.221875
0 0.3171875 0.23515625 0.04296875 0.16875
0 0.825 0.196875 0.0328125 0.16171875
0 0.83828125 0.27578125 0.04453125 0.17578125
0 0.7953125 0.278125 0.03515625 0.16640625
0 0.76796875 0.346875 0.0390625 0.17578125
0 0.77421875 0.49921875 0.0453125 0.215625
0 0.4859375 0.3390625 0.04140625 0.16875
0 0.52578125 0.3265625 0.03671875 0.18515625
0 0.44921875 0.05078125 0.03125 0.1015625
0 0.44453125 0.1421875 0.04296875 0.1640625
0 0.4765625 0.04375 0.034375 0.0875
0 0.478125 0.13046875 0.040625 0.1640625
0 0.50703125 0.1421875 0.0375 0.16875
0 0.225 0.07421875 0.0296875 0.1484375
0 0.20234375 0.065625 0.0296875 0.13125
0 0.1015625 0.1171875 0.03671875 0.15078125
0 0.128125 0.2265625 0.04296875 0.15703125
0 0.08046875 0.21875 0.0390625 0.1640625
0 0.0765625 0.290625 0.040625 0.196875
0 0.03984375 0.2890625 0.03515625 0.19453125
0 0.04765625 0.53046875 0.05078125 0.18515625
0 0.01484375 0.52890625 0.0296875 0.178125
0 0.7484375 0.13984375 0.03515625 0.159375
0 0.80234375 0.05546875 0.02890625 0.1109375
0 0.896875 0.32734375 0.0375 0.1828125