0 0.28828125 0.82109375 0.06015625 0.2296875
0 0.72734375 0.66484375 0.053125 0.22265625
0 0.69921875 0.5484375 0.05078125 0.23515625
0 0.63828125 0.08359375 0.05234375 0.13984375
0 0.6390625 0.03671875 0.0546875 0.07265625
0 0.33515625 0.24375 0.053125 0.13515625
0 0.38671875 0.32734375 0.04609375 0.2421875
0 0.38984375 0.19453125 0.04609375 0.1375
0 0.17578125 0.12578125 0.03828125 0.1453125
0 0.17734375 0.02265625 0.0296875 0.0453125
0 0.33203125 0.3984375 0.04921875 0.2046875
0 0.340625 0.72109375 0.0421875 0.2296875
0 0.12265625 0.178125 0.03515625 0.175
0 0.1546875 0.265625 0.03828125 0.1796875
0 0.18359375 0.340625 0.0421875 0.18984375
0 0.48828125 0.33203125 0.0453125 0.1828125
0 0.4453125 0.31875 0.0390625 0.2
0 0.5328125 0.11953125 0.04609375 0.17734375
0 0.49921875 0.03046875 0.03828125 0.0609375
0 0.49609375 0.10703125 0.04375 0.17734375
0 0.465625 0.11953125 0.040625 0.1828125
0 0.79375 0.05390625 0.0328125 0.1078125
0 0.20546875 0.1171875 0.03828125 0.17265625
0 0.146875 0.04296875 0.03125 0.0859375
0 0.9796875 0.29921875 0.03984375 0.21328125
0 0.890625 0.2375 0.04609375 0.1671875
0 0.97265625 0.58984375 0.05390625 0.23671875
0 0.834375 0.31953125 0.04609375 0.17265625
0 0.19140625 0.528125 0.0546875 0.23515625
0 0.54296875 0.06015625 0.0390625 0.1203125
0 0.21171875 0.0390625 0.03359375 0.078125
0 0.94453125 0.2375 0.04609375 0.1671875
0 0.9546875 0.321875 0.05078125 0.2078125
0 0.715625 0.196875 0.040625 0.1828125
0 0.36328125 0.08046875 0.0421875 0.1609375
0 0.8546875 0.06796875 0.03359375 0.1359375
0 0.89296875 0.07265625 0.0421875 0.1453125
0 0.41171875 0.0890625 0.04375 0.178125
0 0.58046875 0.5484375 0.0546875 0.26484375
0 0.50390625 0.5359375 0.06171875 0.225
0 0.409375 0.59375 0.06015625 0.2296875
0 0.0609375 0.34375 0.04921875 0.2
0 0.07578125 0.265625 0.05078125 0.175