0 0.67265625 0.78828125 0.05703125 0.2171875
0 0.25703125 0.640625 0.05078125 0.21015625
0 0.28359375 0.53046875 0.04765625 0.221875
0 0.34140625 0.09140625 0.04921875 0.13203125
0 0.340625 0.040625 0.05234375 0.08125
0 0.628125 0.2421875 0.05078125 0.12734375
0 0.5796875 0.321875 0.04375 0.22890625
0 0.57734375 0.19609375 0.04375 0.1296875
0 0.8140625 0.0921875 0.028125 0.096875
0 0.77890625 0.13125 0.0359375 0.13671875
0 0.81015625 0.053125 0.02890625 0.08515625
0 0.57734375 0.06171875 0.03828125 0.1234375
0 0.61015625 0.0609375 0.0390625 0.121875
0 0.1578125 0.05625 0.034375 0.1125
0 0.01796875 0.4078125 0.0359375 0.1
0 0.19140625 0.246875 0.04375 0.1515625
0 0.19765625 0.1078125 0.034375 0.11796875
0 0.91640625 0.3359375 0.04140625 0.18203125
0 0.778125 0.028125 0.028125 0.05546875
0 0.63125 0.3890625 0.046875 0.19375
0 0.62265625 0.69375 0.03984375 0.2171875
0 0.57265625 0.7515625 0.05703125 0.2625
0 0.5546875 0.6453125 0.0515625 0.23359375
0 0.47421875 0.58515625 0.0546875 0.221875
0 0.4171875 0.43125 0.0515625 0.2265625
0 0.3109375 0.2203125 0.04375 0.17265625
0 0.8296875 0.18125 0.03359375 0.165625
0 0.84375 0.26171875 0.0453125 0.1796875
0 0.79921875 0.2640625 0.0359375 0.1703125
0 0.771875 0.334375 0.03984375 0.1796875
0 0.778125 0.4890625 0.046875 0.21953125
0 0.48359375 0.3265625 0.0421875 0.17265625
0 0.52421875 0.31328125 0.0375 0.1890625
0 0.44609375 0.0421875 0.03203125 0.084375
0 0.44140625 0.12578125 0.04375 0.16796875
0 0.4734375 0.03515625 0.0359375 0.0703125
0 0.47578125 0.11328125 0.04140625 0.16796875
0 0.50546875 0.12578125 0.03828125 0.17265625
0 0.21640625 0.065625 0.03046875 0.13125
0 0.19453125 0.05703125 0.03046875 0.1140625
0 0.090625 0.09921875 0.0375 0.15390625
0 0.11796875 0.21171875 0.04375 0.1609375
0 0.06953125 0.203125 0.03984375 0.16796875
0 0.06484375 0.2765625 0.04140625 0.20078125
0 0.028125 0.27578125 0.0359375 0.1984375
0 0.0359375 0.52109375 0.0515625 0.1890625
0 0.009375 0.51953125 0.01796875 0.18125
0 0.7515625 0.1234375 0.0359375 0.16328125