0 0.31640625 0.8265625 0.059375 0.225
0 0.74609375 0.6734375 0.05234375 0.2171875
0 0.71875 0.56015625 0.04921875 0.2296875
0 0.65859375 0.10625 0.05078125 0.13671875
0 0.66015625 0.04765625 0.05390625 0.0953125
0 0.3625 0.2625 0.05234375 0.13203125
0 0.4125 0.34375 0.0453125 0.23671875
0 0.415625 0.21484375 0.0453125 0.134375
0 0.20703125 0.14765625 0.03671875 0.14140625
0 0.41484375 0.06953125 0.0390625 0.1390625
0 0.20703125 0.034375 0.0296875 0.06875
0 0.359375 0.41328125 0.0484375 0.2
0 0.36796875 0.728125 0.04140625 0.225
0 0.1546875 0.1984375 0.034375 0.17109375
0 0.1859375 0.284375 0.03671875 0.17578125
0 0.2140625 0.3578125 0.04140625 0.1859375
0 0.5125 0.34921875 0.04375 0.178125
0 0.46953125 0.33515625 0.03828125 0.1953125
0 0.55546875 0.14140625 0.0453125 0.1734375
0 0.52265625 0.0421875 0.0375 0.084375
0 0.51953125 0.12890625 0.04296875 0.1734375
0 0.48984375 0.14140625 0.03984375 0.178125
0 0.7875 0.0734375 0.03125 0.146875
0 0.8109375 0.06484375 0.03203125 0.1296875
0 0.91796875 0.11484375 0.03828125 0.15859375
0 0.2359375 0.1390625 0.03671875 0.16875
0 0.17734375 0.05390625 0.0296875 0.1078125
0 0.98671875 0.3171875 0.0265625 0.2078125
0 0.43359375 0.64453125 0.059375 0.23203125
0 0.5203125 0.58828125 0.0578125 0.221875
0 0.58828125 0.51640625 0.05078125 0.24375
0 0.90625 0.25625 0.0453125 0.16328125
0 0.9796875 0.6 0.03984375 0.23125
0 0.85078125 0.33671875 0.0453125 0.16875
0 0.859375 0.06953125 0.03125 0.1390625
0 0.121875 0.31328125 0.046875 0.1953125
0 0.084375 0.31953125 0.04296875 0.18828125
0 0.221875 0.540625 0.05390625 0.2296875
0 0.3890625 0.76015625 0.0546875 0.25390625
0 0.56640625 0.0765625 0.03671875 0.13203125
0 0.24140625 0.05 0.0328125 0.1
0 0.9578125 0.25625 0.0453125 0.16328125
0 0.96875 0.3390625 0.04921875 0.20234375
0 0.734375 0.2171875 0.03984375 0.178125
0 0.38984375 0.09609375 0.04140625 0.17109375