0 0.33125 0.790625 0.0578125 0.21875
0 0.74921875 0.6421875 0.05078125 0.21171875
0 0.721875 0.53203125 0.0484375 0.2234375
0 0.6640625 0.08984375 0.04921875 0.1328125
0 0.665625 0.03984375 0.05234375 0.0796875
0 0.37578125 0.2421875 0.05078125 0.128125
0 0.425 0.321875 0.04375 0.23046875
0 0.42734375 0.1953125 0.04375 0.13046875
0 0.22421875 0.13046875 0.0359375 0.1375
0 0.4265625 0.0609375 0.0375 0.121875
0 0.22578125 0.02734375 0.028125 0.05390625
0 0.37265625 0.3890625 0.046875 0.19453125
0 0.38125 0.69609375 0.03984375 0.21875
0 0.1734375 0.18046875 0.03359375 0.16640625
0 0.20390625 0.26328125 0.0359375 0.17109375
0 0.23125 0.334375 0.03984375 0.18046875
0 0.521875 0.3265625 0.04296875 0.1734375
0 0.48046875 0.31328125 0.0375 0.18984375
0 0.5640625 0.12421875 0.04375 0.16875
0 0.53125 0.034375 0.03671875 0.06875
0 0.52890625 0.1125 0.04140625 0.16875
0 0.49921875 0.12421875 0.0390625 0.1734375
0 0.7890625 0.06484375 0.03125 0.1296875
0 0.8125 0.05625 0.03125 0.1125
0 0.91640625 0.0984375 0.0375 0.1546875
0 0.25234375 0.121875 0.0359375 0.1640625
0 0.196875 0.04609375 0.0296875 0.0921875
0 0.98515625 0.2953125 0.0296875 0.20234375
0 0.44453125 0.6140625 0.0578125 0.22578125
0 0.5296875 0.559375 0.05625 0.21640625
0 0.59609375 0.4890625 0.04921875 0.2375
0 0.9046875 0.2359375 0.04375 0.159375
0 0.978125 0.5703125 0.04375 0.225
0 0.8515625 0.3140625 0.04375 0.1640625
0 0.85859375 0.0609375 0.0296875 0.121875
0 0.1421875 0.2921875 0.0453125 0.18984375
0 0.10546875 0.29765625 0.04140625 0.1828125
0 0.2390625 0.5125 0.05234375 0.2234375
0 0.4015625 0.7265625 0.053125 0.246875
0 0.5734375 0.0625 0.0375 0.125
0 0.25859375 0.0421875 0.03203125 0.084375
0 0.95546875 0.2359375 0.04375 0.159375
0 0.965625 0.31640625 0.0484375 0.196875
0 0.7375 0.19765625 0.0390625 0.1734375
0 0.40234375 0.08203125 0.03984375 0.16328125