0 0.71171875 0.86796875 0.06484375 0.24609375
0 0.24140625 0.70078125 0.05703125 0.23828125
0 0.271875 0.5765625 0.05390625 0.2515625
0 0.33671875 0.07890625 0.05546875 0.15
0 0.3359375 0.03359375 0.05859375 0.0671875
0 0.6609375 0.25 0.05703125 0.14453125
0 0.60625 0.33984375 0.05 0.259375
0 0.603125 0.19765625 0.05 0.146875
0 0.83203125 0.12421875 0.040625 0.15546875
0 0.83046875 0.01953125 0.03203125 0.03828125
0 0.66484375 0.415625 0.05234375 0.21953125
0 0.65546875 0.7609375 0.0453125 0.24609375
0 0.8890625 0.18046875 0.0375 0.1875
0 0.8546875 0.27421875 0.040625 0.19296875
0 0.8234375 0.3546875 0.0453125 0.203125
0 0.49765625 0.3453125 0.0484375 0.1953125
0 0.54375 0.33046875 0.0421875 0.2140625
0 0.45 0.1171875 0.05 0.18984375
0 0.4859375 0.02734375 0.040625 0.0546875
0 0.4890625 0.10390625 0.046875 0.18984375
0 0.521875 0.1171875 0.04375 0.1953125
0 0.1703125 0.05234375 0.03515625 0.1046875
0 0.80078125 0.11484375 0.040625 0.184375
0 0.86328125 0.040625 0.0328125 0.08125
0 0.815625 0.55546875 0.05859375 0.2515625
0 0.43828125 0.059375 0.040625 0.11875
0 0.79375 0.03671875 0.0359375 0.07265625
0 0.63203125 0.08046875 0.0453125 0.1609375
0 0.10546875 0.0671875 0.0359375 0.134375
0 0.0640625 0.07265625 0.0453125 0.1453125
0 0.5796875 0.08984375 0.046875 0.1796875
0 0.3984375 0.5765625 0.05859375 0.28359375
0 0.48046875 0.56328125 0.06640625 0.240625
0 0.58203125 0.625 0.06484375 0.24609375
0 0.95546875 0.35703125 0.05234375 0.2140625
0 0.93984375 0.27421875 0.05390625 0.1875
0 0.2203125 0.1765625 0.05078125 0.20078125
0 0.0109375 0.275 0.021875 0.2015625
0 0.046875 0.28203125 0.05 0.1875
0 0.09453125 0.3875 0.05234375 0.1953125