0 0.67109375 0.80234375 0.05703125 0.21640625
0 0.25703125 0.65546875 0.05 0.209375
0 0.28359375 0.5453125 0.04765625 0.22109375
0 0.34140625 0.1078125 0.04921875 0.13203125
0 0.33984375 0.04921875 0.0515625 0.09765625
0 0.6265625 0.25859375 0.05 0.12734375
0 0.578125 0.3375 0.04375 0.228125
0 0.57578125 0.2125 0.04375 0.1296875
0 0.7765625 0.0359375 0.028125 0.071875
0 0.6296875 0.4046875 0.04609375 0.19296875
0 0.62109375 0.7078125 0.03984375 0.21640625
0 0.8265625 0.19765625 0.0328125 0.16484375
0 0.48203125 0.3421875 0.0421875 0.171875
0 0.5234375 0.32890625 0.03671875 0.18828125
0 0.47265625 0.04296875 0.0359375 0.0859375
0 0.475 0.13046875 0.040625 0.1671875
0 0.50390625 0.1421875 0.03828125 0.171875
0 0.19453125 0.065625 0.03046875 0.13125
0 0.80390625 0.05546875 0.02890625 0.11015625
0 0.02578125 0.584375 0.0515625 0.2234375
0 0.74296875 0.0515625 0.03203125 0.10234375
0 0.6 0.0984375 0.03984375 0.16484375
0 0.13671875 0.08671875 0.03203125 0.14140625
0 0.1015625 0.0875 0.03984375 0.1578125
0 0.5546875 0.1125 0.040625 0.16953125
0 0.3953125 0.5453125 0.0515625 0.24921875
0 0.2390625 0.19375 0.0453125 0.1765625
0 0.00625 0.36875 0.0125 0.18359375
0 0.02890625 0.36640625 0.04609375 0.19296875
0 0.03984375 0.28046875 0.04921875 0.1765625
0 0.0859375 0.28671875 0.04375 0.16484375
0 0.128125 0.3796875 0.04609375 0.171875
0 0.8484375 0.27265625 0.0421875 0.18359375
0 0.890625 0.3703125 0.04765625 0.2
0 0.74140625 0.21484375 0.03203125 0.1625
0 0.7796875 0.203125 0.0421875 0.14375
0 0.78515625 0.321875 0.0421875 0.15546875
0 0.76875 0.446875 0.0515625 0.16015625
0 0.753125 0.590625 0.0453125 0.21640625
0 0.425 0.20546875 0.0359375 0.1671875
0 0.4171875 0.10390625 0.0359375 0.1390625
0 0.45703125 0.51015625 0.04765625 0.21171875
0 0.559375 0.55234375 0.04609375 0.21171875