0 0.72421875 0.771875 0.06171875 0.2359375
0 0.275 0.61171875 0.0546875 0.228125
0 0.303125 0.4921875 0.0515625 0.240625
0 0.36640625 0.04375 0.053125 0.08671875
0 0.67578125 0.1796875 0.0546875 0.13828125
0 0.6234375 0.265625 0.04765625 0.2484375
0 0.6203125 0.1296875 0.04765625 0.140625
0 0.8765625 0.03515625 0.0296875 0.06953125
0 0.83984375 0.06640625 0.0390625 0.1328125
0 0.8734375 0.01015625 0.03203125 0.0203125
0 0.62109375 0.02578125 0.04140625 0.0515625
0 0.65703125 0.02421875 0.0421875 0.0484375
0 0.1671875 0.01953125 0.0375 0.0390625
0 0.0171875 0.36015625 0.034375 0.109375
0 0.20390625 0.18515625 0.04765625 0.1640625
0 0.2109375 0.0484375 0.0375 0.096875
0 0.9828125 0.28046875 0.034375 0.196875
0 0.6796875 0.33828125 0.05 0.21015625
0 0.6703125 0.66875 0.04296875 0.2359375
0 0.61640625 0.73203125 0.06171875 0.284375
0 0.59609375 0.61640625 0.05625 0.25390625
0 0.51015625 0.5515625 0.05859375 0.240625
0 0.4484375 0.384375 0.05625 0.24609375
0 0.3328125 0.15546875 0.04765625 0.18671875
0 0.89375 0.11328125 0.0359375 0.1796875
0 0.909375 0.2 0.04921875 0.19453125
0 0.8609375 0.203125 0.0390625 0.184375
0 0.83125 0.2796875 0.04296875 0.19453125
0 0.8375 0.44765625 0.05 0.23828125
0 0.51953125 0.27109375 0.04609375 0.18671875
0 0.5640625 0.25703125 0.040625 0.2046875
0 0.47421875 0.071875 0.046875 0.14375
0 0.51171875 0.065625 0.04453125 0.13125
0 0.54296875 0.0734375 0.04140625 0.146875
0 0.23125 0.0296875 0.0328125 0.059375
0 0.20625 0.0203125 0.03359375 0.040625
0 0.0953125 0.05390625 0.040625 0.1078125
0 0.12421875 0.146875 0.04765625 0.17421875
0 0.071875 0.1375 0.04296875 0.18203125
0 0.0671875 0.2171875 0.04453125 0.21796875
0 0.0265625 0.215625 0.0390625 0.21484375
0 0.03515625 0.48203125 0.05625 0.2046875
0 0.00859375 0.4796875 0.0171875 0.196875
0 0.809375 0.06953125 0.03828125 0.13828125