0 0.340625 0.82109375 0.05859375 0.2234375
0 0.7671875 0.66953125 0.0515625 0.21640625
0 0.73984375 0.55703125 0.04921875 0.228125
0 0.68046875 0.10546875 0.05078125 0.1359375
0 0.68203125 0.04765625 0.05390625 0.0953125
0 0.38671875 0.2609375 0.0515625 0.13125
0 0.4359375 0.3421875 0.0453125 0.23515625
0 0.4390625 0.21328125 0.0453125 0.13359375
0 0.2328125 0.034375 0.02890625 0.06875
0 0.3828125 0.4109375 0.04765625 0.19921875
0 0.3921875 0.72421875 0.040625 0.2234375
0 0.1796875 0.19765625 0.034375 0.16953125
0 0.53515625 0.346875 0.04375 0.17734375
0 0.49296875 0.33359375 0.03828125 0.19453125
0 0.5453125 0.04140625 0.0375 0.0828125
0 0.54296875 0.128125 0.0421875 0.17265625
0 0.5125 0.140625 0.03984375 0.17734375
0 0.83203125 0.06484375 0.03203125 0.12890625
0 0.203125 0.05390625 0.0296875 0.1078125
0 0.98984375 0.596875 0.01953125 0.23046875
0 0.26640625 0.05 0.0328125 0.1
0 0.41328125 0.0953125 0.040625 0.16953125
0 0.8921875 0.08359375 0.0328125 0.1453125
0 0.92890625 0.084375 0.040625 0.1625
0 0.4609375 0.11015625 0.0421875 0.175
0 0.625 0.55703125 0.053125 0.25703125
0 0.78671875 0.19375 0.04609375 0.18203125
0 0.9890625 0.371875 0.021875 0.2
0 0.9828125 0.28359375 0.034375 0.1828125
0 0.94453125 0.28984375 0.0453125 0.16953125
0 0.90078125 0.3859375 0.04765625 0.17734375
0 0.15703125 0.275 0.04375 0.1890625
0 0.11328125 0.37578125 0.04921875 0.20625
0 0.2671875 0.215625 0.0328125 0.1671875
0 0.228125 0.20390625 0.04375 0.1484375
0 0.22265625 0.3265625 0.04375 0.16015625
0 0.23984375 0.4546875 0.053125 0.16484375
0 0.25546875 0.603125 0.04609375 0.2234375
0 0.59453125 0.20625 0.03671875 0.17265625
0 0.603125 0.1015625 0.03671875 0.14296875
0 0.5609375 0.5203125 0.04921875 0.21875
0 0.45546875 0.5640625 0.04765625 0.21875