0 0.640625 0.884375 0.06328125 0.23046875
0 0.1828125 0.7265625 0.05546875 0.23203125
0 0.21171875 0.6046875 0.053125 0.2453125
0 0.27578125 0.11953125 0.05390625 0.14609375
0 0.27421875 0.05390625 0.0578125 0.1078125
0 0.59140625 0.28671875 0.05546875 0.140625
0 0.53828125 0.37421875 0.0484375 0.253125
0 0.53515625 0.2359375 0.0484375 0.14375
0 0.7578125 0.1640625 0.03984375 0.1515625
0 0.53515625 0.078125 0.0421875 0.15546875
0 0.571875 0.0765625 0.04296875 0.153125
0 0.75625 0.03984375 0.03125 0.0796875
0 0.5953125 0.4484375 0.0515625 0.2140625
0 0.5859375 0.78515625 0.04375 0.23984375
0 0.2421875 0.26171875 0.0484375 0.190625
0 0.81328125 0.21875 0.03671875 0.1828125
0 0.7796875 0.31015625 0.03984375 0.18828125
0 0.75 0.38828125 0.04375 0.1984375
0 0.43203125 0.37890625 0.046875 0.190625
0 0.47734375 0.36484375 0.04140625 0.20859375
0 0.3859375 0.15703125 0.0484375 0.18515625
0 0.421875 0.04765625 0.040625 0.0953125
0 0.4234375 0.14453125 0.0453125 0.18515625
0 0.45625 0.15703125 0.0421875 0.190625
0 0.13828125 0.08203125 0.03359375 0.1640625
0 0.11328125 0.07265625 0.034375 0.1453125
0 0.01015625 0.128125 0.0203125 0.16875
0 0.72734375 0.1546875 0.03984375 0.1796875
0 0.78828125 0.0609375 0.03203125 0.121875
0 0.515625 0.6953125 0.06328125 0.24765625
0 0.42265625 0.63515625 0.06171875 0.2375
0 0.35 0.5578125 0.05390625 0.2609375
0 0.01875 0.2796875 0.0375 0.175
0 0.0703125 0.36640625 0.0484375 0.1796875
0 0.06171875 0.078125 0.03359375 0.15546875
0 0.84765625 0.34140625 0.05 0.20859375
0 0.88828125 0.34765625 0.0453125 0.20078125
0 0.74140625 0.584375 0.05703125 0.2453125
0 0.56328125 0.81875 0.05859375 0.27109375
0 0.3734375 0.08828125 0.03984375 0.140625
0 0.7203125 0.05703125 0.03515625 0.1140625