0 0.6921875 0.834375 0.06015625 0.22890625
0 0.25546875 0.67890625 0.053125 0.22109375
0 0.28359375 0.56328125 0.05 0.23359375
0 0.34453125 0.10078125 0.0515625 0.1390625
0 0.34296875 0.0453125 0.0546875 0.090625
0 0.6453125 0.26015625 0.053125 0.134375
0 0.59453125 0.34296875 0.04609375 0.24140625
0 0.59140625 0.21171875 0.04609375 0.13671875
0 0.80234375 0.03203125 0.0296875 0.06328125
0 0.6484375 0.4140625 0.04921875 0.20390625
0 0.63984375 0.734375 0.0421875 0.22890625
0 0.85703125 0.1953125 0.03515625 0.17421875
0 0.49296875 0.3484375 0.04453125 0.18125
0 0.5359375 0.334375 0.0390625 0.1984375
0 0.48359375 0.0390625 0.0390625 0.078125
0 0.48515625 0.12421875 0.04296875 0.1765625
0 0.51640625 0.13671875 0.040625 0.18125
0 0.1890625 0.0625 0.03203125 0.125
0 0.8328125 0.0515625 0.03046875 0.103125
0 0.01953125 0.60390625 0.0390625 0.2359375
0 0.76796875 0.04765625 0.03359375 0.0953125
0 0.6171875 0.090625 0.0421875 0.17421875
0 0.128125 0.07890625 0.03359375 0.14921875
0 0.09140625 0.08125 0.0421875 0.1625
0 0.56875 0.10625 0.04296875 0.17890625
0 0.4015625 0.56328125 0.0546875 0.26328125
0 0.2359375 0.19140625 0.04765625 0.18671875
0 0.01953125 0.37421875 0.0390625 0.20390625
0 0.02578125 0.28359375 0.0515625 0.18671875
0 0.075 0.28984375 0.04609375 0.17421875
0 0.11953125 0.38828125 0.04921875 0.18125
0 0.8796875 0.275 0.04453125 0.19375
0 0.92421875 0.378125 0.05 0.2109375
0 0.76640625 0.2140625 0.03359375 0.17109375
0 0.80703125 0.2015625 0.04453125 0.1515625
0 0.8125 0.32734375 0.04453125 0.1640625
0 0.7953125 0.45859375 0.0546875 0.16875
0 0.7796875 0.61015625 0.04765625 0.22890625
0 0.43203125 0.20390625 0.0375 0.1765625
0 0.42421875 0.096875 0.0375 0.146875
0 0.46640625 0.52578125 0.05 0.2234375
0 0.575 0.5703125 0.04921875 0.2234375