0 0.31640625 0.796875 0.05703125 0.2171875
0 0.73203125 0.64921875 0.05078125 0.21015625
0 0.7046875 0.5390625 0.04765625 0.221875
0 0.646875 0.1 0.04921875 0.13203125
0 0.64765625 0.04453125 0.0515625 0.0890625
0 0.3609375 0.25078125 0.05078125 0.12734375
0 0.63359375 0.2484375 0.04921875 0.175
0 0.196875 0.43984375 0.0640625 0.203125
0 0.5640625 0.37265625 0.05859375 0.21953125
0 0.378125 0.39609375 0.03984375 0.19609375
0 0.409375 0.33046875 0.04375 0.22890625
0 0.41171875 0.2046875 0.04375 0.1296875
0 0.50546875 0.303125 0.03984375 0.165625
0 0.46796875 0.29140625 0.03828125 0.184375
0 0.54609375 0.1078125 0.03828125 0.14921875
0 0.509375 0.09609375 0.03203125 0.15390625
0 0.48046875 0.1046875 0.034375 0.165625
0 0.209375 0.303125 0.03359375 0.1796875
0 0.19140625 0.24765625 0.03828125 0.15859375
0 0.16484375 0.2234375 0.03203125 0.18203125
0 0.14375 0.1859375 0.02890625 0.17265625
0 0.175 0.10078125 0.028125 0.096875
0 0.209375 0.13984375 0.0359375 0.13671875
0 0.24453125 0.14375 0.03359375 0.17734375
0 0.178125 0.06171875 0.02890625 0.08515625
0 0.78359375 0.0484375 0.0265625 0.096875
0 0.75859375 0.0546875 0.040625 0.10859375
0 0.90078125 0.16796875 0.034375 0.11328125
0 0.915625 0.1375 0.0359375 0.13671875
0 0.06640625 0.3796875 0.046875 0.19609375
0 0.41171875 0.06640625 0.03828125 0.13203125
0 0.37734375 0.06484375 0.0390625 0.1296875
0 0.83125 0.06015625 0.034375 0.1203125
0 0.5171875 0.62578125 0.06015625 0.22421875
0 0.8625 0.20703125 0.0359375 0.15390625
0 0.91015625 0.27109375 0.0421875 0.18203125
0 0.94453125 0.25 0.0375 0.17265625
0 0.93828125 0.5140625 0.0515625 0.22421875
0 0.978125 0.52578125 0.04375 0.2203125
0 0.97265625 0.4171875 0.03828125 0.1015625
0 0.79765625 0.25546875 0.04375 0.1515625
0 0.43359375 0.76640625 0.05546875 0.25078125
0 0.4453125 0.65859375 0.0515625 0.19140625
0 0.79140625 0.11640625 0.034375 0.11796875