0 0.6640625 0.78515625 0.06171875 0.2359375
0 0.21484375 0.625 0.0546875 0.228125
0 0.24375 0.50546875 0.0515625 0.240625
0 0.30625 0.05 0.053125 0.1
0 0.61640625 0.19296875 0.0546875 0.13828125
0 0.5640625 0.27890625 0.04765625 0.2484375
0 0.5609375 0.14296875 0.04765625 0.140625
0 0.7796875 0.0734375 0.0390625 0.146875
0 0.56171875 0.03203125 0.0421875 0.0640625
0 0.596875 0.03125 0.0421875 0.0625
0 0.1078125 0.02578125 0.0375 0.0515625
0 0.14375 0.1984375 0.04765625 0.1640625
0 0.15078125 0.05546875 0.0375 0.1109375
0 0.61953125 0.3515625 0.05 0.21015625
0 0.61015625 0.68203125 0.04296875 0.2359375
0 0.45 0.56484375 0.05859375 0.240625
0 0.38828125 0.3984375 0.05625 0.24609375
0 0.2734375 0.16875 0.04765625 0.18671875
0 0.834375 0.1265625 0.0359375 0.1796875
0 0.84921875 0.21328125 0.04921875 0.19453125
0 0.80078125 0.21640625 0.0390625 0.184375
0 0.771875 0.29296875 0.04296875 0.19453125
0 0.778125 0.4609375 0.05 0.23828125
0 0.459375 0.284375 0.04609375 0.18671875
0 0.50390625 0.2703125 0.040625 0.2046875
0 0.4140625 0.078125 0.046875 0.15625
0 0.45234375 0.071875 0.0453125 0.14375
0 0.484375 0.0796875 0.040625 0.159375
0 0.17109375 0.03671875 0.0328125 0.07265625
0 0.146875 0.02734375 0.03359375 0.0546875
0 0.0359375 0.06015625 0.040625 0.1203125
0 0.06484375 0.16015625 0.04765625 0.17421875
0 0.0171875 0.15078125 0.03359375 0.18203125
0 0.74921875 0.07578125 0.03828125 0.1515625
0 0.81015625 0.015625 0.0328125 0.03125
0 0.91328125 0.27109375 0.04140625 0.20234375
0 0.00703125 0.25703125 0.0140625 0.2046875
0 0.578125 0.72734375 0.04453125 0.27421875
0 0.5421875 0.59375 0.06171875 0.24296875