0 0.31640625 0.81953125 0.059375 0.225
0 0.7453125 0.66640625 0.05234375 0.2171875
0 0.71796875 0.553125 0.04921875 0.2296875
0 0.6578125 0.09921875 0.05078125 0.13671875
0 0.659375 0.04453125 0.05390625 0.0890625
0 0.36171875 0.25546875 0.05234375 0.13203125
0 0.4125 0.3375 0.0453125 0.23671875
0 0.41484375 0.2078125 0.0453125 0.134375
0 0.20625 0.140625 0.03671875 0.14140625
0 0.20703125 0.03125 0.02890625 0.0625
0 0.35859375 0.40703125 0.0484375 0.2
0 0.36796875 0.721875 0.04140625 0.225
0 0.15390625 0.1921875 0.034375 0.17109375
0 0.1859375 0.27734375 0.03671875 0.17578125
0 0.2140625 0.35078125 0.04140625 0.1859375
0 0.51171875 0.3421875 0.04375 0.178125
0 0.46953125 0.32890625 0.03828125 0.1953125
0 0.55546875 0.134375 0.0453125 0.1734375
0 0.521875 0.03828125 0.0375 0.0765625
0 0.51953125 0.12265625 0.04296875 0.1734375
0 0.4890625 0.134375 0.03984375 0.178125
0 0.81015625 0.06171875 0.03203125 0.1234375
0 0.23515625 0.13203125 0.03671875 0.16875
0 0.178125 0.05078125 0.03046875 0.1015625
0 0.9796875 0.59296875 0.040625 0.23125
0 0.22109375 0.53359375 0.05390625 0.2296875
0 0.56640625 0.06953125 0.03671875 0.13203125
0 0.24140625 0.046875 0.0328125 0.09375
0 0.38984375 0.0890625 0.04140625 0.17109375
0 0.8703125 0.07734375 0.0328125 0.146875
0 0.90625 0.0796875 0.040625 0.159375
0 0.43671875 0.10390625 0.04296875 0.17578125
0 0.6015625 0.553125 0.05390625 0.25859375
0 0.5265625 0.540625 0.06015625 0.21953125
0 0.434375 0.596875 0.059375 0.225
0 0.09375 0.353125 0.0484375 0.1953125
0 0.1078125 0.27734375 0.04921875 0.17109375
0 0.76484375 0.18828125 0.046875 0.1828125
0 0.97890625 0.36796875 0.04140625 0.2
0 0.97109375 0.27890625 0.05078125 0.1828125
0 0.9234375 0.284375 0.0453125 0.17109375
0 0.87890625 0.38125 0.0484375 0.178125