0 0.65078125 0.80625 0.0640625 0.24296875
0 0.18671875 0.64140625 0.05625 0.23515625
0 0.21640625 0.51875 0.053125 0.2484375
0 0.28203125 0.05 0.0546875 0.1
0 0.60078125 0.19609375 0.05625 0.14296875
0 0.546875 0.284375 0.04921875 0.25625
0 0.54375 0.14453125 0.04921875 0.1453125
0 0.76953125 0.07421875 0.040625 0.14765625
0 0.54375 0.03203125 0.04296875 0.06328125
0 0.6046875 0.36015625 0.05234375 0.21640625
0 0.5953125 0.70078125 0.04453125 0.24296875
0 0.82578125 0.12734375 0.0375 0.18515625
0 0.79140625 0.21953125 0.03984375 0.190625
0 0.7609375 0.29921875 0.04453125 0.20078125
0 0.4390625 0.28984375 0.04765625 0.19296875
0 0.48515625 0.275 0.04140625 0.21171875
0 0.39296875 0.07890625 0.0484375 0.1578125
0 0.43203125 0.07265625 0.0453125 0.1453125
0 0.4640625 0.08125 0.04296875 0.16171875
0 0.14140625 0.0359375 0.03359375 0.071875
0 0.11640625 0.0265625 0.034375 0.053125
0 0.0109375 0.0609375 0.021875 0.121875
0 0.73828125 0.0765625 0.03984375 0.153125
0 0.8 0.01484375 0.0328125 0.0296875
0 0.52421875 0.609375 0.0640625 0.25078125
0 0.43046875 0.54921875 0.0625 0.240625
0 0.35703125 0.47109375 0.0546875 0.2640625
0 0.01953125 0.1890625 0.03828125 0.17734375
0 0.0734375 0.2765625 0.04921875 0.18203125
0 0.0640625 0.03203125 0.03359375 0.06328125
0 0.8609375 0.2515625 0.05078125 0.21171875
0 0.9015625 0.2578125 0.04609375 0.203125
0 0.753125 0.49765625 0.0578125 0.2484375
0 0.57265625 0.73515625 0.059375 0.275
0 0.38046875 0.03359375 0.040625 0.06640625
0 0.19921875 0.146875 0.04296875 0.19296875
0 0.571875 0.0546875 0.04453125 0.10859375