0 0.30078125 0.87578125 0.06328125 0.23984375
0 0.75859375 0.7125 0.05546875 0.23203125
0 0.7296875 0.59140625 0.053125 0.2453125
0 0.665625 0.10625 0.05390625 0.14609375
0 0.6671875 0.04765625 0.0578125 0.0953125
0 0.35 0.27265625 0.05546875 0.140625
0 0.65078125 0.2703125 0.05390625 0.19296875
0 0.16953125 0.48203125 0.0703125 0.22421875
0 0.57421875 0.40703125 0.06484375 0.24296875
0 0.36875 0.43359375 0.04375 0.21640625
0 0.403125 0.36015625 0.0484375 0.253125
0 0.40625 0.221875 0.0484375 0.14375
0 0.509375 0.33046875 0.04375 0.1828125
0 0.46796875 0.3171875 0.0421875 0.20390625
0 0.5546875 0.11484375 0.0421875 0.1640625
0 0.5140625 0.10234375 0.03515625 0.16953125
0 0.48203125 0.1109375 0.03828125 0.1828125
0 0.18359375 0.33046875 0.03671875 0.1984375
0 0.16328125 0.26875 0.0421875 0.175
0 0.134375 0.24296875 0.03515625 0.20078125
0 0.1109375 0.2015625 0.03203125 0.190625
0 0.1453125 0.10703125 0.03046875 0.10703125
0 0.18359375 0.15 0.03984375 0.1515625
0 0.221875 0.15390625 0.03671875 0.19609375
0 0.14921875 0.0640625 0.03203125 0.09375
0 0.81640625 0.0515625 0.03046875 0.103125
0 0.7890625 0.0578125 0.0453125 0.115625
0 0.94453125 0.18125 0.03828125 0.125
0 0.96171875 0.14765625 0.03984375 0.1515625
0 0.40625 0.07109375 0.0421875 0.1421875
0 0.36953125 0.0703125 0.04296875 0.13984375
0 0.86875 0.06484375 0.03828125 0.1296875
0 0.521875 0.68671875 0.065625 0.24765625
0 0.903125 0.225 0.03984375 0.16953125
0 0.95546875 0.2953125 0.046875 0.20078125
0 0.9859375 0.27109375 0.02734375 0.18984375
0 0.97890625 0.5640625 0.0421875 0.2484375
0 0.83125 0.278125 0.0484375 0.1671875
0 0.43046875 0.8421875 0.06171875 0.2765625
0 0.44296875 0.7234375 0.05703125 0.21171875
0 0.825 0.12421875 0.03828125 0.13046875
0 0.0328125 0.37578125 0.0453125 0.20078125
0 0.18515625 0.03359375 0.03125 0.0671875