0 0.68203125 0.81171875 0.059375 0.225
0 0.25234375 0.65859375 0.05234375 0.2171875
0 0.2796875 0.5453125 0.04921875 0.2296875
0 0.33984375 0.09140625 0.05078125 0.13671875
0 0.33828125 0.040625 0.05390625 0.08125
0 0.6359375 0.24765625 0.05234375 0.13203125
0 0.5859375 0.3296875 0.0453125 0.23671875
0 0.5828125 0.2 0.0453125 0.134375
0 0.790625 0.02734375 0.02890625 0.0546875
0 0.6390625 0.39921875 0.0484375 0.2
0 0.63046875 0.7140625 0.04140625 0.225
0 0.84375 0.184375 0.034375 0.17109375
0 0.4859375 0.334375 0.04375 0.178125
0 0.52890625 0.32109375 0.03828125 0.1953125
0 0.4765625 0.034375 0.0375 0.06875
0 0.478125 0.11484375 0.04296875 0.1734375
0 0.50859375 0.1265625 0.03984375 0.178125
0 0.1875 0.0578125 0.03203125 0.115625
0 0.8203125 0.046875 0.03046875 0.09375
0 0.01953125 0.58515625 0.03828125 0.23125
0 0.75625 0.04296875 0.0328125 0.0859375
0 0.60859375 0.08359375 0.04140625 0.1671875
0 0.12734375 0.07109375 0.0328125 0.1421875
0 0.090625 0.0765625 0.04140625 0.15234375
0 0.5609375 0.09609375 0.04296875 0.17578125
0 0.39609375 0.5453125 0.05390625 0.25859375
0 0.23359375 0.18046875 0.046875 0.1828125
0 0.0203125 0.359375 0.040625 0.2
0 0.0265625 0.27109375 0.05078125 0.1828125
0 0.07421875 0.2765625 0.0453125 0.17109375
0 0.11875 0.3734375 0.0484375 0.178125
0 0.86640625 0.2625 0.04375 0.190625
0 0.91015625 0.36328125 0.04921875 0.2078125
0 0.75546875 0.20234375 0.0328125 0.16875
0 0.7953125 0.18984375 0.04375 0.14921875
0 0.80078125 0.31328125 0.04375 0.1609375
0 0.78359375 0.44296875 0.05390625 0.165625
0 0.76796875 0.5921875 0.046875 0.225
0 0.4265625 0.19296875 0.03671875 0.1734375
0 0.41796875 0.0875 0.03671875 0.14375
0 0.46015625 0.50859375 0.04921875 0.21953125
0 0.56640625 0.553125 0.0484375 0.21953125