0 0.7078125 0.80859375 0.059375 0.22734375
0 0.27421875 0.65390625 0.053125 0.21953125
0 0.3015625 0.5390625 0.05 0.23203125
0 0.3625 0.0796875 0.0515625 0.13828125
0 0.36171875 0.034375 0.0546875 0.06875
0 0.66171875 0.2375 0.053125 0.13359375
0 0.6109375 0.3203125 0.04609375 0.23984375
0 0.6078125 0.18984375 0.04609375 0.1359375
0 0.81953125 0.121875 0.0375 0.14296875
0 0.60859375 0.05703125 0.03984375 0.11328125
0 0.64375 0.05546875 0.040625 0.1109375
0 0.1703125 0.05078125 0.0359375 0.1015625
0 0.021875 0.41171875 0.040625 0.10625
0 0.20546875 0.24296875 0.04609375 0.1578125
0 0.21171875 0.096875 0.0359375 0.1234375
0 0.81796875 0.02109375 0.0296875 0.0421875
0 0.66484375 0.390625 0.0484375 0.20234375
0 0.65625 0.709375 0.04140625 0.22734375
0 0.60390625 0.7703125 0.059375 0.27421875
0 0.584375 0.65859375 0.05390625 0.24453125
0 0.5015625 0.59609375 0.05703125 0.23203125
0 0.44140625 0.43515625 0.05390625 0.2375
0 0.33046875 0.2140625 0.04609375 0.18046875
0 0.871875 0.1734375 0.034375 0.17265625
0 0.88671875 0.25703125 0.046875 0.1875
0 0.83984375 0.26015625 0.0375 0.178125
0 0.81171875 0.334375 0.04140625 0.1875
0 0.81796875 0.49609375 0.0484375 0.2296875
0 0.51015625 0.325 0.04453125 0.18046875
0 0.553125 0.31171875 0.0390625 0.19765625
0 0.471875 0.0359375 0.03359375 0.071875
0 0.46640625 0.115625 0.04609375 0.17578125
0 0.5 0.02890625 0.0375 0.05703125
0 0.50234375 0.103125 0.04296875 0.17578125
0 0.5328125 0.115625 0.040625 0.18046875
0 0.23203125 0.0609375 0.03203125 0.121875
0 0.209375 0.0515625 0.03125 0.103125
0 0.10078125 0.08828125 0.0390625 0.1609375
0 0.12890625 0.20546875 0.04609375 0.16796875
0 0.078125 0.196875 0.04140625 0.17578125
0 0.0734375 0.2734375 0.04296875 0.21015625
0 0.034375 0.271875 0.0375 0.2078125
0 0.04296875 0.52890625 0.05390625 0.19765625
0 0.0125 0.52734375 0.02421875 0.18984375
0 0.78984375 0.11328125 0.0375 0.1703125
0 0.84921875 0.040625 0.0296875 0.08125
0 0.9484375 0.31328125 0.040625 0.1953125