0 0.328125 0.87578125 0.06328125 0.24140625
0 0.78984375 0.71171875 0.05625 0.23359375
0 0.76015625 0.58984375 0.053125 0.246875
0 0.69609375 0.1015625 0.0546875 0.146875
0 0.696875 0.0453125 0.0578125 0.090625
0 0.378125 0.26953125 0.05625 0.1421875
0 0.43203125 0.35703125 0.0484375 0.2546875
0 0.434375 0.21796875 0.0484375 0.14453125
0 0.21015625 0.14609375 0.03984375 0.15234375
0 0.434375 0.06875 0.0421875 0.1375
0 0.21171875 0.03125 0.03125 0.06171875
0 0.37421875 0.43203125 0.0515625 0.215625
0 0.38359375 0.77109375 0.04453125 0.24140625
0 0.15390625 0.20078125 0.03671875 0.18359375
0 0.18828125 0.29296875 0.03984375 0.1890625
0 0.21875 0.371875 0.04453125 0.19921875
0 0.53828125 0.3625 0.046875 0.19140625
0 0.49296875 0.3484375 0.04140625 0.21015625
0 0.58515625 0.1390625 0.0484375 0.18671875
0 0.54921875 0.0390625 0.03984375 0.07734375
0 0.546875 0.1265625 0.04609375 0.18671875
0 0.5140625 0.1390625 0.04296875 0.19140625
0 0.83359375 0.07265625 0.0328125 0.1453125
0 0.859375 0.06328125 0.034375 0.1265625
0 0.97421875 0.1109375 0.04140625 0.1703125
0 0.24140625 0.13671875 0.03984375 0.18125
0 0.1796875 0.05234375 0.0328125 0.10390625
0 0.45390625 0.68046875 0.06328125 0.24921875
0 0.54765625 0.6203125 0.06171875 0.2390625
0 0.6203125 0.5421875 0.0546875 0.2625
0 0.96171875 0.2625 0.0484375 0.17578125
0 0.90234375 0.34921875 0.0484375 0.18125
0 0.9109375 0.06875 0.03359375 0.1375
0 0.11953125 0.32421875 0.05 0.21015625
0 0.07890625 0.33125 0.04609375 0.20234375
0 0.2265625 0.56875 0.0578125 0.246875
0 0.40546875 0.80546875 0.059375 0.2734375
0 0.596875 0.0703125 0.03984375 0.140625
0 0.24765625 0.04765625 0.03515625 0.0953125
0 0.77734375 0.22109375 0.04296875 0.19140625
0 0.40703125 0.09140625 0.04453125 0.1828125