0 0.71171875 0.7875 0.059375 0.22734375
0 0.278125 0.6328125 0.053125 0.21953125
0 0.30546875 0.51796875 0.05 0.23203125
0 0.36640625 0.0640625 0.0515625 0.12734375
0 0.36484375 0.02421875 0.0546875 0.0484375
0 0.665625 0.2171875 0.053125 0.13359375
0 0.38046875 0.2140625 0.0515625 0.1828125
0 0.83671875 0.41484375 0.06640625 0.2125
0 0.453125 0.34375 0.0609375 0.2296875
0 0.64765625 0.36875 0.04140625 0.2046875
0 0.61484375 0.3 0.04609375 0.23984375
0 0.61171875 0.16875 0.04609375 0.1359375
0 0.5140625 0.27109375 0.04140625 0.17265625
0 0.55390625 0.25859375 0.040625 0.19296875
0 0.471875 0.07265625 0.040625 0.1453125
0 0.51015625 0.06796875 0.03359375 0.13515625
0 0.540625 0.075 0.0359375 0.15
0 0.8234375 0.27109375 0.034375 0.1875
0 0.84296875 0.21328125 0.040625 0.165625
0 0.86953125 0.18828125 0.03359375 0.18984375
0 0.8921875 0.14921875 0.03046875 0.18046875
0 0.859375 0.06015625 0.02890625 0.1015625
0 0.8234375 0.10078125 0.0375 0.14296875
0 0.78671875 0.1046875 0.034375 0.18515625
0 0.85625 0.03125 0.03125 0.0625
0 0.2234375 0.028125 0.02890625 0.05625
0 0.25 0.034375 0.04296875 0.06796875
0 0.1015625 0.13046875 0.0359375 0.11875
0 0.0859375 0.0984375 0.0375 0.14296875
0 0.9734375 0.3515625 0.0484375 0.2046875
0 0.61328125 0.04609375 0.0390625 0.0921875
0 0.646875 0.0453125 0.040625 0.090625
0 0.17421875 0.040625 0.0359375 0.08125
0 0.50234375 0.60859375 0.0625 0.234375
0 0.14140625 0.17109375 0.0375 0.1609375
0 0.0921875 0.23828125 0.04453125 0.18984375
0 0.05546875 0.215625 0.0390625 0.18046875
0 0.06171875 0.4921875 0.05390625 0.234375
0 0.021875 0.5046875 0.04296875 0.23046875
0 0.02578125 0.39140625 0.040625 0.10625
0 0.209375 0.221875 0.04609375 0.1578125
0 0.5890625 0.75546875 0.05859375 0.26171875
0 0.57734375 0.64296875 0.05390625 0.2
0 0.215625 0.07578125 0.0359375 0.1234375