0 0.31640625 0.815625 0.0578125 0.22109375
0 0.73828125 0.66484375 0.0515625 0.2140625
0 0.71171875 0.553125 0.0484375 0.22578125
0 0.653125 0.10625 0.05 0.134375
0 0.65390625 0.0484375 0.053125 0.09609375
0 0.36171875 0.26015625 0.0515625 0.1296875
0 0.4109375 0.340625 0.04453125 0.2328125
0 0.41328125 0.21328125 0.04453125 0.13203125
0 0.20859375 0.146875 0.03671875 0.1390625
0 0.209375 0.03515625 0.02890625 0.0703125
0 0.35859375 0.409375 0.04765625 0.196875
0 0.3671875 0.71953125 0.040625 0.22109375
0 0.15703125 0.19765625 0.03359375 0.16796875
0 0.18828125 0.28203125 0.03671875 0.1734375
0 0.215625 0.35390625 0.040625 0.1828125
0 0.50859375 0.3453125 0.04296875 0.17578125
0 0.4671875 0.33203125 0.0375 0.1921875
0 0.5515625 0.14140625 0.04453125 0.1703125
0 0.51875 0.0421875 0.03671875 0.084375
0 0.51640625 0.12890625 0.0421875 0.1703125
0 0.48671875 0.14140625 0.0390625 0.17578125
0 0.80234375 0.06484375 0.03125 0.1296875
0 0.23671875 0.1390625 0.03671875 0.165625
0 0.18046875 0.0546875 0.0296875 0.10859375
0 0.97421875 0.59296875 0.05078125 0.228125
0 0.2234375 0.534375 0.05234375 0.22578125
0 0.5625 0.07734375 0.03671875 0.1296875
0 0.24296875 0.05078125 0.0328125 0.10078125
0 0.38828125 0.096875 0.040625 0.16796875
0 0.86171875 0.084375 0.0328125 0.14453125
0 0.8984375 0.0859375 0.040625 0.1609375
0 0.43515625 0.1109375 0.0421875 0.1734375
0 0.59765625 0.553125 0.05234375 0.2546875
0 0.5234375 0.54140625 0.059375 0.21640625
0 0.4328125 0.596875 0.0578125 0.22109375
0 0.09765625 0.35625 0.04765625 0.1921875
0 0.11171875 0.28203125 0.0484375 0.16796875
0 0.7578125 0.19375 0.04609375 0.18046875
0 0.99375 0.371875 0.0125 0.1875
0 0.971875 0.3703125 0.04765625 0.196875
0 0.9609375 0.2828125 0.05 0.18046875
0 0.91328125 0.2890625 0.04453125 0.16796875
0 0.8703125 0.38359375 0.04765625 0.17578125