0 0.3109375 0.8 0.059375 0.225
0 0.740625 0.646875 0.05234375 0.2171875
0 0.71328125 0.53359375 0.04921875 0.2296875
0 0.653125 0.0796875 0.05078125 0.13671875
0 0.65390625 0.034375 0.0546875 0.06875
0 0.35703125 0.2359375 0.05234375 0.13203125
0 0.40703125 0.31796875 0.0453125 0.23671875
0 0.41015625 0.18828125 0.0453125 0.134375
0 0.2015625 0.12109375 0.03671875 0.14140625
0 0.409375 0.05625 0.040625 0.1125
0 0.37578125 0.05546875 0.03984375 0.1109375
0 0.84296875 0.05078125 0.0359375 0.1015625
0 0.984375 0.40703125 0.03125 0.1046875
0 0.80859375 0.240625 0.0453125 0.15625
0 0.80234375 0.096875 0.0359375 0.121875
0 0.20234375 0.021875 0.02890625 0.04296875
0 0.35390625 0.3875 0.0484375 0.2
0 0.3625 0.70234375 0.04140625 0.225
0 0.515625 0.58984375 0.05625 0.2296875
0 0.575 0.43125 0.05390625 0.234375
0 0.684375 0.2125 0.0453125 0.178125
0 0.14921875 0.17265625 0.034375 0.17109375
0 0.134375 0.25546875 0.046875 0.1859375
0 0.18046875 0.2578125 0.03671875 0.17578125
0 0.20859375 0.33125 0.04140625 0.1859375
0 0.20234375 0.490625 0.0484375 0.22734375
0 0.50703125 0.32265625 0.04375 0.178125
0 0.4640625 0.309375 0.03828125 0.1953125
0 0.5453125 0.0359375 0.0328125 0.071875
0 0.55 0.11484375 0.0453125 0.1734375
0 0.5171875 0.02890625 0.0375 0.0578125
0 0.5140625 0.103125 0.04296875 0.1734375
0 0.484375 0.11484375 0.03984375 0.178125
0 0.78203125 0.0609375 0.03125 0.12109375
0 0.80546875 0.0515625 0.03203125 0.103125
0 0.91171875 0.08828125 0.03828125 0.15859375
0 0.88359375 0.20390625 0.0453125 0.165625
0 0.934375 0.1953125 0.04140625 0.1734375
0 0.96875 0.52421875 0.05390625 0.1953125
0 0.99375 0.52265625 0.0125 0.1875
0 0.23046875 0.1125 0.03671875 0.16875
0 0.171875 0.040625 0.03125 0.08125
0 0.0734375 0.31015625 0.03984375 0.19296875
0 0.953125 0.296875 0.04140625 0.1953125
0 0.98359375 0.28984375 0.0328125 0.2078125
0 0.39375 0.74453125 0.04296875 0.2609375
0 0.428125 0.61796875 0.059375 0.23203125