0 0.66171875 0.7890625 0.06328125 0.24140625
0 0.20078125 0.625 0.05625 0.23359375
0 0.2296875 0.50234375 0.053125 0.246875
0 0.29453125 0.04375 0.0546875 0.0875
0 0.6125 0.18203125 0.05625 0.1421875
0 0.55859375 0.2703125 0.0484375 0.2546875
0 0.55546875 0.13125 0.0484375 0.14453125
0 0.615625 0.3453125 0.0515625 0.215625
0 0.60625 0.68359375 0.04453125 0.24140625
0 0.8359375 0.1140625 0.03671875 0.18359375
0 0.4515625 0.27578125 0.046875 0.19140625
0 0.496875 0.2609375 0.04140625 0.21015625
0 0.44296875 0.06640625 0.04609375 0.13203125
0 0.47578125 0.07421875 0.0421875 0.1484375
0 0.13046875 0.0203125 0.034375 0.03984375
0 0.5828125 0.04765625 0.04453125 0.0953125
0 0.0671875 0.034375 0.034375 0.06875
0 0.0265625 0.03984375 0.04453125 0.0796875
0 0.53203125 0.05703125 0.04609375 0.11328125
0 0.3546875 0.50234375 0.0578125 0.278125
0 0.1796875 0.11015625 0.05 0.196875
0 0.0171875 0.2140625 0.03359375 0.18359375
0 0.05625 0.3171875 0.0515625 0.19140625
0 0.86015625 0.19765625 0.046875 0.2046875
0 0.90703125 0.30703125 0.053125 0.2234375
0 0.740625 0.13359375 0.03515625 0.18125
0 0.78359375 0.1203125 0.046875 0.16015625
0 0.7890625 0.253125 0.046875 0.1734375
0 0.77109375 0.3921875 0.0578125 0.17890625
0 0.75390625 0.55234375 0.05 0.24140625
0 0.38671875 0.1234375 0.03984375 0.18671875
0 0.378125 0.04375 0.03984375 0.0875
0 0.4234375 0.46328125 0.053125 0.23671875
0 0.5375 0.51015625 0.0515625 0.23671875