0 0.65078125 0.78125 0.0640625 0.24296875
0 0.18671875 0.615625 0.05625 0.23515625
0 0.21640625 0.49296875 0.053125 0.2484375
0 0.28125 0.0375 0.05546875 0.075
0 0.60078125 0.17109375 0.05625 0.14296875
0 0.546875 0.259375 0.04921875 0.25625
0 0.54375 0.11953125 0.04921875 0.1453125
0 0.7703125 0.0609375 0.040625 0.121875
0 0.54453125 0.01875 0.0421875 0.0375
0 0.58125 0.01796875 0.04296875 0.0359375
0 0.6046875 0.334375 0.05234375 0.21640625
0 0.5953125 0.67578125 0.04453125 0.24296875
0 0.246875 0.1453125 0.04921875 0.19296875
0 0.82578125 0.10234375 0.0375 0.18515625
0 0.79140625 0.19453125 0.03984375 0.190625
0 0.7609375 0.2734375 0.04453125 0.20078125
0 0.4390625 0.26484375 0.04765625 0.19296875
0 0.48515625 0.25 0.04140625 0.21171875
0 0.3921875 0.06640625 0.0484375 0.1328125
0 0.43125 0.06015625 0.04609375 0.1203125
0 0.46484375 0.06796875 0.0421875 0.1359375
0 0.14140625 0.0234375 0.03359375 0.046875
0 0.0109375 0.0484375 0.021875 0.09609375
0 0.73828125 0.0640625 0.03984375 0.128125
0 0.52421875 0.584375 0.0640625 0.25078125
0 0.43046875 0.5234375 0.0625 0.240625
0 0.35703125 0.4453125 0.0546875 0.2640625
0 0.01953125 0.1640625 0.03828125 0.17734375
0 0.0734375 0.2515625 0.04921875 0.18203125
0 0.06484375 0.01875 0.0328125 0.0375
0 0.8609375 0.2265625 0.05078125 0.21171875
0 0.9015625 0.2328125 0.04609375 0.203125
0 0.753125 0.471875 0.0578125 0.2484375
0 0.57265625 0.71015625 0.059375 0.275
0 0.38125 0.0203125 0.040625 0.040625