0 0.3171875 0.80859375 0.0578125 0.21875
0 0.73515625 0.66015625 0.05078125 0.21171875
0 0.70859375 0.55 0.0484375 0.2234375
0 0.65 0.1078125 0.04921875 0.1328125
0 0.6515625 0.04921875 0.05234375 0.09765625
0 0.36171875 0.26015625 0.05078125 0.128125
0 0.4109375 0.33984375 0.04375 0.23046875
0 0.41328125 0.21328125 0.04375 0.13046875
0 0.17578125 0.109375 0.028125 0.09765625
0 0.21015625 0.1484375 0.0359375 0.1375
0 0.17890625 0.06953125 0.0296875 0.0859375
0 0.41328125 0.0703125 0.03828125 0.140625
0 0.3796875 0.06953125 0.0390625 0.1390625
0 0.83515625 0.06484375 0.034375 0.12890625
0 0.97734375 0.42734375 0.0390625 0.10234375
0 0.8015625 0.26484375 0.04375 0.15234375
0 0.7953125 0.12421875 0.034375 0.11875
0 0.07265625 0.35390625 0.04140625 0.1828125
0 0.21171875 0.0359375 0.028125 0.071875
0 0.35859375 0.40703125 0.046875 0.19453125
0 0.3671875 0.7140625 0.03984375 0.21875
0 0.4171875 0.771875 0.0578125 0.2640625
0 0.4359375 0.66484375 0.05234375 0.23515625
0 0.51640625 0.6046875 0.0546875 0.2234375
0 0.57421875 0.45 0.05234375 0.228125
0 0.68125 0.2375 0.04375 0.1734375
0 0.159375 0.1984375 0.03359375 0.16640625
0 0.1453125 0.27890625 0.0453125 0.18046875
0 0.190625 0.28125 0.0359375 0.17109375
0 0.21796875 0.35234375 0.03984375 0.18046875
0 0.21171875 0.50859375 0.046875 0.22109375
0 0.5078125 0.34453125 0.04296875 0.1734375
0 0.46640625 0.33125 0.0375 0.18984375
0 0.54375 0.05 0.03125 0.1
0 0.55 0.1421875 0.04375 0.16875
0 0.5171875 0.04296875 0.0375 0.0859375
0 0.51484375 0.13046875 0.04140625 0.16875
0 0.4859375 0.1421875 0.0390625 0.1734375
0 0.77578125 0.07421875 0.03046875 0.1484375
0 0.7984375 0.065625 0.03125 0.13125
0 0.90234375 0.11640625 0.0375 0.1546875
0 0.875 0.22890625 0.04375 0.16171875
0 0.9234375 0.22109375 0.03984375 0.16875
0 0.928125 0.29453125 0.04140625 0.20234375
0 0.965625 0.29296875 0.0359375 0.2
0 0.9578125 0.540625 0.05234375 0.18984375
0 0.9875 0.5390625 0.02421875 0.1828125
0 0.23828125 0.13984375 0.0359375 0.1640625