0 0.71328125 0.82265625 0.0640625 0.24296875
0 0.24921875 0.65703125 0.05625 0.23515625
0 0.27890625 0.534375 0.053125 0.2484375
0 0.34453125 0.0578125 0.0546875 0.115625
0 0.34296875 0.015625 0.0578125 0.03125
0 0.66328125 0.21171875 0.05625 0.14296875
0 0.609375 0.30078125 0.04921875 0.25625
0 0.60625 0.16015625 0.04921875 0.1453125
0 0.83203125 0.0875 0.03984375 0.153125
0 0.60625 0.03984375 0.04296875 0.07890625
0 0.6671875 0.37578125 0.05234375 0.21640625
0 0.65703125 0.71640625 0.04453125 0.24296875
0 0.88828125 0.14296875 0.0375 0.18515625
0 0.85390625 0.2359375 0.03984375 0.190625
0 0.8234375 0.31484375 0.04453125 0.20078125
0 0.5015625 0.30546875 0.04765625 0.19296875
0 0.54765625 0.29140625 0.04140625 0.21171875
0 0.4546875 0.0875 0.0484375 0.17421875
0 0.49375 0.08125 0.04609375 0.16171875
0 0.52578125 0.0890625 0.04296875 0.17734375
0 0.20390625 0.04375 0.03359375 0.0875
0 0.17890625 0.034375 0.034375 0.06875
0 0.06328125 0.06875 0.04140625 0.1375
0 0.80078125 0.084375 0.03984375 0.16875
0 0.8625 0.02265625 0.0328125 0.0453125
0 0.58671875 0.62578125 0.0640625 0.25078125
0 0.4921875 0.56484375 0.0625 0.240625
0 0.41875 0.48671875 0.0546875 0.2640625
0 0.07578125 0.20546875 0.04921875 0.17734375
0 0.009375 0.5765625 0.01875 0.25
0 0.13515625 0.2921875 0.04921875 0.18203125
0 0.1265625 0.03984375 0.03359375 0.07890625
0 0.9234375 0.2671875 0.05078125 0.21171875
0 0.9640625 0.27421875 0.04609375 0.203125
0 0.815625 0.51328125 0.0578125 0.2484375
0 0.63515625 0.75078125 0.059375 0.275
0 0.44296875 0.04140625 0.040625 0.0828125
0 0.79375 0.01875 0.0359375 0.03671875
0 0.02265625 0.2046875 0.04453125 0.17734375
0 0.01796875 0.2953125 0.0359375 0.21953125
0 0.26171875 0.16328125 0.04296875 0.19296875
0 0.63359375 0.0625 0.04453125 0.125