0 0.340625 0.803125 0.0625 0.23671875
0 0.79296875 0.64296875 0.0546875 0.22890625
0 0.7640625 0.5234375 0.05234375 0.24140625
0 0.7 0.0578125 0.053125 0.115625
0 0.70234375 0.0171875 0.05703125 0.03359375
0 0.38984375 0.209375 0.0546875 0.1390625
0 0.4421875 0.2953125 0.04765625 0.24921875
0 0.4453125 0.159375 0.04765625 0.14140625
0 0.225 0.08828125 0.0390625 0.14921875
0 0.3859375 0.36875 0.05078125 0.2109375
0 0.3953125 0.70078125 0.04375 0.23671875
0 0.1703125 0.1421875 0.0359375 0.1796875
0 0.20390625 0.2328125 0.0390625 0.18515625
0 0.23359375 0.309375 0.04375 0.1953125
0 0.546875 0.30078125 0.04609375 0.1875
0 0.50234375 0.28671875 0.040625 0.20546875
0 0.59296875 0.08671875 0.04765625 0.17265625
0 0.5578125 0.0109375 0.0390625 0.021875
0 0.5546875 0.08046875 0.0453125 0.16015625
0 0.5234375 0.08828125 0.04140625 0.17578125
0 0.86171875 0.03515625 0.03359375 0.0703125
0 0.25546875 0.08359375 0.0390625 0.1671875
0 0.19453125 0.0234375 0.0328125 0.046875
0 0.96171875 0.203125 0.04765625 0.17265625
0 0.90390625 0.2875 0.04765625 0.17734375
0 0.24140625 0.50234375 0.05625 0.24140625
0 0.60390625 0.04140625 0.0390625 0.0828125
0 0.2625 0.01953125 0.034375 0.0390625
0 0.78046875 0.16171875 0.0421875 0.1875
0 0.41796875 0.0625 0.04375 0.12421875
0 0.925 0.04921875 0.034375 0.0984375
0 0.9640625 0.0546875 0.04375 0.109375
0 0.46796875 0.07109375 0.0453125 0.1421875
0 0.6421875 0.5234375 0.05625 0.27265625
0 0.56328125 0.51015625 0.06328125 0.23125
0 0.465625 0.56953125 0.0625 0.23671875
0 0.10625 0.3125 0.05078125 0.20546875
0 0.121875 0.2328125 0.05234375 0.1796875