0 0.66171875 0.82890625 0.06015625 0.22890625
0 0.22578125 0.6734375 0.053125 0.22109375
0 0.253125 0.5578125 0.05 0.23359375
0 0.3140625 0.09609375 0.0515625 0.1390625
0 0.3125 0.04296875 0.0546875 0.08515625
0 0.61484375 0.2546875 0.053125 0.134375
0 0.5640625 0.33828125 0.04609375 0.24140625
0 0.5609375 0.20625 0.04609375 0.13671875
0 0.81015625 0.096875 0.0296875 0.1015625
0 0.7734375 0.13828125 0.0375 0.14375
0 0.80625 0.05625 0.03046875 0.08984375
0 0.5625 0.06484375 0.040625 0.1296875
0 0.59609375 0.0640625 0.040625 0.128125
0 0.12109375 0.059375 0.0359375 0.11796875
0 0.15625 0.26015625 0.04609375 0.159375
0 0.1625 0.11328125 0.0359375 0.12421875
0 0.9171875 0.353125 0.04296875 0.19140625
0 0.77265625 0.0296875 0.0296875 0.05859375
0 0.61875 0.409375 0.04921875 0.20390625
0 0.609375 0.7296875 0.0421875 0.22890625
0 0.55703125 0.790625 0.06015625 0.27578125
0 0.5375 0.67890625 0.0546875 0.24609375
0 0.45390625 0.615625 0.05703125 0.23359375
0 0.39375 0.45390625 0.0546875 0.23828125
0 0.28203125 0.23125 0.04609375 0.18125
0 0.8265625 0.190625 0.03515625 0.17421875
0 0.84140625 0.275 0.04765625 0.1890625
0 0.79453125 0.27734375 0.0375 0.17890625
0 0.765625 0.3515625 0.0421875 0.1890625
0 0.771875 0.51484375 0.04921875 0.23125
0 0.4625 0.34296875 0.04453125 0.18125
0 0.50625 0.3296875 0.0390625 0.1984375
0 0.42421875 0.04453125 0.03359375 0.08828125
0 0.41875 0.13203125 0.04609375 0.1765625
0 0.45234375 0.03671875 0.03828125 0.0734375
0 0.45546875 0.11953125 0.04296875 0.1765625
0 0.4859375 0.13203125 0.040625 0.18125
0 0.18359375 0.06875 0.0328125 0.1375
0 0.159375 0.06015625 0.03203125 0.1203125
0 0.05078125 0.1046875 0.0390625 0.16171875
0 0.0796875 0.22265625 0.04609375 0.16875
0 0.028125 0.2140625 0.0421875 0.1765625
0 0.0234375 0.290625 0.04296875 0.2109375
0 0.01015625 0.54765625 0.0203125 0.1984375
0 0.74453125 0.1296875 0.0375 0.17109375