0 0.35859375 0.85234375 0.0625 0.23828125
0 0.8140625 0.690625 0.05546875 0.23046875
0 0.784375 0.5703125 0.05234375 0.24375
0 0.72109375 0.0875 0.05390625 0.1453125
0 0.72265625 0.03828125 0.05703125 0.0765625
0 0.40703125 0.25390625 0.05546875 0.13984375
0 0.46015625 0.340625 0.0484375 0.2515625
0 0.46328125 0.203125 0.0484375 0.14296875
0 0.24296875 0.02421875 0.03125 0.0484375
0 0.40390625 0.4140625 0.05078125 0.2125
0 0.41328125 0.74921875 0.04375 0.23828125
0 0.18671875 0.1859375 0.03671875 0.18125
0 0.56640625 0.3453125 0.046875 0.1890625
0 0.52109375 0.33125 0.040625 0.2078125
0 0.5765625 0.03203125 0.03984375 0.0640625
0 0.57421875 0.1125 0.0453125 0.184375
0 0.5421875 0.125 0.0421875 0.1890625
0 0.88203125 0.05625 0.0328125 0.1125
0 0.21171875 0.0453125 0.03203125 0.090625
0 0.278125 0.040625 0.034375 0.08125
0 0.4359375 0.084375 0.04375 0.16796875
0 0.94609375 0.07109375 0.03515625 0.1421875
0 0.98203125 0.0765625 0.0359375 0.15234375
0 0.48671875 0.09296875 0.0453125 0.1859375
0 0.66171875 0.5703125 0.05703125 0.275
0 0.834375 0.18203125 0.04921875 0.19453125
0 0.9890625 0.284375 0.021875 0.18125
0 0.95546875 0.3875 0.05078125 0.1890625
0 0.1625 0.26953125 0.046875 0.20234375
0 0.115625 0.3765625 0.05234375 0.2203125
0 0.28046875 0.20546875 0.03515625 0.17890625
0 0.23828125 0.19296875 0.046875 0.1578125
0 0.2328125 0.3234375 0.046875 0.17109375
0 0.25078125 0.4609375 0.05703125 0.1765625
0 0.2671875 0.61953125 0.04921875 0.23828125
0 0.6296875 0.1953125 0.0390625 0.184375
0 0.63828125 0.08359375 0.0390625 0.153125
0 0.59375 0.53125 0.05234375 0.23359375
0 0.48125 0.578125 0.05078125 0.23359375