0 0.26328125 0.7921875 0.0640625 0.24453125
0 0.73046875 0.6265625 0.05703125 0.23671875
0 0.70078125 0.50234375 0.05390625 0.25
0 0.634375 0.040625 0.05625 0.08125
0 0.31328125 0.178125 0.05703125 0.14375
0 0.36796875 0.2671875 0.04921875 0.2578125
0 0.37109375 0.1265625 0.04921875 0.14609375
0 0.309375 0.34296875 0.05234375 0.21796875
0 0.31953125 0.6859375 0.04453125 0.24453125
0 0.08671875 0.109375 0.0375 0.1859375
0 0.4765625 0.27265625 0.04765625 0.19453125
0 0.4296875 0.2578125 0.0421875 0.2125
0 0.484375 0.0640625 0.046875 0.12734375
0 0.4515625 0.071875 0.04296875 0.14375
0 0.8015625 0.0171875 0.034375 0.034375
0 0.98125 0.5453125 0.0375 0.253125
0 0.34296875 0.0453125 0.04453125 0.090625
0 0.86640625 0.03203125 0.0359375 0.0640625
0 0.90703125 0.0375 0.04453125 0.07421875
0 0.39375 0.05390625 0.046875 0.1078125
0 0.57421875 0.50234375 0.05859375 0.28203125
0 0.7515625 0.1046875 0.05078125 0.19921875
0 0.98125 0.30078125 0.0375 0.21796875
0 0.97421875 0.203125 0.0515625 0.2
0 0.92421875 0.21015625 0.04921875 0.1859375
0 0.8765625 0.31484375 0.05234375 0.19453125
0 0.0625 0.19453125 0.04765625 0.2078125
0 0.0203125 0.303125 0.040625 0.225
0 0.18359375 0.12890625 0.0359375 0.18359375
0 0.13984375 0.115625 0.04765625 0.1625
0 0.13359375 0.25 0.04765625 0.17578125
0 0.15234375 0.390625 0.05859375 0.18046875
0 0.16953125 0.553125 0.05078125 0.24453125
0 0.54140625 0.11796875 0.040625 0.1890625
0 0.55 0.040625 0.040625 0.08125
0 0.5046875 0.4625 0.05390625 0.2390625
0 0.3890625 0.5109375 0.05234375 0.2390625