0 0.303125 0.86953125 0.0625 0.23671875
0 0.7546875 0.70859375 0.0546875 0.22890625
0 0.72578125 0.5890625 0.05234375 0.24140625
0 0.66328125 0.1109375 0.05390625 0.14375
0 0.6640625 0.05 0.05703125 0.1
0 0.3515625 0.275 0.0546875 0.1390625
0 0.40390625 0.36171875 0.04765625 0.24921875
0 0.40703125 0.225 0.04765625 0.14140625
0 0.18671875 0.1546875 0.0390625 0.14921875
0 0.40625 0.07265625 0.040625 0.1453125
0 0.3703125 0.071875 0.0421875 0.14375
0 0.18828125 0.0359375 0.03046875 0.071875
0 0.34765625 0.434375 0.05078125 0.2109375
0 0.35703125 0.76640625 0.04375 0.23671875
0 0.69609375 0.25078125 0.04765625 0.1875
0 0.13203125 0.20859375 0.0359375 0.1796875
0 0.165625 0.2984375 0.0390625 0.18515625
0 0.1953125 0.37578125 0.04375 0.1953125
0 0.50859375 0.36640625 0.04609375 0.1875
0 0.4640625 0.35234375 0.040625 0.20546875
0 0.5546875 0.14765625 0.04765625 0.1828125
0 0.51953125 0.04375 0.0390625 0.0875
0 0.5171875 0.13515625 0.04453125 0.1828125
0 0.48515625 0.14765625 0.0421875 0.1875
0 0.79921875 0.07734375 0.0328125 0.1546875
0 0.8234375 0.06796875 0.03359375 0.1359375
0 0.9359375 0.11953125 0.040625 0.1671875
0 0.95859375 0.2328125 0.04375 0.1828125
0 0.2171875 0.1453125 0.0390625 0.17734375
0 0.15625 0.05625 0.03125 0.1125
0 0.978125 0.3390625 0.04375 0.20625
0 0.42578125 0.67734375 0.0625 0.24453125
0 0.51796875 0.61875 0.0609375 0.234375
0 0.5890625 0.54296875 0.05390625 0.25703125
0 0.9234375 0.26875 0.04765625 0.17265625
0 0.98984375 0.63125 0.01953125 0.24375
0 0.865625 0.35390625 0.04765625 0.17734375
0 0.87421875 0.07265625 0.0328125 0.1453125
0 0.0984375 0.32890625 0.04921875 0.20546875
0 0.05859375 0.3359375 0.04453125 0.19765625
0 0.203125 0.56875 0.05625 0.24140625
0 0.37890625 0.8 0.0578125 0.2671875
0 0.56640625 0.0796875 0.0390625 0.1390625
0 0.22421875 0.05234375 0.034375 0.1046875