0 0.6703125 0.79296875 0.05625 0.2140625
0 0.2609375 0.64765625 0.05 0.20703125
0 0.2875 0.53984375 0.046875 0.21875
0 0.34375 0.10625 0.0484375 0.13046875
0 0.34296875 0.0484375 0.0515625 0.096875
0 0.6265625 0.25546875 0.05 0.12578125
0 0.578125 0.33359375 0.04296875 0.22578125
0 0.57578125 0.21015625 0.04296875 0.128125
0 0.775 0.14609375 0.03515625 0.13515625
0 0.57578125 0.06953125 0.0375 0.1390625
0 0.7734375 0.0359375 0.028125 0.071875
0 0.6296875 0.4 0.04609375 0.190625
0 0.62109375 0.7 0.0390625 0.2140625
0 0.82421875 0.1953125 0.0328125 0.16328125
0 0.79453125 0.2765625 0.03515625 0.16796875
0 0.7671875 0.34609375 0.0390625 0.1765625
0 0.48359375 0.33828125 0.0421875 0.1703125
0 0.52421875 0.32578125 0.03671875 0.1859375
0 0.4421875 0.140625 0.04296875 0.165625
0 0.4734375 0.04296875 0.0359375 0.0859375
0 0.4765625 0.12890625 0.040625 0.165625
0 0.50546875 0.140625 0.03828125 0.1703125
0 0.22109375 0.0734375 0.0296875 0.14609375
0 0.19921875 0.06484375 0.03046875 0.1296875
0 0.09765625 0.11484375 0.03671875 0.1515625
0 0.746875 0.13828125 0.03515625 0.1609375
0 0.8015625 0.0546875 0.02890625 0.10859375
0 0.0234375 0.3078125 0.040625 0.19765625
0 0.55859375 0.61953125 0.05625 0.22109375
0 0.47578125 0.56640625 0.0546875 0.21171875
0 0.4109375 0.49765625 0.0484375 0.2328125
0 0.10859375 0.25 0.04296875 0.15625
0 0.02890625 0.578125 0.05703125 0.2203125
0 0.1609375 0.3265625 0.04296875 0.1609375
0 0.153125 0.06953125 0.0296875 0.1390625
0 0.85546875 0.3046875 0.04453125 0.1859375
0 0.89140625 0.31015625 0.040625 0.17890625
0 0.76015625 0.52109375 0.05078125 0.21875
0 0.6015625 0.73046875 0.05234375 0.2421875
0 0.43203125 0.07890625 0.03515625 0.12578125
0 0.74140625 0.05078125 0.03125 0.1015625
0 0.05859375 0.25 0.04296875 0.15625
0 0.04921875 0.32890625 0.046875 0.19296875
0 0.271875 0.2125 0.03828125 0.1703125
0 0.6 0.09765625 0.0390625 0.16328125