0 0.66796875 0.80390625 0.05703125 0.21640625
0 0.2546875 0.65703125 0.05 0.209375
0 0.28125 0.54765625 0.04765625 0.22109375
0 0.3390625 0.109375 0.04921875 0.13203125
0 0.3375 0.05 0.0515625 0.1
0 0.6234375 0.26015625 0.05 0.12734375
0 0.57578125 0.3390625 0.04375 0.228125
0 0.57265625 0.21484375 0.04375 0.1296875
0 0.77421875 0.15 0.0359375 0.13671875
0 0.77265625 0.0375 0.028125 0.07421875
0 0.62734375 0.40625 0.04609375 0.19296875
0 0.61875 0.71015625 0.03984375 0.21640625
0 0.82421875 0.19921875 0.0328125 0.16484375
0 0.79375 0.28125 0.0359375 0.16953125
0 0.76640625 0.35234375 0.03984375 0.17890625
0 0.4796875 0.34375 0.0421875 0.171875
0 0.5203125 0.33125 0.03671875 0.18828125
0 0.43828125 0.14375 0.04375 0.1671875
0 0.46953125 0.04453125 0.0359375 0.08828125
0 0.47265625 0.13203125 0.040625 0.1671875
0 0.5015625 0.14375 0.03828125 0.171875
0 0.1921875 0.06640625 0.03046875 0.1328125
0 0.74609375 0.14140625 0.0359375 0.1625
0 0.8015625 0.05625 0.02890625 0.11171875
0 0.01796875 0.31328125 0.03515625 0.20078125
0 0.10078125 0.2546875 0.04375 0.1578125
0 0.02421875 0.5859375 0.0484375 0.2234375
0 0.15390625 0.33203125 0.04375 0.1625
0 0.759375 0.52890625 0.0515625 0.22109375
0 0.42734375 0.08125 0.0359375 0.12734375
0 0.73984375 0.05234375 0.03203125 0.1046875
0 0.05078125 0.2546875 0.04375 0.1578125
0 0.040625 0.334375 0.04765625 0.1953125
0 0.265625 0.2171875 0.03828125 0.171875
0 0.59765625 0.1 0.03984375 0.16484375
0 0.134375 0.08828125 0.03203125 0.14140625
0 0.0984375 0.08984375 0.03984375 0.1578125
0 0.5515625 0.1140625 0.040625 0.16953125
0 0.39296875 0.54765625 0.0515625 0.24921875
0 0.46484375 0.5359375 0.0578125 0.21171875
0 0.5546875 0.58984375 0.05703125 0.21640625
0 0.88203125 0.3546875 0.04609375 0.18828125
0 0.86875 0.28125 0.04765625 0.16484375