0 0.67109375 0.79140625 0.05625 0.2140625
0 0.26171875 0.64609375 0.05 0.20703125
0 0.28828125 0.5375 0.046875 0.21875
0 0.3453125 0.1046875 0.0484375 0.13046875
0 0.34375 0.04765625 0.0515625 0.0953125
0 0.62734375 0.25390625 0.05 0.12578125
0 0.5796875 0.33203125 0.04296875 0.22578125
0 0.5765625 0.20859375 0.04296875 0.128125
0 0.77421875 0.03515625 0.028125 0.06953125
0 0.63046875 0.39765625 0.04609375 0.190625
0 0.82578125 0.19296875 0.0328125 0.16328125
0 0.484375 0.33671875 0.0421875 0.1703125
0 0.525 0.3234375 0.03671875 0.1859375
0 0.475 0.0421875 0.0359375 0.08359375
0 0.47734375 0.1265625 0.040625 0.165625
0 0.50625 0.13828125 0.03828125 0.1703125
0 0.2 0.0640625 0.03046875 0.12734375
0 0.803125 0.05390625 0.02890625 0.10703125
0 0.02890625 0.57578125 0.0578125 0.2203125
0 0.7421875 0.05 0.03125 0.1
0 0.60078125 0.0953125 0.0390625 0.16328125
0 0.55625 0.109375 0.040625 0.16796875
0 0.24375 0.18984375 0.04453125 0.17421875
0 0.01015625 0.3625 0.01953125 0.18125
0 0.0359375 0.3609375 0.04609375 0.190625
0 0.046875 0.27578125 0.0484375 0.17421875
0 0.134375 0.3734375 0.04609375 0.1703125
0 0.74140625 0.2109375 0.03125 0.1609375
0 0.77890625 0.19921875 0.0421875 0.1421875
0 0.784375 0.31640625 0.0421875 0.15390625
0 0.76796875 0.43984375 0.05078125 0.15859375
0 0.753125 0.58203125 0.04453125 0.2140625
0 0.42734375 0.2015625 0.03515625 0.165625
0 0.41953125 0.1015625 0.03515625 0.1375
0 0.459375 0.503125 0.046875 0.209375
0 0.5609375 0.54453125 0.04609375 0.209375
0 0.37890625 0.621875 0.0546875 0.2515625
0 0.6046875 0.7078125 0.05078125 0.228125
0 0.075 0.29921875 0.04453125 0.17421875
0 0.83515625 0.25234375 0.0390625 0.17890625
0 0.9015625 0.38203125 0.0484375 0.2
0 0.13359375 0.06484375 0.0296875 0.1296875
0 0.12109375 0.1171875 0.03046875 0.1609375