0 0.6671875 0.87421875 0.06171875 0.2359375
0 0.21796875 0.7140625 0.0546875 0.228125
0 0.246875 0.59453125 0.0515625 0.240625
0 0.309375 0.11796875 0.053125 0.14375
0 0.3078125 0.05390625 0.05625 0.1078125
0 0.61875 0.28203125 0.0546875 0.13828125
0 0.56640625 0.36796875 0.04765625 0.2484375
0 0.5640625 0.23203125 0.04765625 0.140625
0 0.81953125 0.11953125 0.03046875 0.1046875
0 0.78203125 0.16171875 0.0390625 0.1484375
0 0.81640625 0.07734375 0.03203125 0.0921875
0 0.56484375 0.0765625 0.0421875 0.153125
0 0.6 0.07578125 0.0421875 0.1515625
0 0.1109375 0.0703125 0.0375 0.140625
0 0.146875 0.2875 0.04765625 0.1640625
0 0.153125 0.1359375 0.0375 0.128125
0 0.93046875 0.38359375 0.04453125 0.196875
0 0.78125 0.03984375 0.03046875 0.0796875
0 0.62265625 0.44140625 0.05 0.21015625
0 0.61328125 0.771875 0.04296875 0.2359375
0 0.559375 0.834375 0.06171875 0.284375
0 0.5390625 0.71875 0.05625 0.25390625
0 0.453125 0.65390625 0.05859375 0.240625
0 0.39140625 0.4875 0.05625 0.24609375
0 0.27578125 0.2578125 0.04765625 0.18671875
0 0.83671875 0.215625 0.0359375 0.1796875
0 0.85234375 0.303125 0.04921875 0.19453125
0 0.80390625 0.30546875 0.0390625 0.184375
0 0.77421875 0.38203125 0.04296875 0.19453125
0 0.78125 0.55 0.05 0.23828125
0 0.4625 0.3734375 0.04609375 0.18671875
0 0.50703125 0.359375 0.040625 0.2046875
0 0.42265625 0.05546875 0.034375 0.1109375
0 0.4171875 0.15546875 0.04765625 0.18203125
0 0.4515625 0.04765625 0.0390625 0.0953125
0 0.4546875 0.14296875 0.04453125 0.18203125
0 0.4859375 0.15546875 0.04140625 0.18671875
0 0.17421875 0.08125 0.0328125 0.16171875
0 0.14921875 0.071875 0.03359375 0.14375
0 0.03828125 0.12734375 0.040625 0.16640625
0 0.0671875 0.24921875 0.04765625 0.17421875
0 0.01875 0.23984375 0.03671875 0.18203125
0 0.01640625 0.31953125 0.03203125 0.21796875
0 0.75234375 0.153125 0.0390625 0.1765625