0 0.721875 0.80625 0.06015625 0.2296875
0 0.2828125 0.65 0.053125 0.22265625
0 0.3109375 0.53359375 0.05078125 0.23515625
0 0.37265625 0.06875 0.0515625 0.1375
0 0.37109375 0.02890625 0.0546875 0.0578125
0 0.675 0.228125 0.053125 0.13515625
0 0.3859375 0.22578125 0.05234375 0.18515625
0 0.84765625 0.428125 0.0671875 0.21484375
0 0.46015625 0.35703125 0.06171875 0.2328125
0 0.65625 0.38203125 0.0421875 0.2078125
0 0.6234375 0.3125 0.04609375 0.2421875
0 0.6203125 0.1796875 0.04609375 0.1375
0 0.521875 0.28359375 0.0421875 0.175
0 0.56171875 0.27109375 0.040625 0.1953125
0 0.47890625 0.078125 0.040625 0.15625
0 0.51796875 0.07265625 0.0328125 0.1453125
0 0.5484375 0.08046875 0.03671875 0.1609375
0 0.834375 0.28359375 0.03515625 0.18984375
0 0.85390625 0.225 0.040625 0.1671875
0 0.88125 0.2 0.03359375 0.1921875
0 0.90390625 0.159375 0.03125 0.1828125
0 0.8703125 0.06953125 0.0296875 0.10234375
0 0.834375 0.1109375 0.03828125 0.1453125
0 0.79765625 0.11484375 0.03515625 0.1875
0 0.8671875 0.03671875 0.03125 0.07265625
0 0.22734375 0.0328125 0.02890625 0.065625
0 0.25390625 0.0390625 0.04296875 0.078125
0 0.1046875 0.140625 0.03671875 0.1203125
0 0.08828125 0.10859375 0.03828125 0.1453125
0 0.62109375 0.0515625 0.040625 0.103125
0 0.65625 0.05078125 0.040625 0.10078125
0 0.178125 0.0453125 0.03671875 0.090625
0 0.509375 0.625 0.06328125 0.2375
0 0.14453125 0.18203125 0.03828125 0.1625
0 0.09453125 0.25 0.0453125 0.1921875
0 0.0578125 0.22734375 0.0390625 0.1828125
0 0.06484375 0.50703125 0.0546875 0.2375
0 0.02265625 0.51953125 0.0453125 0.2328125
0 0.028125 0.4046875 0.040625 0.1078125
0 0.21328125 0.23359375 0.04609375 0.16015625
0 0.59765625 0.7734375 0.059375 0.26484375
0 0.58515625 0.659375 0.0546875 0.20234375
0 0.21953125 0.0859375 0.03671875 0.125
0 0.97890625 0.32734375 0.0421875 0.1921875
0 0.8328125 0.015625 0.0296875 0.03125