0 0.240625 0.846875 0.0640625 0.24453125
0 0.7078125 0.68046875 0.05703125 0.23671875
0 0.678125 0.55703125 0.05390625 0.25
0 0.6125 0.06796875 0.05546875 0.1359375
0 0.6140625 0.02578125 0.05859375 0.05078125
0 0.290625 0.2328125 0.05703125 0.14375
0 0.3453125 0.321875 0.04921875 0.2578125
0 0.3484375 0.18046875 0.04921875 0.14609375
0 0.12109375 0.1078125 0.040625 0.15390625
0 0.34765625 0.04921875 0.0421875 0.0984375
0 0.121875 0.0109375 0.03125 0.021875
0 0.28671875 0.39765625 0.05234375 0.21796875
0 0.296875 0.740625 0.04453125 0.24453125
0 0.0640625 0.16328125 0.0375 0.1859375
0 0.0984375 0.25625 0.040625 0.19140625
0 0.12890625 0.3359375 0.04453125 0.20234375
0 0.45390625 0.3265625 0.04765625 0.19453125
0 0.40703125 0.3125 0.0421875 0.2125
0 0.50078125 0.10078125 0.04921875 0.1890625
0 0.46484375 0.01953125 0.040625 0.03828125
0 0.4609375 0.090625 0.046875 0.18125
0 0.42890625 0.10078125 0.04375 0.19453125
0 0.753125 0.05390625 0.034375 0.1078125
0 0.77890625 0.04453125 0.034375 0.08828125
0 0.89453125 0.07890625 0.0421875 0.1578125
0 0.15234375 0.0984375 0.040625 0.18359375
0 0.08984375 0.0328125 0.0328125 0.06484375
0 0.97734375 0.29140625 0.0453125 0.2265625
0 0.36796875 0.6484375 0.0640625 0.25234375
0 0.4625 0.5875 0.0625 0.2421875
0 0.53671875 0.509375 0.05546875 0.265625
0 0.88203125 0.22578125 0.04921875 0.178125
0 0.9703125 0.60078125 0.059375 0.25234375
0 0.821875 0.31328125 0.04921875 0.18359375
0 0.83125 0.04921875 0.034375 0.0984375
0 0.02890625 0.28828125 0.05078125 0.2125
0 0.00546875 0.29453125 0.0109375 0.20390625
0 0.1375 0.5359375 0.05859375 0.25
0 0.31875 0.775 0.06015625 0.2765625
0 0.5125 0.05078125 0.040625 0.1015625
0 0.159375 0.028125 0.0359375 0.05625
0 0.9390625 0.22578125 0.04921875 0.178125
0 0.95 0.31640625 0.05390625 0.22109375
0 0.6953125 0.18359375 0.04375 0.19453125
0 0.3203125 0.07265625 0.04453125 0.14453125