0 0.32734375 0.81640625 0.0578125 0.21953125
0 0.74765625 0.6671875 0.05078125 0.2125
0 0.7203125 0.55625 0.0484375 0.225
0 0.6625 0.11171875 0.05 0.13359375
0 0.66328125 0.05078125 0.05234375 0.1015625
0 0.37265625 0.2640625 0.05078125 0.12890625
0 0.421875 0.34453125 0.04453125 0.23203125
0 0.42421875 0.21796875 0.04453125 0.13125
0 0.2203125 0.15234375 0.0359375 0.13828125
0 0.42421875 0.071875 0.0390625 0.14375
0 0.390625 0.07109375 0.0390625 0.1421875
0 0.8484375 0.06640625 0.03515625 0.1328125
0 0.9859375 0.4328125 0.028125 0.10234375
0 0.8140625 0.26875 0.04453125 0.153125
0 0.8078125 0.128125 0.03515625 0.11953125
0 0.2203125 0.0375 0.028125 0.075
0 0.36953125 0.4125 0.046875 0.19609375
0 0.378125 0.72109375 0.040625 0.21953125
0 0.428125 0.7796875 0.0578125 0.265625
0 0.446875 0.671875 0.05234375 0.23671875
0 0.528125 0.6109375 0.05546875 0.225
0 0.5859375 0.45546875 0.05234375 0.2296875
0 0.69296875 0.24140625 0.04453125 0.17421875
0 0.16875 0.20234375 0.03359375 0.1671875
0 0.1546875 0.28359375 0.0453125 0.18203125
0 0.2 0.2859375 0.0359375 0.171875
0 0.22734375 0.3578125 0.040625 0.18203125
0 0.22109375 0.5140625 0.046875 0.22265625
0 0.51875 0.34921875 0.04296875 0.17421875
0 0.47734375 0.3359375 0.0375 0.19140625
0 0.55625 0.05234375 0.03203125 0.10390625
0 0.56171875 0.14609375 0.04453125 0.16953125
0 0.52890625 0.0453125 0.03671875 0.08984375
0 0.5265625 0.134375 0.04140625 0.16953125
0 0.496875 0.14609375 0.0390625 0.17421875
0 0.7875 0.07578125 0.03125 0.1515625
0 0.8109375 0.0671875 0.03125 0.134375
0 0.915625 0.11953125 0.0375 0.15546875
0 0.88828125 0.23359375 0.04453125 0.1625
0 0.93671875 0.225 0.040625 0.16953125
0 0.9421875 0.29921875 0.04140625 0.203125
0 0.9796875 0.29765625 0.0359375 0.20078125
0 0.97109375 0.54609375 0.05234375 0.19140625
0 0.99453125 0.5453125 0.0109375 0.18359375
0 0.2484375 0.14375 0.0359375 0.16484375
0 0.1921875 0.05703125 0.0296875 0.1140625
0 0.0953125 0.3375 0.0390625 0.1890625