0 0.678125 0.79453125 0.0609375 0.2328125
0 0.23359375 0.63671875 0.05390625 0.225
0 0.26171875 0.51875 0.0515625 0.2375
0 0.32421875 0.059375 0.053125 0.11875
0 0.32265625 0.01875 0.05546875 0.0375
0 0.63046875 0.21015625 0.05390625 0.13671875
0 0.578125 0.29453125 0.046875 0.2453125
0 0.57578125 0.1609375 0.046875 0.1390625
0 0.79140625 0.09140625 0.03828125 0.146875
0 0.57578125 0.04140625 0.040625 0.0828125
0 0.63359375 0.3671875 0.05 0.2078125
0 0.62421875 0.69296875 0.04296875 0.2328125
0 0.84609375 0.14453125 0.0359375 0.17734375
0 0.81328125 0.2328125 0.03828125 0.18203125
0 0.78359375 0.30859375 0.04296875 0.1921875
0 0.475 0.3 0.0453125 0.184375
0 0.51953125 0.2859375 0.03984375 0.20234375
0 0.43125 0.08671875 0.046875 0.1734375
0 0.46484375 0.0125 0.0390625 0.025
0 0.4671875 0.08125 0.04453125 0.16171875
0 0.5 0.08828125 0.040625 0.1765625
0 0.19140625 0.0453125 0.0328125 0.090625
0 0.16640625 0.03671875 0.0328125 0.07265625
0 0.05546875 0.06953125 0.03984375 0.13828125
0 0.76171875 0.084375 0.03828125 0.16875
0 0.821875 0.025 0.03125 0.05
0 0.55703125 0.60625 0.0609375 0.240625
0 0.46640625 0.54765625 0.059375 0.23046875
0 0.39609375 0.4734375 0.05234375 0.253125
0 0.06796875 0.20390625 0.046875 0.16953125
0 0.125 0.2875 0.046875 0.17421875
0 0.11640625 0.04140625 0.0328125 0.0828125
0 0.87890625 0.26328125 0.0484375 0.20234375
0 0.91796875 0.26953125 0.04375 0.19453125
0 0.77578125 0.4984375 0.05546875 0.2375
0 0.603125 0.7265625 0.05703125 0.26328125
0 0.41953125 0.04296875 0.0390625 0.0859375
0 0.75546875 0.02109375 0.034375 0.0421875
0 0.01875 0.203125 0.0375 0.1703125
0 0.01484375 0.28984375 0.02890625 0.21015625
0 0.2453125 0.16328125 0.04140625 0.184375
0 0.60234375 0.06328125 0.04296875 0.1265625