0 0.67109375 0.79140625 0.05625 0.21328125
0 0.2640625 0.646875 0.04921875 0.20625
0 0.290625 0.5390625 0.046875 0.21796875
0 0.346875 0.10859375 0.0484375 0.1296875
0 0.3453125 0.05 0.05078125 0.09921875
0 0.62734375 0.25703125 0.04921875 0.125
0 0.5796875 0.334375 0.04296875 0.22421875
0 0.57734375 0.21171875 0.04296875 0.12734375
0 0.775 0.03671875 0.028125 0.0734375
0 0.63125 0.40078125 0.0453125 0.18984375
0 0.825 0.196875 0.0328125 0.16171875
0 0.4859375 0.3390625 0.04140625 0.16875
0 0.52578125 0.3265625 0.03671875 0.18515625
0 0.4765625 0.04375 0.034375 0.0875
0 0.478125 0.13046875 0.040625 0.1640625
0 0.50703125 0.1421875 0.0375 0.16875
0 0.20234375 0.065625 0.0296875 0.13125
0 0.80234375 0.05546875 0.02890625 0.1109375
0 0.03125 0.57734375 0.06015625 0.21953125
0 0.7421875 0.05234375 0.03125 0.10390625
0 0.6015625 0.09921875 0.0390625 0.16171875
0 0.55625 0.11328125 0.040625 0.16640625
0 0.24609375 0.19296875 0.04453125 0.1734375
0 0.01171875 0.365625 0.0234375 0.18046875
0 0.03984375 0.36328125 0.0453125 0.18984375
0 0.05 0.27890625 0.0484375 0.1734375
0 0.1375 0.37578125 0.0453125 0.16875
0 0.740625 0.2140625 0.03125 0.159375
0 0.77890625 0.20234375 0.04140625 0.14140625
0 0.78359375 0.31953125 0.04140625 0.153125
0 0.7671875 0.4421875 0.05078125 0.15703125
0 0.75234375 0.58359375 0.04453125 0.21328125
0 0.42890625 0.2046875 0.03515625 0.1640625
0 0.42109375 0.10546875 0.03515625 0.13671875
0 0.4609375 0.5046875 0.046875 0.20859375
0 0.56171875 0.54609375 0.0453125 0.20859375
0 0.38046875 0.62265625 0.0546875 0.25
0 0.6046875 0.70859375 0.05078125 0.2265625
0 0.078125 0.30234375 0.04453125 0.1734375
0 0.834375 0.25546875 0.0390625 0.178125
0 0.9 0.384375 0.0484375 0.19921875
0 0.1359375 0.0671875 0.0296875 0.134375
0 0.12421875 0.121875 0.0296875 0.159375