0 0.72578125 0.796875 0.0640625 0.24296875
0 0.26171875 0.63203125 0.05625 0.23515625
0 0.29140625 0.509375 0.053125 0.2484375
0 0.35625 0.0453125 0.05546875 0.090625
0 0.67578125 0.18671875 0.05625 0.14296875
0 0.621875 0.275 0.04921875 0.25625
0 0.61875 0.13515625 0.04921875 0.1453125
0 0.6796875 0.35078125 0.05234375 0.21640625
0 0.90078125 0.11796875 0.0375 0.18515625
0 0.5140625 0.28046875 0.04765625 0.19296875
0 0.56015625 0.265625 0.04140625 0.21171875
0 0.50703125 0.06796875 0.0453125 0.1359375
0 0.5390625 0.07578125 0.04375 0.1515625
0 0.19140625 0.021875 0.034375 0.04296875
0 0.015625 0.5515625 0.03125 0.25
0 0.64609375 0.05 0.04453125 0.09921875
0 0.5953125 0.05859375 0.04609375 0.1171875
0 0.240625 0.1140625 0.05078125 0.1984375
0 0.015625 0.3078125 0.03125 0.21640625
0 0.02265625 0.21171875 0.0453125 0.1984375
0 0.1171875 0.32265625 0.05234375 0.19296875
0 0.8046875 0.1375 0.0359375 0.18203125
0 0.84765625 0.12421875 0.04765625 0.1609375
0 0.85390625 0.2578125 0.04765625 0.17421875
0 0.83515625 0.39765625 0.0578125 0.1796875
0 0.81796875 0.559375 0.05078125 0.24296875
0 0.44921875 0.12734375 0.03984375 0.1875
0 0.440625 0.0453125 0.040625 0.090625
0 0.4859375 0.46953125 0.053125 0.2375
0 0.60078125 0.5171875 0.05234375 0.2375
0 0.39375 0.60390625 0.0625 0.28515625
0 0.65 0.7015625 0.0578125 0.259375
0 0.04921875 0.23828125 0.05078125 0.1984375
0 0.91171875 0.18515625 0.04453125 0.203125
0 0.9796875 0.33125 0.040625 0.22734375
0 0.115625 0.0234375 0.03359375 0.046875
0 0.103125 0.0609375 0.034375 0.121875