0 0.37734375 0.59140625 0.1140625 0.33671875
0 0.53828125 0.58203125 0.1421875 0.38359375
0 0.6875 0.58515625 0.134375 0.38984375
0 0.040625 0.503125 0.07421875 0.253125
0 0.1296875 0.4984375 0.096875 0.25
0 0.28359375 0.5546875 0.1046875 0.3234375
0 0.215625 0.53984375 0.08515625 0.3203125
0 0.275 0.321875 0.09453125 0.15
0 0.1953125 0.33828125 0.071875 0.11640625
0 0.14140625 0.38359375 0.0515625 0.16640625
0 0.0625 0.3984375 0.05703125 0.1296875
0 0.8171875 0.56484375 0.1234375 0.4234375
0 0.5046875 0.36171875 0.10625 0.13671875