0 0.26484375 0.50703125 0.1484375 0.30625
0 0.615625 0.5234375 0.115625 0.28984375
0 0.80859375 0.5234375 0.084375 0.2234375
0 0.97109375 0.503125 0.0578125 0.165625
0 0.028125 0.44921875 0.05546875 0.190625
0 0.09375 0.46015625 0.04375 0.1578125
0 0.12578125 0.43671875 0.0375 0.1765625
0 0.171875 0.44375 0.0453125 0.17421875
0 0.2203125 0.45703125 0.04375 0.1078125
0 0.3546875 0.46015625 0.03125 0.16328125
0 0.37578125 0.48515625 0.025 0.11328125
0 0.525 0.4515625 0.0453125 0.14609375
0 0.7375 0.440625 0.02890625 0.12421875
0 0.76875 0.40625 0.025 0.05546875
0 0.76953125 0.46015625 0.03515625 0.1078125
0 0.87265625 0.46796875 0.02265625 0.11875
0 0.89453125 0.46796875 0.025 0.11875