0 0.1171875 0.3171875 0.234375 0.634375
0 0.94453125 0.1625 0.1109375 0.325
0 0.70234375 0.1296875 0.1015625 0.259375
0 0.89296875 0.13984375 0.034375 0.1203125
0 0.284375 0.115625 0.0296875 0.10546875
0 0.34609375 0.11015625 0.034375 0.1171875
0 0.3953125 0.11015625 0.034375 0.12265625
0 0.31484375 0.11171875 0.03203125 0.10859375
0 0.45546875 0.12265625 0.02109375 0.096875
0 0.48203125 0.12109375 0.01953125 0.09453125
0 0.52109375 0.13828125 0.02578125 0.065625
0 0.49765625 0.1140625 0.0171875 0.0796875