0 0.71953125 0.5015625 0.1453125 0.2984375
0 0.37734375 0.5171875 0.11328125 0.28203125
0 0.18828125 0.5171875 0.0828125 0.21796875
0 0.02890625 0.49765625 0.0578125 0.1609375
0 0.9515625 0.44453125 0.05625 0.18515625
0 0.8859375 0.45546875 0.0421875 0.153125
0 0.8546875 0.4328125 0.0359375 0.171875
0 0.81015625 0.43984375 0.04453125 0.16953125
0 0.76328125 0.453125 0.0421875 0.1046875
0 0.63203125 0.45546875 0.03046875 0.15859375
0 0.6109375 0.4796875 0.02421875 0.11015625
0 0.465625 0.44765625 0.04453125 0.1421875
0 0.2578125 0.43671875 0.028125 0.12109375
0 0.228125 0.403125 0.02421875 0.05390625
0 0.2265625 0.45546875 0.034375 0.1046875
0 0.12578125 0.4640625 0.021875 0.115625
0 0.1046875 0.4640625 0.02421875 0.115625
0 0.99296875 0.42734375 0.0140625 0.1609375