0 0.75 0.5453125 0.08828125 0.353125
0 0.61796875 0.61875 0.18515625 0.26171875
0 0.65859375 0.42265625 0.05234375 0.38515625
0 0.8046875 0.43828125 0.07109375 0.42421875
0 0.74453125 0.3390625 0.06953125 0.25
0 0.6 0.5 0.07734375 0.2859375
0 0.5953125 0.34296875 0.05703125 0.25
0 0.50234375 0.528125 0.04609375 0.23828125
0 0.4640625 0.5140625 0.0375 0.2578125
0 0.5203125 0.4484375 0.0484375 0.4125
0 0.0921875 0.55390625 0.11328125 0.39296875
0 0.28125 0.61875 0.18046875 0.29375
0 0.2875 0.528125 0.11796875 0.33359375
0 0.3375 0.4546875 0.05703125 0.37734375
0 0.4015625 0.440625 0.07578125 0.3890625
0 0.46015625 0.4546875 0.07578125 0.37734375
0 0.19609375 0.46015625 0.0859375 0.42890625
0 0.14296875 0.44609375 0.06328125 0.4328125