0 0.29296875 0.48671875 0.25234375 0.48515625
0 0.1703125 0.60859375 0.1640625 0.52421875
0 0.08046875 0.67421875 0.1609375 0.6515625
0 0.91015625 0.6953125 0.1796875 0.609375
0 0.8703125 0.60234375 0.259375 0.7109375
0 0.8109375 0.48984375 0.19375 0.44296875
0 0.47265625 0.25 0.0859375 0.49375
0 0.3359375 0.13671875 0.13515625 0.23203125
0 0.43359375 0.09375 0.10546875 0.18671875
0 0.153125 0.2078125 0.0765625 0.15078125
0 0.0796875 0.15234375 0.04296875 0.09375
0 0.0171875 0.17890625 0.03359375 0.15390625
0 0.04765625 0.175 0.04921875 0.13828125