0 0.2109375 0.7421875 0.2421875 0.51484375
0 0.37421875 0.75859375 0.16171875 0.48203125
0 0.265625 0.59296875 0.0921875 0.1734375
0 0.30859375 0.4203125 0.16796875 0.19453125
0 0.44921875 0.434375 0.1640625 0.425
0 0.5046875 0.66328125 0.14765625 0.44609375
0 0.61171875 0.69453125 0.1796875 0.4015625
0 0.8265625 0.671875 0.17734375 0.44609375
0 0.75234375 0.6421875 0.1140625 0.421875
0 0.68359375 0.56875 0.103125 0.23984375
0 0.94375 0.71875 0.11171875 0.5625
0 0.98671875 0.71875 0.0265625 0.5625
0 0.8703125 0.41328125 0.03125 0.0421875
0 0.68828125 0.4203125 0.08046875 0.08046875