0 0.86328125 0.39296875 0.14140625 0.39609375
0 0.75390625 0.271875 0.11796875 0.5
0 0.70859375 0.2515625 0.0640625 0.35859375
0 0.64140625 0.2109375 0.0875 0.2515625
0 0.64140625 0.08984375 0.0828125 0.10390625
0 0.6015625 0.17421875 0.0453125 0.2546875
0 0.57578125 0.2078125 0.03515625 0.2703125
0 0.47421875 0.2578125 0.03125 0.2515625
0 0.53203125 0.2390625 0.03125 0.2640625
0 0.51796875 0.284375 0.09375 0.3109375
0 0.43359375 0.3109375 0.0453125 0.16953125
0 0.3890625 0.32265625 0.03515625 0.16015625
0 0.36484375 0.2734375 0.02890625 0.05625
0 0.45 0.2640625 0.02109375 0.10078125
0 0.34765625 0.3015625 0.02734375 0.07578125