0 0.628125 0.70546875 0.0359375 0.11484375
0 0.5703125 0.715625 0.02421875 0.0828125
0 0.5390625 0.7109375 0.021875 0.08828125
0 0.34296875 0.70703125 0.034375 0.10703125
0 0.0296875 0.76796875 0.059375 0.2984375
0 0.984375 0.71328125 0.028125 0.15703125
0 0.5203125 0.69609375 0.02421875 0.075
0 0.12734375 0.6890625 0.01796875 0.0828125
0 0.403125 0.68671875 0.01796875 0.05625
0 0.3859375 0.6796875 0.0203125 0.06953125
0 0.45 0.6796875 0.0203125 0.05859375
0 0.24765625 0.67734375 0.0203125 0.0640625
0 0.1109375 0.6921875 0.021875 0.08828125
0 0.0890625 0.67578125 0.01796875 0.06171875