0 0.16015625 0.4046875 0.1375 0.38671875
0 0.26640625 0.28671875 0.115625 0.4875
0 0.3109375 0.2671875 0.0625 0.35
0 0.3765625 0.22734375 0.08515625 0.2453125
0 0.3765625 0.10859375 0.08125 0.1015625
0 0.41484375 0.19140625 0.04453125 0.2484375
0 0.440625 0.22421875 0.034375 0.2640625
0 0.53984375 0.27265625 0.03046875 0.2453125
0 0.4828125 0.2546875 0.03046875 0.2578125
0 0.496875 0.29921875 0.09140625 0.30390625
0 0.57890625 0.325 0.04453125 0.165625
0 0.62265625 0.3359375 0.034375 0.15625
0 0.64609375 0.28828125 0.028125 0.05546875
0 0.5625 0.27890625 0.0203125 0.0984375
0 0.66328125 0.315625 0.0265625 0.0734375