0 0.6640625 0.39765625 0.1 0.43203125
0 0.4140625 0.4640625 0.115625 0.21328125
0 0.31328125 0.34375 0.08203125 0.415625
0 0.36875 0.37890625 0.065625 0.271875
0 0.37578125 0.27890625 0.071875 0.253125
0 0.53671875 0.30234375 0.0578125 0.215625
0 0.15703125 0.2921875 0.07421875 0.17890625
0 0.08203125 0.34296875 0.1 0.45625
0 0.4609375 0.2625 0.08984375 0.275
0 0.75390625 0.309375 0.0796875 0.27734375
0 0.7859375 0.29453125 0.03203125 0.1625
0 0.725 0.22109375 0.02578125 0.0640625
0 0.6890625 0.21171875 0.065625 0.11484375
0 0.509375 0.4203125 0.12578125 0.2640625