0 0.75546875 0.73828125 0.23203125 0.52265625
0 0.59765625 0.75390625 0.1546875 0.4921875
0 0.703125 0.58046875 0.08828125 0.16640625
0 0.66171875 0.41484375 0.1609375 0.18671875
0 0.5265625 0.428125 0.15703125 0.4078125
0 0.47421875 0.64765625 0.14140625 0.428125
0 0.37109375 0.678125 0.171875 0.38515625
0 0.16640625 0.65625 0.16953125 0.428125
0 0.2375 0.628125 0.109375 0.40546875
0 0.30234375 0.5578125 0.0984375 0.2296875
0 0.05390625 0.70859375 0.10703125 0.5546875
0 0.0125 0.703125 0.025 0.546875
0 0.12421875 0.4078125 0.0296875 0.03984375
0 0.2984375 0.41484375 0.07734375 0.07734375