0 0.12421875 0.3984375 0.14375 0.4015625
0 0.23515625 0.27578125 0.1203125 0.50625
0 0.28203125 0.2546875 0.065625 0.36328125
0 0.35 0.21328125 0.08828125 0.2546875
0 0.35 0.090625 0.084375 0.10546875
0 0.390625 0.1765625 0.04609375 0.2578125
0 0.41640625 0.21015625 0.0359375 0.27421875
0 0.5203125 0.2609375 0.03203125 0.2546875
0 0.4609375 0.2421875 0.03203125 0.2671875
0 0.47578125 0.28828125 0.0953125 0.315625
0 0.5609375 0.315625 0.04609375 0.171875
0 0.60625 0.3265625 0.0359375 0.1625
0 0.63046875 0.27734375 0.0296875 0.05703125
0 0.54453125 0.2671875 0.02109375 0.1015625
0 0.6484375 0.30546875 0.02734375 0.0765625