0 0.7640625 0.54765625 0.2421875 0.465625
0 0.88203125 0.66484375 0.1578125 0.503125
0 0.9453125 0.70703125 0.109375 0.5828125
0 0.12890625 0.728125 0.2578125 0.54296875
0 0.20859375 0.65859375 0.24921875 0.68203125
0 0.26640625 0.55078125 0.1859375 0.425
0 0.590625 0.32109375 0.08203125 0.47421875
0 0.72265625 0.2125 0.1296875 0.22265625
0 0.62890625 0.16484375 0.1015625 0.190625
0 0.8984375 0.28046875 0.0734375 0.14453125
0 0.96875 0.2265625 0.04140625 0.08984375
0 0.98828125 0.2484375 0.0234375 0.1328125