0 0.721875 0.509375 0.14609375 0.3015625
0 0.37578125 0.52578125 0.1140625 0.28515625
0 0.1859375 0.52578125 0.08359375 0.2203125
0 0.02734375 0.50546875 0.0546875 0.16328125
0 0.95546875 0.45234375 0.05703125 0.1875
0 0.8890625 0.46328125 0.04296875 0.1546875
0 0.8578125 0.43984375 0.03671875 0.17421875
0 0.81328125 0.446875 0.04453125 0.17109375
0 0.765625 0.4609375 0.04296875 0.10625
0 0.6328125 0.46328125 0.03046875 0.16015625
0 0.61171875 0.4875 0.02421875 0.11171875
0 0.465625 0.45546875 0.04453125 0.14375
0 0.25625 0.44453125 0.028125 0.12265625
0 0.22578125 0.41015625 0.02421875 0.0546875
0 0.22421875 0.46328125 0.034375 0.10625
0 0.12265625 0.47109375 0.02265625 0.1171875
0 0.1015625 0.47109375 0.02421875 0.1171875
0 0.99453125 0.43515625 0.01015625 0.16328125