0 0.26640625 0.47578125 0.15546875 0.32109375
0 0.634375 0.49296875 0.12109375 0.303125
0 0.83671875 0.49296875 0.0890625 0.234375
0 0.98828125 0.47109375 0.0234375 0.1734375
0 0.02421875 0.4140625 0.0484375 0.2
0 0.0875 0.4265625 0.0453125 0.16484375
0 0.12109375 0.4015625 0.0390625 0.18515625
0 0.16875 0.40859375 0.04765625 0.18203125
0 0.21953125 0.4234375 0.0453125 0.1125
0 0.36015625 0.4265625 0.0328125 0.1703125
0 0.3828125 0.45234375 0.02578125 0.11875
0 0.5390625 0.41796875 0.04765625 0.153125
0 0.76171875 0.40625 0.03046875 0.1296875
0 0.79453125 0.3703125 0.02578125 0.0578125
0 0.7953125 0.4265625 0.03671875 0.1125
0 0.90390625 0.43515625 0.0234375 0.12421875
0 0.9265625 0.43515625 0.02578125 0.12421875