0 0.7390625 0.3078125 0.08984375 0.24921875
0 0.8453125 0.3875 0.15390625 0.4921875
0 0.6796875 0.378125 0.1078125 0.36015625
0 0.59296875 0.40546875 0.0859375 0.378125
0 0.51015625 0.3515625 0.1 0.33046875
0 0.43828125 0.3875 0.0796875 0.3546875
0 0.37578125 0.3796875 0.071875 0.29140625
0 0.2890625 0.40703125 0.11015625 0.13515625
0 0.275 0.47109375 0.0859375 0.1625
0 0.41328125 0.59765625 0.08984375 0.3421875
0 0.53125 0.6203125 0.15390625 0.303125
0 0.63671875 0.6625 0.134375 0.315625
0 0.74609375 0.7671875 0.17578125 0.3515625
0 0.61328125 0.7734375 0.178125 0.38125
0 0.50390625 0.68203125 0.1921875 0.40859375
0 0.34375 0.7 0.16015625 0.45625
0 0.16875 0.66796875 0.22578125 0.5859375
0 0.2328125 0.5359375 0.14609375 0.28515625