0 0.63125 0.7109375 0.0359375 0.115625
0 0.57265625 0.721875 0.02421875 0.08359375
0 0.54140625 0.71640625 0.021875 0.0890625
0 0.34375 0.7125 0.034375 0.1078125
0 0.02890625 0.7734375 0.0578125 0.3
0 0.9875 0.71796875 0.025 0.1578125
0 0.521875 0.7015625 0.02421875 0.075
0 0.12578125 0.69453125 0.01796875 0.08359375
0 0.40390625 0.6921875 0.01796875 0.05625
0 0.38671875 0.68515625 0.0203125 0.06953125
0 0.4515625 0.68515625 0.0203125 0.059375
0 0.24765625 0.6828125 0.0203125 0.06484375
0 0.11015625 0.69765625 0.021875 0.0890625
0 0.0875 0.68125 0.01796875 0.06171875