0 0.1640625 0.4109375 0.1359375 0.38046875
0 0.26875 0.29453125 0.1140625 0.48046875
0 0.31328125 0.275 0.06171875 0.34453125
0 0.378125 0.2359375 0.084375 0.24140625
0 0.378125 0.11953125 0.0796875 0.1
0 0.415625 0.20078125 0.04375 0.24453125
0 0.440625 0.2328125 0.034375 0.26015625
0 0.5390625 0.28125 0.0296875 0.24140625
0 0.4828125 0.2625 0.0296875 0.25390625
0 0.496875 0.30703125 0.08984375 0.29921875
0 0.578125 0.33203125 0.04375 0.16328125
0 0.62109375 0.34296875 0.034375 0.15390625
0 0.64375 0.29609375 0.028125 0.0546875
0 0.56171875 0.28671875 0.0203125 0.096875
0 0.6609375 0.3234375 0.02578125 0.07265625