0 0.25234375 0.30078125 0.09296875 0.25625
0 0.14296875 0.3828125 0.15859375 0.50625
0 0.3125 0.3734375 0.1109375 0.3703125
0 0.40234375 0.4015625 0.08828125 0.3890625
0 0.4875 0.3453125 0.103125 0.33984375
0 0.56171875 0.3828125 0.08203125 0.3640625
0 0.62578125 0.375 0.07421875 0.29921875
0 0.71484375 0.403125 0.11328125 0.1390625
0 0.7296875 0.46875 0.08828125 0.16640625
0 0.5875 0.5984375 0.09296875 0.3515625
0 0.46640625 0.621875 0.15859375 0.31171875
0 0.35703125 0.66484375 0.1375 0.32421875
0 0.24453125 0.7734375 0.18125 0.3609375
0 0.38203125 0.7796875 0.1828125 0.3921875
0 0.49375 0.68515625 0.19765625 0.41953125
0 0.65859375 0.70390625 0.16484375 0.46875
0 0.83828125 0.67109375 0.2328125 0.6015625
0 0.77265625 0.53515625 0.15 0.29296875