0 0.78046875 0.7140625 0.2421875 0.571875
0 0.61640625 0.73046875 0.16171875 0.5390625
0 0.725 0.5359375 0.0921875 0.1734375
0 0.6828125 0.3640625 0.16796875 0.19453125
0 0.54140625 0.37734375 0.1640625 0.425
0 0.48671875 0.60625 0.14765625 0.44609375
0 0.37890625 0.6375 0.1796875 0.4015625
0 0.16484375 0.615625 0.17734375 0.44609375
0 0.2390625 0.58515625 0.1140625 0.421875
0 0.30703125 0.51171875 0.103125 0.23984375
0 0.0515625 0.66953125 0.103125 0.578125
0 0.00859375 0.6640625 0.0171875 0.56875
0 0.12109375 0.35625 0.03125 0.0421875
0 0.30234375 0.3640625 0.08046875 0.08046875