0 0.68203125 0.40234375 0.10703125 0.465625
0 0.4140625 0.47421875 0.12421875 0.2296875
0 0.30546875 0.34453125 0.08828125 0.4484375
0 0.365625 0.38203125 0.07109375 0.29296875
0 0.3734375 0.27421875 0.07734375 0.27265625
0 0.54609375 0.3 0.0625 0.2328125
0 0.13828125 0.2890625 0.0796875 0.1921875
0 0.0578125 0.34375 0.10703125 0.49140625
0 0.46484375 0.25703125 0.096875 0.29609375
0 0.77890625 0.3078125 0.0859375 0.29921875
0 0.81328125 0.29140625 0.034375 0.175
0 0.74765625 0.2125 0.028125 0.06875
0 0.709375 0.20234375 0.07109375 0.1234375
0 0.51640625 0.4265625 0.13515625 0.284375