0 0.16328125 0.4046875 0.1421875 0.3984375
0 0.27265625 0.28359375 0.11953125 0.503125
0 0.31875 0.2625 0.06484375 0.3609375
0 0.38671875 0.221875 0.0875 0.253125
0 0.38671875 0.1 0.08359375 0.1046875
0 0.4265625 0.18515625 0.04609375 0.25625
0 0.453125 0.21796875 0.0359375 0.271875
0 0.55546875 0.26875 0.03125 0.253125
0 0.496875 0.25 0.03125 0.265625
0 0.51171875 0.29609375 0.09453125 0.31328125
0 0.59609375 0.32265625 0.04609375 0.17109375
0 0.64140625 0.33359375 0.0359375 0.16171875
0 0.665625 0.28515625 0.02890625 0.05703125
0 0.5796875 0.275 0.02109375 0.1015625
0 0.6828125 0.31328125 0.02734375 0.07578125