0 0.2609375 0.30390625 0.0953125 0.2640625
0 0.1484375 0.38828125 0.1625 0.52265625
0 0.32265625 0.37890625 0.1140625 0.38203125
0 0.41484375 0.4078125 0.090625 0.4015625
0 0.50234375 0.35 0.10546875 0.35
0 0.578125 0.38828125 0.084375 0.37578125
0 0.64375 0.38046875 0.07578125 0.30859375
0 0.73515625 0.409375 0.11640625 0.14296875
0 0.75 0.47734375 0.090625 0.171875
0 0.6046875 0.61171875 0.0953125 0.36328125
0 0.4796875 0.63515625 0.1625 0.321875
0 0.36796875 0.6796875 0.14140625 0.334375
0 0.253125 0.79140625 0.1859375 0.37265625
0 0.39375 0.79765625 0.1875 0.4046875
0 0.50859375 0.70078125 0.20234375 0.4328125
0 0.67734375 0.71953125 0.16875 0.484375
0 0.86171875 0.6859375 0.23828125 0.62109375
0 0.79453125 0.54609375 0.15390625 0.30234375