0 0.7140625 0.50234375 0.14375 0.29609375
0 0.37421875 0.51875 0.11171875 0.2796875
0 0.18671875 0.51875 0.08203125 0.215625
0 0.02890625 0.4984375 0.0578125 0.16015625
0 0.94375 0.446875 0.05625 0.184375
0 0.87890625 0.45703125 0.0421875 0.15234375
0 0.84765625 0.434375 0.0359375 0.1703125
0 0.80390625 0.44140625 0.04375 0.16796875
0 0.75703125 0.4546875 0.0421875 0.10390625
0 0.62734375 0.45703125 0.0296875 0.15703125
0 0.60625 0.48125 0.02421875 0.109375
0 0.46171875 0.44921875 0.04375 0.14140625
0 0.25625 0.43828125 0.028125 0.1203125
0 0.22578125 0.40546875 0.02421875 0.053125
0 0.225 0.45703125 0.034375 0.10390625
0 0.125 0.465625 0.021875 0.11484375
0 0.10390625 0.465625 0.02421875 0.11484375
0 0.98828125 0.4296875 0.0203125 0.16015625