0 0.17421875 0.5921875 0.09296875 0.34921875
0 0.5625 0.60859375 0.08046875 0.29375
0 0.6859375 0.62890625 0.071875 0.35703125
0 0.37265625 0.60859375 0.09453125 0.34921875
0 0.25625 0.59921875 0.0640625 0.3625
0 0.2703125 0.65546875 0.15 0.40390625
0 0.45234375 0.628125 0.12734375 0.3046875
0 0.61953125 0.61796875 0.103125 0.384375
0 0.746875 0.54921875 0.025 0.12109375
0 0.80078125 0.61640625 0.06171875 0.1015625
0 0.91796875 0.628125 0.0328125 0.06328125
0 0.8375 0.6 0.078125 0.24453125
0 0.8859375 0.628125 0.1171875 0.29375