0 0.3453125 0.353125 0.11171875 0.48515625
0 0.62578125 0.428125 0.1296875 0.23984375
0 0.7390625 0.29375 0.0921875 0.4671875
0 0.67578125 0.33203125 0.07421875 0.30546875
0 0.66796875 0.2203125 0.08046875 0.284375
0 0.4875 0.246875 0.06484375 0.2421875
0 0.9140625 0.23515625 0.0828125 0.20078125
0 0.97109375 0.29140625 0.0578125 0.5109375
0 0.57265625 0.20234375 0.10078125 0.30859375
0 0.24453125 0.2546875 0.08984375 0.31171875
0 0.20859375 0.23828125 0.0359375 0.1828125
0 0.2765625 0.15546875 0.02890625 0.071875
0 0.3171875 0.1453125 0.07421875 0.12890625
0 0.51875 0.37890625 0.14140625 0.29609375