0 0.7421875 0.74140625 0.215625 0.51171875
0 0.59609375 0.75625 0.14375 0.4828125
0 0.69296875 0.58125 0.08203125 0.1546875
0 0.6546875 0.428125 0.15 0.1734375
0 0.52890625 0.43984375 0.14609375 0.37890625
0 0.4796875 0.64375 0.13203125 0.39765625
0 0.384375 0.671875 0.16015625 0.35703125
0 0.19296875 0.65234375 0.1578125 0.39765625
0 0.259375 0.625 0.10234375 0.37578125
0 0.3203125 0.56015625 0.0921875 0.21328125
0 0.07109375 0.7 0.134375 0.51484375
0 0.03125 0.69609375 0.06171875 0.50703125
0 0.15390625 0.42109375 0.028125 0.0375
0 0.315625 0.428125 0.071875 0.071875