0 0.74765625 0.5515625 0.08515625 0.3421875
0 0.61953125 0.6234375 0.17890625 0.25390625
0 0.659375 0.4328125 0.05078125 0.3734375
0 0.80078125 0.4484375 0.06875 0.41171875
0 0.74296875 0.3515625 0.0671875 0.2421875
0 0.60234375 0.5078125 0.075 0.2765625
0 0.5984375 0.35546875 0.0546875 0.2421875
0 0.5078125 0.534375 0.04453125 0.23046875
0 0.471875 0.52109375 0.03671875 0.25
0 0.52578125 0.4578125 0.046875 0.4
0 0.11171875 0.559375 0.109375 0.38046875
0 0.29453125 0.6234375 0.175 0.284375
0 0.30078125 0.534375 0.1140625 0.3234375
0 0.3484375 0.46328125 0.0546875 0.365625
0 0.4109375 0.45 0.0734375 0.3765625
0 0.4671875 0.46328125 0.0734375 0.365625
0 0.2125 0.46953125 0.08359375 0.415625
0 0.1609375 0.45546875 0.0609375 0.41953125