0 0.2578125 0.74140625 0.215625 0.51171875
0 0.40390625 0.75625 0.14375 0.4828125
0 0.30703125 0.58125 0.08203125 0.1546875
0 0.3453125 0.428125 0.15 0.1734375
0 0.47109375 0.43984375 0.14609375 0.37890625
0 0.5203125 0.64375 0.13203125 0.39765625
0 0.615625 0.671875 0.16015625 0.35703125
0 0.80703125 0.65234375 0.1578125 0.39765625
0 0.740625 0.625 0.10234375 0.37578125
0 0.6796875 0.56015625 0.0921875 0.21328125
0 0.92890625 0.7 0.134375 0.51484375
0 0.96875 0.69609375 0.06171875 0.50703125
0 0.84609375 0.42109375 0.028125 0.0375
0 0.684375 0.428125 0.071875 0.071875