0 0.81484375 0.57734375 0.08984375 0.33828125
0 0.43671875 0.59296875 0.078125 0.28515625
0 0.3171875 0.61328125 0.0703125 0.346875
0 0.621875 0.59296875 0.0921875 0.33828125
0 0.73515625 0.584375 0.06171875 0.35234375
0 0.72109375 0.63828125 0.14609375 0.3921875
0 0.54375 0.61171875 0.12421875 0.29609375
0 0.38203125 0.60234375 0.1 0.3734375
0 0.2578125 0.5359375 0.02421875 0.1171875
0 0.20625 0.6015625 0.06015625 0.0984375
0 0.0921875 0.61171875 0.03203125 0.06171875
0 0.1703125 0.58515625 0.07578125 0.2375
0 0.12265625 0.61171875 0.1140625 0.28515625