0 0.1546875 0.6140625 0.09765625 0.3671875
0 0.5640625 0.63125 0.084375 0.309375
0 0.69375 0.653125 0.07578125 0.37578125
0 0.36328125 0.63125 0.09921875 0.3671875
0 0.24140625 0.62109375 0.0671875 0.38125
0 0.25625 0.68046875 0.1578125 0.425
0 0.4484375 0.6515625 0.134375 0.32109375
0 0.6234375 0.64140625 0.10859375 0.4046875
0 0.7578125 0.56953125 0.02578125 0.12734375
0 0.8140625 0.63984375 0.06484375 0.10703125
0 0.9375 0.6515625 0.034375 0.06640625
0 0.853125 0.62265625 0.08203125 0.25703125
0 0.90390625 0.6515625 0.1234375 0.309375