0 0.82109375 0.8265625 0.29296875 0.346875
0 0.2546875 0.65 0.17734375 0.35546875
0 0.06875 0.63828125 0.1375 0.5953125
0 0.340625 0.62734375 0.13359375 0.340625
0 0.6984375 0.753125 0.24453125 0.45703125
0 0.6484375 0.6015625 0.16796875 0.2328125
0 0.6484375 0.51875 0.0578125 0.184375
0 0.3828125 0.5203125 0.078125 0.18125
0 0.61328125 0.54140625 0.06015625 0.19921875
0 0.36640625 0.4046875 0.06875 0.11640625
0 0.60625 0.425 0.04140625 0.05234375
0 0.5828125 0.44921875 0.04140625 0.15
0 0.55078125 0.4203125 0.02265625 0.10390625
0 0.4375 0.4296875 0.02265625 0.04921875
0 0.4109375 0.4234375 0.0390625 0.03671875
0 0.3078125 0.80078125 0.34765625 0.3984375