0 0.796875 0.78671875 0.25390625 0.42109375
0 0.3046875 0.5734375 0.15390625 0.309375
0 0.14296875 0.5625 0.121875 0.5171875
0 0.3796875 0.553125 0.115625 0.29609375
0 0.68984375 0.6625 0.21171875 0.39765625
0 0.646875 0.53046875 0.14609375 0.20234375
0 0.646875 0.45859375 0.05 0.16015625
0 0.415625 0.46015625 0.06796875 0.15703125
0 0.615625 0.47890625 0.05234375 0.1734375
0 0.40234375 0.36015625 0.06015625 0.1015625
0 0.61015625 0.37734375 0.0359375 0.0453125
0 0.58984375 0.3984375 0.0359375 0.13046875
0 0.56171875 0.3734375 0.0203125 0.090625
0 0.4640625 0.38125 0.0203125 0.04296875
0 0.440625 0.37578125 0.034375 0.03203125
0 0.35078125 0.7640625 0.30234375 0.46640625