0 0.19765625 0.77890625 0.2796875 0.4421875
0 0.7390625 0.55625 0.16953125 0.34140625
0 0.9171875 0.54375 0.134375 0.5703125
0 0.65625 0.53359375 0.128125 0.3265625
0 0.31484375 0.6546875 0.23359375 0.43828125
0 0.3625 0.50859375 0.1609375 0.2234375
0 0.3625 0.4296875 0.0546875 0.1765625
0 0.61640625 0.43125 0.075 0.1734375
0 0.39609375 0.4515625 0.05703125 0.19140625
0 0.63203125 0.3203125 0.06640625 0.11171875
0 0.403125 0.33984375 0.03984375 0.05
0 0.425 0.36328125 0.03984375 0.14375
0 0.45625 0.33515625 0.021875 0.1
0 0.5640625 0.34375 0.021875 0.046875
0 0.5890625 0.33828125 0.0375 0.03515625
0 0.68828125 0.75390625 0.3328125 0.4921875