0 0.01328125 0.38125 0.0265625 0.3671875
0 0.0359375 0.38125 0.03125 0.33671875
0 0.06171875 0.4 0.04921875 0.31796875
0 0.090625 0.3953125 0.03671875 0.32109375
0 0.1203125 0.40703125 0.0390625 0.29609375
0 0.16171875 0.3890625 0.0640625 0.33359375
0 0.196875 0.4875 0.0640625 0.1359375
0 0.2015625 0.3515625 0.02890625 0.16015625
0 0.21796875 0.31328125 0.01640625 0.04609375
0 0.23671875 0.41796875 0.0328125 0.26875
0 0.253125 0.41015625 0.04140625 0.278125
0 0.278125 0.3828125 0.025 0.19140625
0 0.2984375 0.34375 0.025 0.1078125
0 0.32109375 0.33359375 0.02890625 0.06171875
0 0.51640625 0.240625 0.078125 0.0984375