0 0.71171875 0.5546875 0.06484375 0.234375
0 0.6625 0.5609375 0.0734375 0.290625
0 0.60234375 0.559375 0.08359375 0.275
0 0.54609375 0.55625 0.075 0.29375
0 0.4875 0.5453125 0.08125 0.284375
0 0.4296875 0.534375 0.06328125 0.28125
0 0.38125 0.553125 0.10390625 0.3
0 0.35546875 0.79375 0.134375 0.33125
0 0.43984375 0.7609375 0.1359375 0.346875
0 0.53046875 0.7640625 0.121875 0.328125
0 0.58828125 0.771875 0.08359375 0.29375
0 0.653125 0.76875 0.10390625 0.30625
0 0.69921875 0.765625 0.06875 0.29375
0 0.7703125 0.7890625 0.11796875 0.321875
0 0.159375 0.0640625 0.01796875 0.065625
0 0.00625 0.578125 0.0125 0.1375