0 0.29375 0.55234375 0.0640625 0.23046875
0 0.3421875 0.55859375 0.071875 0.2859375
0 0.40078125 0.55703125 0.08203125 0.27109375
0 0.45703125 0.55390625 0.07421875 0.2890625
0 0.5140625 0.54296875 0.0796875 0.2796875
0 0.57109375 0.53203125 0.06171875 0.2765625
0 0.61875 0.55078125 0.10234375 0.2953125
0 0.64375 0.7875 0.13203125 0.32578125
0 0.5609375 0.75546875 0.134375 0.34140625
0 0.471875 0.75859375 0.1203125 0.3234375
0 0.41484375 0.76640625 0.08203125 0.2890625
0 0.35078125 0.76328125 0.10234375 0.3015625
0 0.30625 0.76015625 0.06796875 0.2890625
0 0.2359375 0.7828125 0.115625 0.3171875
0 0.83671875 0.06953125 0.01796875 0.06484375
0 0.98984375 0.575 0.015625 0.13515625