0 0.33203125 0.59375 0.0734375 0.265625
0 0.38671875 0.60078125 0.0828125 0.3296875
0 0.4546875 0.59921875 0.09453125 0.31171875
0 0.51953125 0.59609375 0.08515625 0.33359375
0 0.58515625 0.58359375 0.0921875 0.32265625
0 0.65078125 0.57109375 0.07109375 0.31953125
0 0.70625 0.5921875 0.1171875 0.340625
0 0.73515625 0.83828125 0.15234375 0.32265625
0 0.6390625 0.815625 0.1546875 0.36875
0 0.53671875 0.82265625 0.13828125 0.3546875
0 0.47109375 0.83671875 0.09453125 0.3265625
0 0.39765625 0.83125 0.1171875 0.33671875
0 0.3453125 0.8328125 0.078125 0.334375
0 0.26484375 0.83828125 0.13359375 0.32265625
0 0.95703125 0.0375 0.02109375 0.07421875