0 0.7546875 0.6609375 0.03125 0.215625
0 0.6703125 0.603125 0.015625 0.0953125
0 0.68984375 0.59921875 0.021875 0.11875
0 0.71875 0.58984375 0.02265625 0.08203125
0 0.8359375 0.59375 0.025 0.10859375
0 0.8859375 0.5859375 0.01640625 0.09765625
0 0.65390625 0.59296875 0.01875 0.084375
0 0.59921875 0.60078125 0.01953125 0.0796875
0 0.63203125 0.5890625 0.01953125 0.08046875
0 0.61953125 0.58828125 0.0125 0.09375
0 0.4703125 0.60859375 0.0171875 0.05546875
0 0.56171875 0.6 0.0171875 0.078125
0 0.18984375 0.62890625 0.01953125 0.078125