0 0.23828125 0.65234375 0.03203125 0.22265625
0 0.32578125 0.59296875 0.01640625 0.0984375
0 0.3046875 0.5890625 0.02265625 0.12265625
0 0.275 0.5796875 0.02265625 0.084375
0 0.15390625 0.58359375 0.02578125 0.11171875
0 0.10234375 0.57578125 0.0171875 0.10078125
0 0.3421875 0.58203125 0.01953125 0.0875
0 0.39921875 0.590625 0.0203125 0.08203125
0 0.36484375 0.57890625 0.0203125 0.08359375
0 0.378125 0.57734375 0.01328125 0.096875
0 0.53125 0.5984375 0.01796875 0.05703125
0 0.4375 0.58984375 0.01796875 0.08046875
0 0.82109375 0.61953125 0.0203125 0.08046875