0 0.1515625 0.64140625 0.0359375 0.24765625
0 0.2484375 0.575 0.01796875 0.109375
0 0.22578125 0.5703125 0.025 0.13671875
0 0.19296875 0.559375 0.02578125 0.09453125
0 0.0578125 0.5640625 0.02890625 0.125
0 0.00546875 0.5546875 0.01015625 0.11171875
0 0.2671875 0.5625 0.02109375 0.09765625
0 0.33046875 0.571875 0.021875 0.09140625
0 0.2921875 0.55859375 0.021875 0.09296875
0 0.30703125 0.5578125 0.01484375 0.1078125
0 0.47734375 0.58125 0.01953125 0.0640625
0 0.3734375 0.57109375 0.01953125 0.08984375
0 0.8 0.6046875 0.021875 0.08984375