0 0.80234375 0.5234375 0.121875 0.546875
0 0.19765625 0.52890625 0.19921875 0.4515625
0 0.084375 0.58125 0.0921875 0.4515625
0 0.34375 0.51015625 0.0828125 0.4765625
0 0.559375 0.5078125 0.08984375 0.453125
0 0.89140625 0.47890625 0.1078125 0.5203125
0 0.48671875 0.56796875 0.0859375 0.44375
0 0.7125 0.53515625 0.09375 0.4640625
0 0.640625 0.50078125 0.08671875 0.4578125
0 0.42578125 0.49453125 0.0875 0.4578125
0 0.2859375 0.46640625 0.078125 0.4609375
0 0.7609375 0.265625 0.05859375 0.16484375
0 0.50859375 0.3265625 0.07578125 0.196875
0 0.38828125 0.2 0.08125 0.14921875
0 0.0640625 0.365625 0.11171875 0.221875
0 0.47578125 0.240625 0.05234375 0.13984375
0 0.2359375 0.26640625 0.046875 0.13828125
0 0.153125 0.29140625 0.06640625 0.13515625
0 0.5796875 0.28515625 0.07578125 0.17265625
0 0.71875 0.303125 0.0765625 0.14609375
0 0.34453125 0.2734375 0.08359375 0.17421875
0 0.2109375 0.48359375 0.115625 0.4671875
0 0.73828125 0.21015625 0.03203125 0.08203125
0 0.1015625 0.30625 0.03828125 0.07109375
0 0.6234375 0.2578125 0.04453125 0.11484375
0 0.2765625 0.2171875 0.06328125 0.09921875
0 0.54375 0.21640625 0.0390625 0.11328125
0 0.38671875 0.284375 0.05234375 0.17109375
0 0.6484375 0.2859375 0.07734375 0.16484375
0 0.84921875 0.275 0.0515625 0.12109375
0 0.4515625 0.2875 0.0515625 0.13671875
0 0.521875 0.18984375 0.03125 0.08203125
0 0.82109375 0.25859375 0.03515625 0.12890625
0 0.61953125 0.2140625 0.05078125 0.13984375