0 0.76875 0.6296875 0.1578125 0.44765625
0 0.55703125 0.6296875 0.12109375 0.45078125
0 0.37109375 0.6296875 0.1171875 0.44765625
0 0.6515625 0.63046875 0.12265625 0.44921875
0 0.4609375 0.64453125 0.10390625 0.42109375
0 0.5671875 0.39453125 0.09765625 0.2515625
0 0.4734375 0.3953125 0.10390625 0.28359375
0 0.1796875 0.634375 0.11015625 0.43828125
0 0.2703125 0.63359375 0.10390625 0.43984375
0 0.3890625 0.38984375 0.10625 0.2765625
0 0.6546875 0.38828125 0.0890625 0.23515625
0 0.30078125 0.415625 0.0890625 0.29296875
0 0.7578125 0.425 0.1546875 0.27421875
0 0.209375 0.39375 0.10859375 0.29921875