0 0.0453125 0.61796875 0.08984375 0.60546875
0 0.94453125 0.65234375 0.1109375 0.54765625
0 0.771875 0.62734375 0.10234375 0.534375
0 0.1171875 0.6171875 0.109375 0.565625
0 0.3359375 0.63359375 0.08828125 0.47578125
0 0.859375 0.6484375 0.09765625 0.5203125
0 0.1953125 0.63828125 0.09609375 0.5109375
0 0.27265625 0.6234375 0.09453125 0.5015625
0 0.46796875 0.62421875 0.08828125 0.5296875
0 0.4046875 0.62578125 0.0796875 0.5
0 0.69609375 0.62890625 0.07265625 0.51796875
0 0.61875 0.4296875 0.08828125 0.16015625
0 0.54375 0.434375 0.0828125 0.15546875