0 0.93671875 0.72734375 0.12578125 0.48359375
0 0.86015625 0.48828125 0.1125 0.50234375
0 0.1734375 0.41328125 0.12578125 0.76875
0 0.071875 0.75234375 0.14375 0.46640625
0 0.2078125 0.73828125 0.20703125 0.46875
0 0.72265625 0.48125 0.16171875 0.45859375
0 0.53671875 0.73671875 0.175 0.47734375
0 0.68515625 0.75703125 0.13515625 0.40234375
0 0.06953125 0.4375 0.10625 0.50390625
0 0.43671875 0.44765625 0.12421875 0.42890625
0 0.82578125 0.76328125 0.18125 0.42265625
0 0.28125 0.35078125 0.10234375 0.48125
0 0.3109375 0.55546875 0.12421875 0.55625
0 0.42421875 0.73359375 0.09609375 0.45
0 0.59453125 0.559375 0.134375 0.57734375
0 0.5375 0.3 0.11484375 0.44609375
0 0.63828125 0.234375 0.1 0.41484375
0 0.33515625 0.77109375 0.11171875 0.3625
0 0.75546875 0.42421875 0.09296875 0.56015625
0 0.39296875 0.25859375 0.05703125 0.2875