0 0.87421875 0.71796875 0.1203125 0.54453125
0 0.76015625 0.73125 0.10703125 0.52421875
0 0.2375 0.7109375 0.13359375 0.559375
0 0.55546875 0.7109375 0.115625 0.565625
0 0.1234375 0.71875 0.1328125 0.5328125
0 0.65546875 0.7390625 0.10078125 0.5015625
0 0.4515625 0.7140625 0.10078125 0.55546875
0 0.34453125 0.71953125 0.12734375 0.54453125
0 0.14140625 0.40546875 0.109375 0.296875
0 0.62734375 0.43125 0.08359375 0.2328125
0 0.49765625 0.4390625 0.0734375 0.32421875
0 0.38984375 0.43046875 0.08671875 0.23125
0 0.22109375 0.4515625 0.096875 0.28046875
0 0.4359375 0.37109375 0.06875 0.18515625
0 0.3140625 0.42421875 0.0875 0.2921875
0 0.553125 0.42890625 0.0796875 0.234375
0 0.91640625 0.5453125 0.0828125 0.4046875
0 0.678125 0.478125 0.0703125 0.34609375
0 0.81640625 0.45390625 0.0984375 0.28515625
0 0.26953125 0.34609375 0.06328125 0.1671875
0 0.74765625 0.4390625 0.0734375 0.2
0 0.584375 0.35546875 0.04921875 0.140625
0 0.778125 0.353125 0.0453125 0.14921875
0 0.71015625 0.3671875 0.0375 0.1671875