0 0.2125 0.3625 0.04375 0.05546875
0 0.39296875 0.43515625 0.06953125 0.16640625
0 0.83203125 0.45390625 0.10859375 0.18046875
0 0.55 0.46171875 0.05 0.090625
0 0.28515625 0.46875 0.0546875 0.11328125
0 0.7 0.4703125 0.04765625 0.146875
0 0.653125 0.48125 0.071875 0.18046875
0 0.7765625 0.48359375 0.03828125 0.0859375
0 0.584375 0.4921875 0.0625 0.1734375
0 0.22578125 0.50078125 0.08203125 0.25
0 0.14765625 0.50859375 0.12578125 0.2765625
0 0.45625 0.5375 0.1203125 0.3046875
0 0.078125 0.55 0.12890625 0.45390625
0 0.84609375 0.56640625 0.11640625 0.2765625
0 0.3578125 0.58046875 0.115625 0.3578125
0 0.52109375 0.5828125 0.0921875 0.37421875
0 0.58359375 0.5953125 0.0609375 0.38046875
0 0.74140625 0.61796875 0.11484375 0.36328125
0 0.61484375 0.6953125 0.10859375 0.4921875
0 0.3078125 0.7484375 0.1953125 0.4875
0 0.125 0.753125 0.2125 0.48046875
0 0.67421875 0.78046875 0.1578125 0.4234375
0 0.48984375 0.78046875 0.20078125 0.4296875
0 0.828125 0.79140625 0.1484375 0.40859375