0 0.34140625 0.584375 0.13515625 0.375
0 0.08828125 0.659375 0.14453125 0.34609375
0 0.95625 0.5359375 0.08515625 0.4375
0 0.70859375 0.59609375 0.09140625 0.34140625
0 0.628125 0.59453125 0.09609375 0.36171875
0 0.24375 0.61875 0.10234375 0.34296875
0 0.0515625 0.434375 0.103125 0.35625
0 0.1828125 0.64296875 0.1328125 0.315625
0 0.5453125 0.58125 0.10625 0.34453125
0 0.88984375 0.64296875 0.13671875 0.40390625
0 0.79609375 0.60703125 0.10390625 0.35625
0 0.475 0.5828125 0.09609375 0.3375
0 0.13125 0.4203125 0.08984375 0.26328125
0 0.58046875 0.3953125 0.0671875 0.1921875
0 0.43046875 0.39140625 0.065625 0.184375
0 0.39921875 0.5671875 0.0796875 0.3109375
0 0.7640625 0.3953125 0.075 0.2328125
0 0.696875 0.3890625 0.0921875 0.21796875
0 0.19921875 0.40234375 0.06953125 0.23671875
0 0.825 0.4 0.08359375 0.2125
0 0.63515625 0.39609375 0.059375 0.1671875
0 0.47890625 0.3640625 0.06484375 0.18046875
0 0.52578125 0.3796875 0.06171875 0.20234375
0 0.37421875 0.37578125 0.06171875 0.18046875
0 0.88671875 0.39609375 0.07734375 0.15703125
0 0.31640625 0.3734375 0.06796875 0.19609375
0 0.25859375 0.38828125 0.07109375 0.1921875