0 0.3390625 0.58359375 0.13359375 0.3703125
0 0.08984375 0.6578125 0.1421875 0.34140625
0 0.946875 0.5359375 0.08359375 0.43203125
0 0.70234375 0.5953125 0.08984375 0.33671875
0 0.62265625 0.59296875 0.0953125 0.35703125
0 0.24296875 0.6171875 0.1015625 0.33828125
0 0.05234375 0.4359375 0.1046875 0.3515625
0 0.1828125 0.640625 0.13125 0.31171875
0 0.54140625 0.5796875 0.1046875 0.33984375
0 0.88125 0.640625 0.13515625 0.3984375
0 0.7890625 0.60546875 0.10234375 0.3515625
0 0.47109375 0.58203125 0.0953125 0.33359375
0 0.13203125 0.421875 0.0890625 0.26015625
0 0.57578125 0.396875 0.06640625 0.18984375
0 0.42734375 0.3921875 0.06484375 0.18203125
0 0.396875 0.56640625 0.07890625 0.30703125
0 0.75703125 0.396875 0.0734375 0.2296875
0 0.690625 0.390625 0.09140625 0.21484375
0 0.19921875 0.403125 0.06875 0.23359375
0 0.8171875 0.4015625 0.0828125 0.21015625
0 0.6296875 0.39765625 0.05859375 0.16484375
0 0.47578125 0.365625 0.0640625 0.178125
0 0.521875 0.38203125 0.0609375 0.2
0 0.371875 0.37734375 0.0609375 0.178125
0 0.878125 0.39765625 0.0765625 0.1546875
0 0.31484375 0.375 0.0671875 0.19296875
0 0.2578125 0.38984375 0.0703125 0.18984375