0 0.7078125 0.1984375 0.07734375 0.30625
0 0.65234375 0.2234375 0.10390625 0.340625
0 0.83046875 0.2296875 0.06015625 0.17890625
0 0.35078125 0.2375 0.08203125 0.24453125
0 0.56640625 0.2375 0.08359375 0.271875
0 0.76171875 0.259375 0.04296875 0.2515625
0 0.2421875 0.26015625 0.046875 0.19140625
0 0.49453125 0.28046875 0.08203125 0.328125
0 0.43203125 0.28828125 0.0765625 0.33125
0 0.88359375 0.396875 0.10859375 0.49140625
0 0.80625 0.4625 0.0875 0.47421875
0 0.7296875 0.4875 0.0953125 0.415625
0 0.64296875 0.49453125 0.096875 0.43828125
0 0.5671875 0.5125 0.1078125 0.45546875
0 0.37890625 0.5484375 0.10390625 0.6328125
0 0.47734375 0.5625 0.09296875 0.45546875
0 0.12109375 0.57890625 0.15 0.76484375
0 0.30234375 0.5859375 0.0984375 0.678125
0 0.2 0.60703125 0.178125 0.76640625