0 0.91953125 0.5703125 0.13828125 0.83828125
0 0.065625 0.53515625 0.1265625 0.83984375
0 0.24296875 0.54375 0.08671875 0.68203125
0 0.3359375 0.51484375 0.12265625 0.75234375
0 0.44140625 0.559375 0.11484375 0.684375
0 0.5171875 0.5703125 0.10859375 0.69296875
0 0.15703125 0.5328125 0.125 0.784375
0 0.81796875 0.59609375 0.12109375 0.79140625
0 0.68203125 0.59609375 0.0984375 0.765625
0 0.603125 0.55859375 0.0859375 0.784375
0 0.7515625 0.5640625 0.08828125 0.825
0 0.6296875 0.26953125 0.0421875 0.146875