0 0.0703125 0.61484375 0.125 0.5390625
0 0.16015625 0.596875 0.0953125 0.5
0 0.2546875 0.58046875 0.1078125 0.4421875
0 0.41484375 0.71875 0.1515625 0.384375
0 0.83984375 0.51328125 0.1421875 0.31171875
0 0.34140625 0.5765625 0.1015625 0.4171875
0 0.55390625 0.7203125 0.1484375 0.328125
0 0.6109375 0.5484375 0.0984375 0.39453125
0 0.7140625 0.5359375 0.109375 0.33671875
0 0.69921875 0.721875 0.1109375 0.30390625
0 0.83828125 0.75390625 0.1515625 0.28515625
0 0.51953125 0.5234375 0.09140625 0.29140625