0 0.39765625 0.3734375 0.1046875 0.18203125
0 0.63203125 0.4046875 0.11640625 0.17109375
0 0.7515625 0.425 0.13203125 0.2109375
0 0.51015625 0.43125 0.12734375 0.23046875
0 0.8984375 0.51484375 0.11953125 0.390625
0 0.09609375 0.5453125 0.159375 0.51328125
0 0.28515625 0.546875 0.08359375 0.42890625
0 0.20234375 0.5734375 0.146875 0.47890625
0 0.35859375 0.58359375 0.16640625 0.490625
0 0.4984375 0.58359375 0.12578125 0.4515625
0 0.63828125 0.6015625 0.12734375 0.43203125
0 0.75859375 0.6203125 0.11796875 0.4015625
0 0.86484375 0.621875 0.11328125 0.4046875