0 0.92890625 0.6625 0.11015625 0.525
0 0.825 0.6546875 0.12734375 0.53125
0 0.28984375 0.6390625 0.13984375 0.4453125
0 0.434375 0.67578125 0.09296875 0.41015625
0 0.16171875 0.61015625 0.10390625 0.4625
0 0.7296875 0.66328125 0.09765625 0.51015625
0 0.478125 0.61484375 0.08828125 0.4640625
0 0.215625 0.62890625 0.08828125 0.4328125
0 0.58515625 0.65546875 0.09765625 0.475
0 0.6578125 0.65703125 0.07734375 0.49375
0 0.390625 0.6421875 0.0609375 0.4390625
0 0.7609375 0.4421875 0.05 0.11484375
0 0.34375 0.62578125 0.0546875 0.41015625
0 0.35625 0.45 0.0453125 0.10078125
0 0.52421875 0.4546875 0.0421875 0.11484375
0 0.68828125 0.4453125 0.0421875 0.12109375
0 0.54609375 0.63984375 0.06796875 0.45625
0 0.54921875 0.5359375 0.0609375 0.23828125