0 0.478125 0.3859375 0.078125 0.13359375
0 0.61875 0.4046875 0.07265625 0.19453125
0 0.22265625 0.4171875 0.06796875 0.1578125
0 0.6609375 0.44609375 0.0875 0.190625
0 0.540625 0.44765625 0.07265625 0.190625
0 0.3453125 0.45078125 0.08046875 0.175
0 0.42734375 0.4921875 0.0703125 0.19296875
0 0.2671875 0.52578125 0.109375 0.33671875
0 0.3609375 0.5953125 0.11953125 0.29140625
0 0.07578125 0.61796875 0.13515625 0.6078125
0 0.48046875 0.625 0.13046875 0.4375
0 0.83671875 0.64375 0.1625 0.64921875
0 0.16953125 0.6609375 0.10390625 0.52265625
0 0.7203125 0.67734375 0.1625 0.5765625
0 0.6 0.678125 0.11875 0.55390625
0 0.52421875 0.771875 0.15234375 0.4390625
0 0.2640625 0.78125 0.15390625 0.36796875
0 0.37265625 0.78984375 0.15078125 0.371875