0 0.06484375 0.67421875 0.1296875 0.54453125
0 0.90078125 0.7796875 0.18203125 0.42734375
0 0.1265625 0.74921875 0.21796875 0.40703125
0 0.4578125 0.63515625 0.13671875 0.46875
0 0.70390625 0.78359375 0.15859375 0.4328125
0 0.31328125 0.76953125 0.17421875 0.45625
0 0.89609375 0.53984375 0.17421875 0.25546875
0 0.725 0.53984375 0.15625 0.321875
0 0.32109375 0.51796875 0.14609375 0.24609375
0 0.51875 0.76796875 0.18828125 0.3578125
0 0.196875 0.5359375 0.1375 0.23984375
0 0.5875 0.64140625 0.1375 0.47109375