0 0.75703125 0.41328125 0.05546875 0.1203125
0 0.2609375 0.415625 0.046875 0.11640625
0 0.17421875 0.4203125 0.06484375 0.15078125
0 0.89140625 0.4296875 0.06796875 0.11640625
0 0.82578125 0.46640625 0.103125 0.1859375
0 0.95625 0.484375 0.0828125 0.24296875
0 0.6421875 0.60234375 0.09765625 0.50234375
0 0.3109375 0.63046875 0.09765625 0.50625
0 0.1328125 0.6359375 0.09765625 0.53671875
0 0.23046875 0.64765625 0.12109375 0.53671875
0 0.55390625 0.65 0.12265625 0.5609375
0 0.73046875 0.65 0.09765625 0.5078125
0 0.409375 0.66953125 0.1296875 0.58359375
0 0.08203125 0.6703125 0.1640625 0.646875
0 0.6640625 0.67421875 0.10078125 0.5
0 0.82734375 0.684375 0.12109375 0.49609375
0 0.9296875 0.69375 0.13515625 0.54296875