0 0.42734375 0.221875 0.08125 0.2203125
0 0.83984375 0.228125 0.08828125 0.24765625
0 0.553125 0.26171875 0.0796875 0.209375
0 0.21875 0.296875 0.075 0.334375
0 0.55234375 0.471875 0.078125 0.6296875
0 0.93203125 0.48828125 0.13515625 0.71328125
0 0.71484375 0.53984375 0.10859375 0.625
0 0.365625 0.54921875 0.11875 0.70703125
0 0.60390625 0.54921875 0.121875 0.61171875
0 0.81484375 0.5578125 0.14140625 0.65703125
0 0.4734375 0.5625 0.16796875 0.684375
0 0.24375 0.58984375 0.18671875 0.74765625
0 0.09609375 0.59453125 0.1921875 0.7703125
0 0.48828125 0.140625 0.08203125 0.190625
0 0.60625 0.17578125 0.078125 0.19765625
0 0.2890625 0.17734375 0.08984375 0.1953125
0 0.35859375 0.18671875 0.0703125 0.240625
0 0.7515625 0.2 0.09140625 0.26796875
0 0.66953125 0.21015625 0.08125 0.275