0 0.09453125 0.72734375 0.12109375 0.284375
0 0.634375 0.70546875 0.0984375 0.28828125
0 0.05625 0.5578125 0.08828125 0.1734375
0 0.3875 0.65859375 0.0890625 0.27578125
0 0.8734375 0.76328125 0.13828125 0.29609375
0 0.2859375 0.7125 0.11484375 0.25234375
0 0.75859375 0.64296875 0.09375 0.3171875
0 0.45078125 0.72734375 0.0671875 0.2765625
0 0.51953125 0.75546875 0.09921875 0.2625
0 0.10859375 0.48046875 0.06953125 0.1671875
0 0.88203125 0.46328125 0.09609375 0.21640625
0 0.24765625 0.5421875 0.090625 0.20234375
0 0.9265625 0.54296875 0.08515625 0.19609375
0 0.2 0.72890625 0.084375 0.29921875
0 0.8421875 0.67109375 0.12265625 0.2796875
0 0.6953125 0.640625 0.0984375 0.26796875
0 0.46171875 0.590625 0.0859375 0.18125
0 0.5609375 0.69375 0.0765625 0.28359375
0 0.521875 0.48203125 0.0828125 0.16953125
0 0.5328125 0.5734375 0.0703125 0.18828125
0 0.334375 0.6078125 0.06953125 0.26015625
0 0.171875 0.53515625 0.06640625 0.1359375
0 0.13828125 0.65 0.0828125 0.24296875
0 0.17890625 0.44609375 0.08046875 0.1671875
0 0.609375 0.5515625 0.06328125 0.134375
0 0.32109375 0.45078125 0.06953125 0.18828125
0 0.44609375 0.4921875 0.0625 0.1125
0 0.38359375 0.5046875 0.06640625 0.1265625
0 0.24375 0.4140625 0.07421875 0.17265625
0 0.884375 0.36015625 0.084375 0.128125
0 0.28828125 0.35546875 0.06640625 0.26875
0 0.39765625 0.39453125 0.0703125 0.1921875
0 0.21796875 0.31953125 0.0734375 0.15546875
0 0.51640625 0.37109375 0.06015625 0.159375
0 0.69765625 0.2859375 0.07109375 0.221875
0 0.59765625 0.39453125 0.06875 0.1984375
0 0.41171875 0.30390625 0.06796875 0.15390625
0 0.7 0.453125 0.07890625 0.1515625
0 0.17109375 0.35390625 0.07734375 0.1359375
0 0.56015625 0.4546875 0.06015625 0.1984375
0 0.6640625 0.403125 0.0578125 0.1265625
0 0.45078125 0.434375 0.08125 0.16328125
0 0.57265625 0.271875 0.06484375 0.1828125
0 0.3375 0.3546875 0.0671875 0.2203125
0 0.75625 0.31953125 0.05546875 0.15546875
0 0.8 0.56640625 0.07265625 0.3
0 0.8171875 0.31875 0.075 0.14375
0 0.78828125 0.41484375 0.09921875 0.16171875
0 0.62734375 0.478125 0.07109375 0.14765625
0 0.3625 0.2640625 0.0625 0.16484375
0 0.428125 0.25234375 0.07265625 0.21015625
0 0.725 0.5140625 0.06640625 0.134375
0 0.72265625 0.36484375 0.06953125 0.13671875
0 0.49765625 0.25625 0.06484375 0.2296875
0 0.63984375 0.27421875 0.06015625 0.13828125