0 0.34296875 0.2984375 0.0625 0.12890625
0 0.43125 0.30859375 0.0859375 0.17578125
0 0.61875 0.31015625 0.10859375 0.1625
0 0.51640625 0.31875 0.07890625 0.1796875
0 0.02890625 0.3328125 0.05 0.225
0 0.134375 0.53984375 0.178125 0.78515625
0 0.26328125 0.55546875 0.14140625 0.70234375
0 0.81796875 0.57109375 0.11015625 0.72265625
0 0.903125 0.5984375 0.128125 0.74453125
0 0.3203125 0.60625 0.15234375 0.6578125
0 0.74921875 0.609375 0.14765625 0.73984375
0 0.64140625 0.61640625 0.125 0.67265625
0 0.42421875 0.6171875 0.13984375 0.62265625
0 0.5375 0.62421875 0.12109375 0.6484375