0 0.9515625 0.63125 0.09609375 0.54765625
0 0.521875 0.67578125 0.1484375 0.5203125
0 0.375 0.66875 0.13984375 0.48359375
0 0.66796875 0.65234375 0.1375 0.5421875
0 0.240625 0.67421875 0.13984375 0.4984375
0 0.8296875 0.64921875 0.1375 0.48515625
0 0.97890625 0.50859375 0.0421875 0.6109375
0 0.10625 0.409375 0.14453125 0.3421875
0 0.76875 0.5296875 0.11953125 0.57109375
0 0.11640625 0.70078125 0.14296875 0.44140625
0 0.25 0.42734375 0.134375 0.30234375
0 0.4828125 0.55625 0.103125 0.54375
0 0.9 0.5203125 0.1125 0.56015625
0 0.621875 0.5328125 0.115625 0.56015625
0 0.36875 0.4046875 0.121875 0.27109375