0 0.80625 0.5578125 0.1109375 0.496875
0 0.25625 0.5625 0.18125 0.4109375
0 0.15234375 0.6109375 0.08359375 0.4109375
0 0.3890625 0.54609375 0.075 0.43359375
0 0.58515625 0.54375 0.08203125 0.4125
0 0.8875 0.51796875 0.09765625 0.4734375
0 0.51953125 0.59921875 0.078125 0.40390625
0 0.72421875 0.56875 0.08515625 0.42265625
0 0.65859375 0.5375 0.07890625 0.41640625
0 0.4640625 0.53203125 0.0796875 0.41640625
0 0.33671875 0.50625 0.07109375 0.41953125
0 0.76796875 0.3234375 0.05390625 0.15
0 0.5390625 0.37890625 0.06875 0.1796875
0 0.42890625 0.2640625 0.07421875 0.1359375
0 0.134375 0.41484375 0.1015625 0.20234375
0 0.50859375 0.30078125 0.04765625 0.12734375
0 0.290625 0.32421875 0.0421875 0.12578125
0 0.21484375 0.346875 0.06015625 0.12265625
0 0.60390625 0.34140625 0.06875 0.15703125
0 0.73046875 0.35703125 0.06953125 0.1328125
0 0.38984375 0.33046875 0.07578125 0.1578125
0 0.26796875 0.521875 0.10546875 0.425
0 0.74765625 0.2734375 0.02890625 0.075
0 0.16875 0.36015625 0.03515625 0.06484375
0 0.64296875 0.31640625 0.040625 0.1046875
0 0.32734375 0.2796875 0.05703125 0.090625
0 0.5703125 0.27890625 0.0359375 0.103125
0 0.428125 0.340625 0.04765625 0.15546875
0 0.665625 0.3421875 0.0703125 0.15
0 0.8484375 0.33203125 0.046875 0.11015625
0 0.48671875 0.34296875 0.046875 0.12421875
0 0.55078125 0.2546875 0.028125 0.075
0 0.8234375 0.3171875 0.03203125 0.1171875
0 0.63984375 0.2765625 0.04609375 0.12734375