0 0.5828125 0.7703125 0.50625 0.459375
0 0.75859375 0.54375 0.2265625 0.578125
0 0.3578125 0.56640625 0.1546875 0.52734375
0 0.1421875 0.4828125 0.146875 0.63046875
0 0.475 0.5171875 0.1296875 0.41953125
0 0.60390625 0.4640625 0.1546875 0.3734375
0 0.46953125 0.22421875 0.11484375 0.19453125
0 0.67421875 0.25546875 0.12109375 0.2078125
0 0.253125 0.46640625 0.159375 0.6234375
0 0.3453125 0.25078125 0.10703125 0.21875
0 0.56640625 0.27265625 0.12578125 0.25078125
0 0.41640625 0.31171875 0.090625 0.15625
0 0.8234375 0.4515625 0.19296875 0.63046875
0 0.82265625 0.3015625 0.19375 0.3265625