0 0.13046875 0.55234375 0.16015625 0.8171875
0 0.74375 0.55625 0.17421875 0.8328125
0 0.2765625 0.571875 0.1421875 0.79140625
0 0.4296875 0.57578125 0.1640625 0.7796875
0 0.5796875 0.565625 0.16953125 0.8140625
0 0.86171875 0.5453125 0.13046875 0.76953125
0 0.6609375 0.40390625 0.1140625 0.57578125
0 0.2078125 0.22890625 0.06953125 0.17421875
0 0.34453125 0.4390625 0.11015625 0.62578125
0 0.5078125 0.21015625 0.10546875 0.2703125
0 0.34453125 0.23671875 0.11171875 0.22734375
0 0.20625 0.44375 0.06953125 0.603125
0 0.50859375 0.375 0.10390625 0.6