0 0.82421875 0.69296875 0.23671875 0.446875
0 0.8921875 0.5234375 0.18046875 0.4921875
0 0.35859375 0.72265625 0.1953125 0.45703125
0 0.58125 0.71875 0.20234375 0.47421875
0 0.0484375 0.5984375 0.096875 0.55
0 0.14765625 0.69765625 0.20234375 0.44375
0 0.61796875 0.46328125 0.16328125 0.54296875
0 0.7421875 0.578125 0.13046875 0.59921875
0 0.46875 0.59140625 0.14375 0.5734375
0 0.26171875 0.51640625 0.178125 0.52109375
0 0.13515625 0.421875 0.1296875 0.34140625
0 0.390625 0.4375 0.10234375 0.35703125
0 0.015625 0.41640625 0.03125 0.39609375