0 0.878125 0.7203125 0.1234375 0.55859375
0 0.7609375 0.73203125 0.11015625 0.53515625
0 0.2234375 0.7125 0.1375 0.575
0 0.55078125 0.7109375 0.11875 0.57734375
0 0.10703125 0.72109375 0.1359375 0.546875
0 0.65390625 0.7421875 0.10390625 0.51484375
0 0.44375 0.715625 0.10390625 0.56875
0 0.33359375 0.72109375 0.13046875 0.55703125
0 0.12578125 0.4 0.1125 0.3046875
0 0.625 0.42578125 0.0859375 0.2390625
0 0.490625 0.434375 0.07578125 0.33359375
0 0.38046875 0.425 0.0890625 0.2375
0 0.20703125 0.446875 0.09921875 0.2875
0 0.428125 0.36484375 0.0703125 0.190625
0 0.30234375 0.41953125 0.08984375 0.3
0 0.5484375 0.4234375 0.08203125 0.240625
0 0.921875 0.54296875 0.084375 0.415625
0 0.6765625 0.47421875 0.071875 0.35546875
0 0.81875 0.44921875 0.10078125 0.29296875
0 0.25703125 0.33828125 0.06484375 0.171875
0 0.74765625 0.434375 0.07578125 0.20546875
0 0.58046875 0.3484375 0.05078125 0.14453125
0 0.77890625 0.34609375 0.046875 0.153125
0 0.709375 0.36015625 0.0390625 0.171875