0 0.3359375 0.428125 0.09375 0.11875
0 0.23671875 0.4421875 0.1078125 0.13671875
0 0.94140625 0.54921875 0.11640625 0.684375
0 0.1609375 0.415625 0.09609375 0.15390625
0 0.58984375 0.43046875 0.09921875 0.1234375
0 0.41796875 0.43671875 0.09375 0.10625
0 0.68359375 0.42578125 0.09609375 0.1234375
0 0.14921875 0.3484375 0.11328125 0.1921875
0 0.01875 0.53828125 0.0375 0.3953125
0 0.50625 0.4390625 0.0921875 0.12109375
0 0.29453125 0.39140625 0.0625 0.15625
0 0.70234375 0.28671875 0.09765625 0.32109375
0 0.0671875 0.4265625 0.10625 0.12109375
0 0.24453125 0.3484375 0.0890625 0.13671875
0 0.63046875 0.39609375 0.05546875 0.13125
0 0.87890625 0.61640625 0.1203125 0.63125
0 0.55546875 0.31171875 0.0625 0.290625
0 0.440625 0.3234375 0.059375 0.3078125
0 0.77578125 0.440625 0.103125 0.0984375
0 0.3890625 0.3734375 0.06484375 0.15625
0 0.39296875 0.30546875 0.06796875 0.29296875