0 0.22109375 0.625 0.1609375 0.4578125
0 0.43828125 0.625 0.12421875 0.46171875
0 0.628125 0.625 0.1203125 0.4578125
0 0.34140625 0.62578125 0.125 0.459375
0 0.53671875 0.640625 0.10625 0.43046875
0 0.42734375 0.384375 0.1 0.2578125
0 0.5234375 0.3859375 0.10625 0.290625
0 0.8234375 0.6296875 0.1125 0.4484375
0 0.73046875 0.62890625 0.10625 0.45
0 0.609375 0.3796875 0.10859375 0.2828125
0 0.33828125 0.378125 0.090625 0.240625
0 0.7 0.40546875 0.090625 0.3
0 0.2328125 0.415625 0.15859375 0.28046875
0 0.79375 0.38359375 0.1109375 0.30546875