0 0.06953125 0.53984375 0.1390625 0.6453125
0 0.5296875 0.5453125 0.0796875 0.63515625
0 0.3671875 0.56953125 0.12578125 0.68828125
0 0.7375 0.6125 0.15390625 0.77421875
0 0.45703125 0.53984375 0.078125 0.64140625
0 0.15546875 0.52890625 0.08828125 0.7171875
0 0.22421875 0.6171875 0.1046875 0.709375
0 0.83203125 0.5265625 0.0859375 0.65546875
0 0.92421875 0.58125 0.10859375 0.7765625
0 0.603125 0.58203125 0.1015625 0.6640625
0 0.29609375 0.51875 0.07578125 0.63515625
0 0.671875 0.5703125 0.08203125 0.70703125