0 0.71171875 0.31328125 0.09296875 0.28671875
0 0.15625 0.35390625 0.06640625 0.1453125
0 0.56953125 0.49453125 0.0796875 0.55546875
0 0.3796875 0.5109375 0.08671875 0.61640625
0 0.45078125 0.525 0.12109375 0.534375
0 0.62109375 0.53046875 0.08984375 0.5265625
0 0.515625 0.53125 0.0734375 0.4890625
0 0.85859375 0.54296875 0.240625 0.75625
0 0.7984375 0.55 0.12265625 0.7703125
0 0.71484375 0.5796875 0.10859375 0.56796875
0 0.08046875 0.5859375 0.1609375 0.821875
0 0.203125 0.590625 0.1484375 0.815625
0 0.91875 0.6015625 0.1625 0.790625
0 0.3109375 0.6359375 0.10625 0.72734375