0 0.5859375 0.6859375 0.165625 0.6140625
0 0.33359375 0.6953125 0.18046875 0.59375
0 0.83125 0.6984375 0.16796875 0.5875
0 0.0890625 0.7140625 0.159375 0.5609375
0 0.2046875 0.64296875 0.16796875 0.69609375
0 0.9515625 0.70859375 0.0953125 0.56484375
0 0.48046875 0.6578125 0.14140625 0.6734375
0 0.7390625 0.684375 0.13671875 0.6140625
0 0.1453125 0.38203125 0.09375 0.1140625
0 0.63515625 0.3703125 0.05234375 0.1078125
0 0.7125 0.33828125 0.0890625 0.1109375
0 0.31640625 0.36171875 0.1421875 0.19609375
0 0.040625 0.6890625 0.08046875 0.6078125
0 0.66796875 0.66484375 0.109375 0.65
0 0.55703125 0.3875 0.078125 0.13515625
0 0.48671875 0.35546875 0.11796875 0.17890625
0 0.3921875 0.66640625 0.0859375 0.6296875