0 0.6328125 0.33125 0.0890625 0.21953125
0 0.73515625 0.4 0.1203125 0.28046875
0 0.46484375 0.40390625 0.10859375 0.31015625
0 0.55625 0.40390625 0.10390625 0.2875
0 0.36484375 0.4046875 0.10703125 0.3265625
0 0.278125 0.45546875 0.08671875 0.325
0 0.0828125 0.55546875 0.165625 0.8890625
0 0.19375 0.625 0.1375 0.75
0 0.83125 0.6265625 0.1640625 0.746875
0 0.6921875 0.69453125 0.20390625 0.6109375
0 0.42734375 0.72109375 0.11796875 0.55703125
0 0.5359375 0.7265625 0.146875 0.54609375
0 0.31484375 0.7234375 0.15546875 0.553125