0 0.090625 0.55 0.18125 0.89921875
0 0.22890625 0.66796875 0.1328125 0.6640625
0 0.9234375 0.559375 0.15234375 0.88125
0 0.4171875 0.68359375 0.121875 0.6328125
0 0.78828125 0.67265625 0.1453125 0.6546875
0 0.5328125 0.67734375 0.15703125 0.64453125
0 0.665625 0.6671875 0.14375 0.665625
0 0.8171875 0.36484375 0.11953125 0.24921875
0 0.33828125 0.67109375 0.109375 0.6578125
0 0.31640625 0.35859375 0.071875 0.25625
0 0.42734375 0.37109375 0.11015625 0.2765625
0 0.525 0.353125 0.31015625 0.30390625
0 0.72890625 0.36015625 0.084375 0.24375
0 0.596875 0.3921875 0.08671875 0.23828125
0 0.73203125 0.61953125 0.0921875 0.7609375
0 0.59921875 0.5109375 0.084375 0.4765625
0 0.2234375 0.44140625 0.14140625 0.43984375
0 0.52578125 0.38203125 0.15078125 0.221875