0 0.0609375 0.71796875 0.121875 0.48125
0 0.1359375 0.48046875 0.11171875 0.5
0 0.81796875 0.40546875 0.125 0.765625
0 0.92265625 0.74296875 0.15 0.46484375
0 0.784375 0.72890625 0.20625 0.4671875
0 0.27265625 0.47265625 0.16015625 0.45625
0 0.4578125 0.72734375 0.17421875 0.475
0 0.309375 0.74765625 0.134375 0.40078125
0 0.92109375 0.4296875 0.10546875 0.50234375
0 0.55625 0.43984375 0.1234375 0.42734375
0 0.16953125 0.75390625 0.18046875 0.42109375
0 0.7109375 0.34375 0.1015625 0.47890625
0 0.68203125 0.546875 0.1234375 0.55390625
0 0.56953125 0.72421875 0.0953125 0.4484375
0 0.4 0.55078125 0.13359375 0.575
0 0.45625 0.2921875 0.1140625 0.44375
0 0.35625 0.22734375 0.09921875 0.4125
0 0.6578125 0.76171875 0.1109375 0.3609375
0 0.23984375 0.415625 0.0921875 0.5578125
0 0.6 0.25078125 0.05703125 0.2859375