0 0.09609375 0.62578125 0.14453125 0.5046875
0 0.5203125 0.6671875 0.13671875 0.4796875
0 0.65546875 0.66015625 0.12890625 0.44609375
0 0.3859375 0.6453125 0.1265625 0.5
0 0.7796875 0.665625 0.12890625 0.459375
0 0.23671875 0.64296875 0.1265625 0.44765625
0 0.059375 0.51328125 0.11875 0.5640625
0 0.903125 0.42109375 0.1328125 0.315625
0 0.29296875 0.53203125 0.11015625 0.52734375
0 0.89375 0.68984375 0.13203125 0.40703125
0 0.77109375 0.43828125 0.12421875 0.27890625
0 0.55625 0.55625 0.0953125 0.5015625
0 0.171875 0.5234375 0.10390625 0.5171875
0 0.428125 0.53515625 0.10625 0.5171875
0 0.66171875 0.4171875 0.1125 0.25