0 0.42578125 0.1765625 0.084375 0.19921875
0 0.56171875 0.196875 0.1 0.32578125
0 0.63046875 0.2625 0.140625 0.2875
0 0.25859375 0.26953125 0.10078125 0.27109375
0 0.490625 0.2703125 0.1421875 0.259375
0 0.3734375 0.2734375 0.103125 0.265625
0 0.7765625 0.2765625 0.07421875 0.26953125
0 0.88125 0.465625 0.1453125 0.690625
0 0.103125 0.478125 0.12890625 0.68203125
0 0.740625 0.6140625 0.153125 0.771875
0 0.1890625 0.621875 0.15 0.75546875
0 0.46953125 0.625 0.1390625 0.75
0 0.60078125 0.621875 0.14921875 0.75546875
0 0.33203125 0.63046875 0.1515625 0.7390625
0 0.27734375 0.13828125 0.1359375 0.2625
0 0.73984375 0.13984375 0.13828125 0.25546875