0 0.5390625 0.63203125 0.07109375 0.24140625
0 0.88046875 0.6453125 0.08125 0.22890625
0 0.46484375 0.6296875 0.0875 0.25234375
0 0.9546875 0.6578125 0.0734375 0.21484375
0 0.253125 0.6484375 0.07109375 0.22734375
0 0.1875 0.646875 0.07265625 0.2265625
0 0.3203125 0.64453125 0.07109375 0.23125
0 0.6765625 0.63515625 0.07734375 0.23515625
0 0.3921875 0.64375 0.07890625 0.23515625
0 0.6046875 0.6421875 0.07734375 0.21875
0 0.74609375 0.6421875 0.0828125 0.2296875
0 0.8140625 0.64375 0.0703125 0.225
0 0.12421875 0.65 0.0640625 0.2125
0 0.06328125 0.65 0.07109375 0.2203125
0 0.0484375 0.91328125 0.0921875 0.16875
0 0.35859375 0.91015625 0.1078125 0.17265625
0 0.05625 0.8578125 0.07734375 0.20859375
0 0.3546875 0.853125 0.09765625 0.19375