0 0.57734375 0.2234375 0.078125 0.21328125
0 0.178125 0.2296875 0.08515625 0.23984375
0 0.45546875 0.26171875 0.0765625 0.20234375
0 0.7796875 0.2953125 0.07265625 0.3234375
0 0.45625 0.46484375 0.07578125 0.60859375
0 0.084375 0.48125 0.13984375 0.68984375
0 0.29921875 0.53046875 0.10546875 0.6046875
0 0.6375 0.53984375 0.115625 0.68359375
0 0.40703125 0.53984375 0.11796875 0.59140625
0 0.20234375 0.5484375 0.13671875 0.63515625
0 0.5328125 0.553125 0.1625 0.66171875
0 0.75546875 0.57890625 0.18125 0.7234375
0 0.9015625 0.58359375 0.190625 0.7453125
0 0.51875 0.1453125 0.0796875 0.184375
0 0.40390625 0.17890625 0.07578125 0.19140625
0 0.71171875 0.18046875 0.08671875 0.1890625
0 0.64375 0.1890625 0.06875 0.2328125
0 0.26328125 0.20234375 0.08828125 0.259375
0 0.34296875 0.21171875 0.078125 0.265625