0 0.0828125 0.7125 0.165625 0.453125
0 0.17890625 0.4890625 0.10546875 0.4703125
0 0.82265625 0.41875 0.11796875 0.7203125
0 0.92109375 0.7359375 0.14140625 0.4375
0 0.790625 0.7234375 0.19453125 0.4390625
0 0.3078125 0.4828125 0.1515625 0.4296875
0 0.4828125 0.721875 0.1640625 0.446875
0 0.34296875 0.74140625 0.1265625 0.3765625
0 0.9203125 0.44140625 0.1 0.47265625
0 0.57578125 0.4515625 0.11640625 0.40234375
0 0.2109375 0.746875 0.1703125 0.396875
0 0.721875 0.36015625 0.0953125 0.4515625
0 0.69375 0.5515625 0.11640625 0.521875
0 0.5875 0.71875 0.08984375 0.421875
0 0.428125 0.55546875 0.12578125 0.540625
0 0.48125 0.3125 0.1078125 0.41796875
0 0.38671875 0.25078125 0.09375 0.3890625
0 0.67109375 0.75390625 0.1046875 0.33984375
0 0.2765625 0.42890625 0.08671875 0.525
0 0.61640625 0.2734375 0.05390625 0.26953125