0 0.10078125 0.728125 0.12109375 0.284375
0 0.640625 0.70703125 0.0984375 0.28828125
0 0.0625 0.559375 0.08828125 0.1734375
0 0.39375 0.66015625 0.0890625 0.27578125
0 0.8796875 0.7640625 0.13828125 0.29609375
0 0.2921875 0.71328125 0.11484375 0.25234375
0 0.76484375 0.64453125 0.09375 0.3171875
0 0.45703125 0.728125 0.0671875 0.2765625
0 0.525 0.75625 0.09921875 0.2625
0 0.11484375 0.48203125 0.06953125 0.1671875
0 0.88828125 0.46484375 0.09609375 0.21640625
0 0.253125 0.54375 0.090625 0.20234375
0 0.9328125 0.54453125 0.08515625 0.19609375
0 0.20625 0.73046875 0.084375 0.29921875
0 0.84765625 0.67265625 0.12265625 0.2796875
0 0.7015625 0.64140625 0.0984375 0.26796875
0 0.46796875 0.5921875 0.0859375 0.18125
0 0.5671875 0.6953125 0.0765625 0.28359375
0 0.528125 0.4828125 0.0828125 0.16953125
0 0.5390625 0.57421875 0.0703125 0.18828125
0 0.340625 0.609375 0.06953125 0.26015625
0 0.17734375 0.53671875 0.06640625 0.1359375
0 0.14453125 0.6515625 0.0828125 0.24296875
0 0.184375 0.44765625 0.08046875 0.1671875
0 0.615625 0.553125 0.06328125 0.134375
0 0.32734375 0.4515625 0.06953125 0.18828125
0 0.45234375 0.49375 0.0625 0.1125
0 0.3890625 0.50625 0.06640625 0.1265625
0 0.24921875 0.41484375 0.07421875 0.17265625
0 0.890625 0.36171875 0.084375 0.128125
0 0.29453125 0.35625 0.06640625 0.26875
0 0.40390625 0.39609375 0.0703125 0.1921875
0 0.22421875 0.3203125 0.0734375 0.15546875
0 0.521875 0.371875 0.06015625 0.159375
0 0.70390625 0.2875 0.07109375 0.221875
0 0.60390625 0.3953125 0.06875 0.1984375
0 0.41796875 0.30546875 0.06796875 0.15390625
0 0.70625 0.4546875 0.07890625 0.1515625
0 0.17734375 0.35546875 0.07734375 0.1359375
0 0.56640625 0.45546875 0.06015625 0.1984375
0 0.66953125 0.40390625 0.0578125 0.1265625
0 0.45703125 0.43515625 0.08125 0.16328125
0 0.578125 0.27265625 0.06484375 0.1828125
0 0.34375 0.35546875 0.0671875 0.2203125
0 0.7625 0.3203125 0.05546875 0.15546875
0 0.80625 0.56796875 0.07265625 0.3
0 0.8234375 0.31953125 0.075 0.14375
0 0.79453125 0.41640625 0.09921875 0.16171875
0 0.63359375 0.4796875 0.07109375 0.14765625
0 0.36875 0.26484375 0.0625 0.16484375
0 0.434375 0.25390625 0.07265625 0.21015625
0 0.73046875 0.51484375 0.06640625 0.134375
0 0.72890625 0.36640625 0.06953125 0.13671875
0 0.503125 0.25703125 0.06484375 0.2296875
0 0.64609375 0.27578125 0.06015625 0.13828125