0 0.240625 0.359375 0.06171875 0.134375
0 0.79609375 0.36171875 0.05234375 0.13046875
0 0.89296875 0.36796875 0.07265625 0.16875
0 0.090625 0.378125 0.07578125 0.13046875
0 0.1640625 0.41875 0.115625 0.2078125
0 0.0328125 0.4390625 0.065625 0.271875
0 0.36953125 0.57109375 0.109375 0.56171875
0 0.73984375 0.603125 0.109375 0.56640625
0 0.9390625 0.60859375 0.109375 0.60078125
0 0.83046875 0.621875 0.1359375 0.60078125
0 0.46875 0.62421875 0.1375 0.628125
0 0.27109375 0.62421875 0.109375 0.56875
0 0.6296875 0.64609375 0.1453125 0.653125
0 0.95234375 0.6421875 0.0953125 0.715625
0 0.34453125 0.6515625 0.1125 0.559375
0 0.16171875 0.66328125 0.1359375 0.5546875
0 0.06171875 0.6734375 0.1234375 0.60703125