0 0.42421875 0.1828125 0.08046875 0.18984375
0 0.5546875 0.2015625 0.0953125 0.3109375
0 0.61953125 0.26484375 0.13359375 0.27421875
0 0.265625 0.27109375 0.09609375 0.25859375
0 0.4859375 0.271875 0.13515625 0.246875
0 0.375 0.275 0.0984375 0.25390625
0 0.75859375 0.278125 0.07109375 0.25703125
0 0.85859375 0.45859375 0.13828125 0.65859375
0 0.1171875 0.4703125 0.12265625 0.65078125
0 0.72578125 0.60859375 0.14609375 0.7515625
0 0.2 0.6140625 0.14296875 0.73359375
0 0.4671875 0.6171875 0.1328125 0.72734375
0 0.59140625 0.6171875 0.1421875 0.73984375
0 0.33515625 0.621875 0.14453125 0.71796875
0 0.2828125 0.14609375 0.12890625 0.25078125
0 0.7234375 0.14765625 0.13125 0.24375