0 0.2359375 0.634375 0.109375 0.52734375
0 0.33671875 0.62109375 0.10546875 0.528125
0 0.853125 0.6296875 0.1234375 0.53515625
0 0.9375 0.65078125 0.096875 0.5171875
0 0.13828125 0.62578125 0.11015625 0.53828125
0 0.74609375 0.62890625 0.1171875 0.5453125
0 0.6421875 0.35078125 0.071875 0.278125
0 0.09921875 0.50078125 0.08984375 0.60078125
0 0.7046875 0.37265625 0.08125 0.31640625
0 0.17890625 0.35546875 0.0765625 0.32109375
0 0.65234375 0.63671875 0.10546875 0.5125
0 0.2484375 0.35078125 0.07890625 0.29296875
0 0.45078125 0.6203125 0.10078125 0.51875
0 0.4015625 0.51796875 0.08125 0.55859375
0 0.54453125 0.62109375 0.09765625 0.47734375
0 0.3234375 0.36328125 0.07578125 0.2515625
0 0.49765625 0.440625 0.08359375 0.4203125
0 0.53203125 0.26875 0.0515625 0.153125
0 0.78984375 0.37109375 0.07265625 0.2515625
0 0.578125 0.50859375 0.08359375 0.53671875