0 0.79296875 0.58515625 0.11015625 0.765625
0 0.89765625 0.465625 0.0796875 0.2984375
0 0.17734375 0.5390625 0.159375 0.77734375
0 0.34453125 0.66484375 0.13359375 0.565625
0 0.628125 0.6546875 0.1296875 0.5515625
0 0.69296875 0.565625 0.11796875 0.7234375
0 0.44765625 0.65 0.1046875 0.54375
0 0.2890625 0.54375 0.12421875 0.740625
0 0.54453125 0.66171875 0.12265625 0.51796875
0 0.4921875 0.34765625 0.10390625 0.3109375
0 0.58984375 0.32578125 0.109375 0.33828125
0 0.39375 0.34140625 0.11796875 0.32421875