0 0.69609375 0.31953125 0.090625 0.27890625
0 0.15546875 0.35859375 0.06484375 0.14140625
0 0.5578125 0.4953125 0.07734375 0.540625
0 0.37265625 0.51171875 0.084375 0.6
0 0.4421875 0.525 0.11796875 0.5203125
0 0.6078125 0.53046875 0.08671875 0.51328125
0 0.50546875 0.53125 0.071875 0.4765625
0 0.83984375 0.54296875 0.234375 0.73671875
0 0.78046875 0.55 0.11953125 0.75078125
0 0.69921875 0.57890625 0.10625 0.553125
0 0.08046875 0.58515625 0.16015625 0.80078125
0 0.20078125 0.5890625 0.14453125 0.79375
0 0.90546875 0.59921875 0.17109375 0.76953125
0 0.30625 0.634375 0.103125 0.71015625