0 0.76953125 0.39375 0.0578125 0.1265625
0 0.24765625 0.39609375 0.04921875 0.12265625
0 0.15703125 0.4015625 0.06796875 0.15859375
0 0.9109375 0.4109375 0.07109375 0.12265625
0 0.84140625 0.44921875 0.10859375 0.1953125
0 0.9671875 0.46875 0.06484375 0.25546875
0 0.6484375 0.5921875 0.103125 0.528125
0 0.30078125 0.62265625 0.103125 0.53203125
0 0.1140625 0.62734375 0.103125 0.5640625
0 0.215625 0.640625 0.12734375 0.5640625
0 0.55546875 0.64296875 0.12890625 0.58984375
0 0.74140625 0.64296875 0.103125 0.534375
0 0.4046875 0.66328125 0.1359375 0.6140625
0 0.0734375 0.66171875 0.14609375 0.67578125
0 0.671875 0.66875 0.10546875 0.52578125
0 0.84375 0.67890625 0.12734375 0.52109375
0 0.93984375 0.6890625 0.1203125 0.57109375