0 0.8078125 0.54609375 0.146875 0.67578125
0 0.1390625 0.51640625 0.09296875 0.56640625
0 0.48515625 0.63359375 0.146875 0.5265625
0 0.21015625 0.5484375 0.12421875 0.58515625
0 0.3625 0.64921875 0.146875 0.5296875
0 0.62421875 0.65703125 0.15 0.53359375
0 0.721875 0.53046875 0.09375 0.56640625
0 0.48359375 0.29375 0.078125 0.16171875
0 0.43203125 0.2125 0.07578125 0.18984375
0 0.5546875 0.371875 0.1046875 0.265625
0 0.659375 0.3734375 0.10703125 0.30234375
0 0.43046875 0.3859375 0.09140625 0.240625
0 0.3734375 0.35546875 0.09296875 0.2796875
0 0.51875 0.21796875 0.0640625 0.17578125
0 0.27890625 0.5140625 0.1046875 0.57734375
0 0.2703125 0.2234375 0.08984375 0.19140625
0 0.35078125 0.22578125 0.06171875 0.18671875
0 0.65625 0.2359375 0.08671875 0.16953125
0 0.57734375 0.22890625 0.05546875 0.17421875
0 0.6015625 0.30390625 0.05234375 0.1546875
0 0.31875 0.37421875 0.04609375 0.28515625