0 0.47890625 0.3828125 0.0796875 0.1359375
0 0.621875 0.40078125 0.07421875 0.19765625
0 0.21953125 0.4140625 0.06875 0.1609375
0 0.66484375 0.44375 0.08828125 0.19453125
0 0.5421875 0.4453125 0.07421875 0.19453125
0 0.34375 0.44765625 0.08203125 0.178125
0 0.42734375 0.490625 0.07109375 0.19609375
0 0.26484375 0.525 0.1109375 0.34296875
0 0.36015625 0.5953125 0.121875 0.296875
0 0.0703125 0.61875 0.1375 0.61875
0 0.48125 0.62578125 0.13203125 0.4453125
0 0.84296875 0.64453125 0.165625 0.6609375
0 0.165625 0.66171875 0.10546875 0.53203125
0 0.72578125 0.678125 0.165625 0.58671875
0 0.60234375 0.6796875 0.1203125 0.56328125
0 0.52578125 0.775 0.1546875 0.446875
0 0.26171875 0.784375 0.15625 0.37421875
0 0.371875 0.79296875 0.153125 0.378125