0 0.4015625 0.51328125 0.04296875 0.1484375
0 0.1125 0.5453125 0.05625 0.1328125
0 0.5171875 0.50703125 0.046875 0.146875
0 0.21171875 0.52890625 0.04296875 0.1375
0 0.59453125 0.5140625 0.04296875 0.13515625
0 0.4390625 0.515625 0.034375 0.1328125
0 0.63984375 0.51171875 0.0484375 0.13515625
0 0.30546875 0.52578125 0.05546875 0.12734375
0 0.74453125 0.49921875 0.05546875 0.14921875
0 0.259375 0.53125 0.04296875 0.12734375
0 0.35546875 0.51875 0.0484375 0.14140625
0 0.69375 0.49765625 0.0578125 0.15859375
0 0.78984375 0.4953125 0.05 0.15703125
0 0.4765625 0.50625 0.0453125 0.1453125
0 0.8859375 0.49140625 0.05859375 0.16484375
0 0.83984375 0.48125 0.0625 0.17265625
0 0.55546875 0.509375 0.03984375 0.13359375
0 0.25234375 0.42578125 0.03984375 0.1484375
0 0.2953125 0.396875 0.0484375 0.1078125
0 0.3890625 0.38671875 0.0453125 0.1140625
0 0.346875 0.39921875 0.040625 0.1
0 0.48125 0.3796875 0.0515625 0.115625
0 0.53671875 0.4140625 0.03984375 0.1015625
0 0.43359375 0.3984375 0.0453125 0.1078125
0 0.6484375 0.3671875 0.05625 0.11796875
0 0.58671875 0.42421875 0.0453125 0.13671875
0 0.75625 0.4015625 0.05078125 0.12734375
0 0.6375 0.4390625 0.0578125 0.10625
0 0.71171875 0.4078125 0.05078125 0.11171875
0 0.16796875 0.5328125 0.05078125 0.1390625