0 0.2421875 0.48515625 0.15234375 0.753125
0 0.12890625 0.52421875 0.1265625 0.71875
0 0.36328125 0.609375 0.1234375 0.60078125
0 0.8765625 0.4890625 0.134375 0.76484375
0 0.590625 0.59765625 0.11953125 0.59609375
0 0.6984375 0.5875 0.11875 0.61640625
0 0.478125 0.590625 0.12109375 0.61015625
0 0.81171875 0.6046875 0.1234375 0.5984375
0 0.3625 0.30390625 0.1109375 0.259375
0 0.46484375 0.27578125 0.09765625 0.24296875
0 0.56953125 0.284375 0.11875 0.259375
0 0.66640625 0.2984375 0.0828125 0.23515625
0 0.76953125 0.5140625 0.09765625 0.66640625
0 0.76953125 0.296875 0.09765625 0.23671875