0 0.390625 0.36953125 0.10625 0.18515625
0 0.6296875 0.4015625 0.11796875 0.1734375
0 0.75078125 0.421875 0.134375 0.21484375
0 0.50546875 0.42890625 0.1296875 0.234375
0 0.9 0.51328125 0.12109375 0.396875
0 0.084375 0.54453125 0.1625 0.52109375
0 0.27734375 0.54609375 0.08515625 0.4359375
0 0.19296875 0.57265625 0.14921875 0.48671875
0 0.3515625 0.58359375 0.16875 0.4984375
0 0.49375 0.58359375 0.128125 0.459375
0 0.63515625 0.6015625 0.1296875 0.4390625
0 0.7578125 0.6203125 0.11953125 0.4078125
0 0.865625 0.621875 0.11484375 0.41171875