0 0.0578125 0.6328125 0.1140625 0.715625
0 0.20234375 0.75 0.109375 0.5
0 0.11953125 0.58359375 0.0875 0.715625
0 0.66484375 0.72890625 0.0984375 0.415625
0 0.37109375 0.7359375 0.10859375 0.4671875
0 0.915625 0.7453125 0.1078125 0.4671875
0 0.85859375 0.4390625 0.07421875 0.35234375
0 0.940625 0.5890625 0.1109375 0.64296875
0 0.7609375 0.20859375 0.1390625 0.31015625
0 0.82734375 0.7265625 0.090625 0.415625
0 0.92265625 0.21015625 0.08203125 0.36875
0 0.67109375 0.4765625 0.08359375 0.31953125
0 0.29140625 0.75703125 0.07265625 0.44375
0 0.18203125 0.4625 0.06640625 0.39921875
0 0.79375 0.45390625 0.08359375 0.3359375
0 0.7484375 0.7296875 0.08125 0.41328125
0 0.728125 0.45078125 0.07734375 0.33359375
0 0.23359375 0.47734375 0.0875 0.33125
0 0.54453125 0.52265625 0.08203125 0.509375
0 0.23671875 0.25390625 0.07734375 0.35234375
0 0.3640625 0.240625 0.0671875 0.3828125
0 0.38125 0.46484375 0.07890625 0.33828125
0 0.61171875 0.515625 0.071875 0.51875
0 0.4703125 0.53984375 0.07578125 0.46953125
0 0.45859375 0.73125 0.07421875 0.434375
0 0.31015625 0.4765625 0.07578125 0.34765625
0 0.5703125 0.7359375 0.1125 0.40625
0 0.6875 0.30078125 0.05390625 0.178125
0 0.42578125 0.446875 0.06328125 0.3640625
0 0.575 0.29609375 0.04453125 0.1875
0 0.51171875 0.33359375 0.04609375 0.1828125