0 0.0484375 0.66640625 0.096875 0.6671875
0 0.85546875 0.64765625 0.1578125 0.6703125
0 0.3859375 0.64453125 0.16015625 0.71015625
0 0.7125 0.64140625 0.1515625 0.65546875
0 0.134375 0.6875 0.13125 0.625
0 0.24765625 0.621875 0.1578125 0.75625
0 0.61171875 0.61171875 0.1140625 0.63828125
0 0.51875 0.63984375 0.14140625 0.66875
0 0.28125 0.228125 0.109375 0.4015625
0 0.16171875 0.2390625 0.13203125 0.47734375
0 0.934375 0.60546875 0.13125 0.66875
0 0.5890625 0.2203125 0.1296875 0.3484375
0 0.38125 0.21484375 0.11015625 0.384375
0 0.7671875 0.35 0.08359375 0.23125
0 0.475 0.24375 0.09921875 0.37421875
0 0.76796875 0.5703125 0.0828125 0.665625