0 0.43984375 0.6703125 0.18203125 0.659375
0 0.7171875 0.68125 0.19921875 0.6375
0 0.1703125 0.684375 0.184375 0.63046875
0 0.95 0.7 0.1 0.6
0 0.85859375 0.62421875 0.184375 0.7515625
0 0.0453125 0.69609375 0.08984375 0.60703125
0 0.55625 0.63828125 0.15625 0.7234375
0 0.271875 0.66953125 0.15 0.6609375
0 0.925 0.34375 0.103125 0.125
0 0.3859375 0.33125 0.0578125 0.11796875
0 0.30078125 0.29609375 0.09765625 0.121875
0 0.7359375 0.321875 0.15703125 0.215625
0 0.35 0.64921875 0.1203125 0.7015625
0 0.471875 0.35 0.0859375 0.1484375
0 0.54921875 0.315625 0.1296875 0.19609375
0 0.65390625 0.6546875 0.0953125 0.690625