0 0.63046875 0.65 0.15078125 0.4171875
0 0.9109375 0.734375 0.1609375 0.38515625
0 0.22109375 0.66328125 0.1015625 0.3796875
0 0.3109375 0.66171875 0.10703125 0.40234375
0 0.7390625 0.6890625 0.1140625 0.38125
0 0.946875 0.484375 0.10546875 0.396875
0 0.80625 0.71484375 0.14765625 0.3515625
0 0.403125 0.646875 0.11796875 0.38359375
0 0.0484375 0.7140625 0.096875 0.45
0 0.12421875 0.67578125 0.115625 0.396875
0 0.48203125 0.6484375 0.10703125 0.37578125
0 0.8640625 0.46796875 0.1 0.29296875
0 0.3640625 0.43984375 0.075 0.2140625
0 0.53125 0.43515625 0.0734375 0.2046875
0 0.565625 0.63125 0.0890625 0.34609375
0 0.16015625 0.43984375 0.0828125 0.259375
0 0.234375 0.43359375 0.103125 0.2421875
0 0.78828125 0.44765625 0.07734375 0.26328125
0 0.09140625 0.4453125 0.09296875 0.23671875
0 0.30390625 0.440625 0.06640625 0.1859375
0 0.4765625 0.4046875 0.071875 0.20078125
0 0.425 0.42265625 0.06875 0.22578125
0 0.59375 0.41796875 0.06875 0.20078125
0 0.03359375 0.440625 0.0671875 0.175
0 0.6578125 0.415625 0.07578125 0.21796875
0 0.72265625 0.43203125 0.07890625 0.2140625