0 0.66640625 0.2765625 0.0671875 0.13828125
0 0.57109375 0.2875 0.0921875 0.1890625
0 0.3703125 0.2890625 0.11640625 0.17421875
0 0.48046875 0.2984375 0.08515625 0.19296875
0 0.98828125 0.3140625 0.0234375 0.24140625
0 0.88984375 0.53671875 0.190625 0.84296875
0 0.75234375 0.553125 0.15234375 0.7546875
0 0.15703125 0.56953125 0.11875 0.77578125
0 0.0671875 0.59921875 0.134375 0.79921875
0 0.690625 0.6078125 0.16328125 0.70625
0 0.23125 0.60625 0.159375 0.7875
0 0.34609375 0.61875 0.134375 0.72265625
0 0.57890625 0.61953125 0.15 0.66875
0 0.4578125 0.62734375 0.1296875 0.69609375