0 0.80703125 0.546875 0.1484375 0.684375
0 0.13125 0.51640625 0.09375 0.5734375
0 0.48046875 0.63515625 0.1484375 0.5328125
0 0.203125 0.54921875 0.12578125 0.5921875
0 0.35703125 0.65078125 0.1484375 0.5359375
0 0.621875 0.659375 0.1515625 0.540625
0 0.71953125 0.53046875 0.09453125 0.5734375
0 0.47890625 0.29140625 0.07890625 0.1640625
0 0.42734375 0.20859375 0.0765625 0.1921875
0 0.55078125 0.3703125 0.10625 0.26875
0 0.65703125 0.371875 0.1078125 0.30625
0 0.42578125 0.384375 0.0921875 0.24375
0 0.36796875 0.35390625 0.09375 0.2828125
0 0.51484375 0.2140625 0.0640625 0.178125
0 0.27265625 0.5140625 0.10625 0.584375
0 0.26328125 0.2203125 0.090625 0.19375
0 0.3453125 0.22265625 0.0625 0.1890625
0 0.65390625 0.2328125 0.0875 0.171875
0 0.5734375 0.22578125 0.05625 0.1765625
0 0.5984375 0.3015625 0.053125 0.15625
0 0.3125 0.37265625 0.046875 0.2890625