0 0.11875 0.68046875 0.11328125 0.54296875
0 0.2265625 0.6734375 0.13125 0.55
0 0.778125 0.65703125 0.14453125 0.4609375
0 0.62890625 0.69453125 0.09609375 0.42421875
0 0.9109375 0.6265625 0.10703125 0.478125
0 0.325 0.68203125 0.10078125 0.528125
0 0.584375 0.63203125 0.090625 0.48046875
0 0.85546875 0.64609375 0.090625 0.4484375
0 0.47421875 0.67421875 0.10078125 0.49140625
0 0.3984375 0.675 0.0796875 0.5109375
0 0.67421875 0.66015625 0.06328125 0.4546875
0 0.2921875 0.453125 0.0515625 0.11875
0 0.7234375 0.64296875 0.05703125 0.42421875
0 0.71015625 0.4609375 0.046875 0.10390625
0 0.53671875 0.46640625 0.04375 0.11875
0 0.36796875 0.45703125 0.04375 0.12578125
0 0.5140625 0.6578125 0.06953125 0.471875
0 0.5109375 0.55 0.06328125 0.246875