0 0.84765625 0.6265625 0.2296875 0.43359375
0 0.91328125 0.4625 0.1734375 0.478125
0 0.3953125 0.65546875 0.1890625 0.44375
0 0.61171875 0.6515625 0.196875 0.46015625
0 0.07109375 0.534375 0.1421875 0.534375
0 0.190625 0.63125 0.196875 0.43046875
0 0.64765625 0.40390625 0.15859375 0.5265625
0 0.76796875 0.515625 0.1265625 0.58125
0 0.50234375 0.528125 0.1390625 0.55625
0 0.3015625 0.45546875 0.17265625 0.50625
0 0.178125 0.3640625 0.12578125 0.33125
0 0.4265625 0.37890625 0.09921875 0.34609375
0 0.0390625 0.3578125 0.07734375 0.384375