0 0.93125 0.61796875 0.12578125 0.54375
0 0.83984375 0.6 0.09609375 0.50390625
0 0.7453125 0.58359375 0.10859375 0.44609375
0 0.58359375 0.72265625 0.15234375 0.3875
0 0.15703125 0.515625 0.14296875 0.31484375
0 0.65859375 0.57890625 0.10234375 0.42109375
0 0.44375 0.72421875 0.14921875 0.33125
0 0.38671875 0.55078125 0.09921875 0.39765625
0 0.28359375 0.53828125 0.11015625 0.33984375
0 0.2984375 0.72578125 0.11171875 0.30625
0 0.15859375 0.75859375 0.15234375 0.2875
0 0.47890625 0.52578125 0.09140625 0.29375