0 0.0640625 0.659375 0.128125 0.659375
0 0.41953125 0.796875 0.10625 0.40625
0 0.61015625 0.790625 0.0984375 0.41875
0 0.51875 0.78515625 0.10703125 0.4296875
0 0.80546875 0.78046875 0.11328125 0.4390625
0 0.2046875 0.421875 0.10078125 0.396875
0 0.92109375 0.78515625 0.1328125 0.4296875
0 0.6703125 0.5625 0.084375 0.23984375
0 0.703125 0.790625 0.1015625 0.41875
0 0.8359375 0.26015625 0.1078125 0.38359375
0 0.28515625 0.24765625 0.0765625 0.3046875
0 0.58671875 0.24140625 0.08671875 0.36171875
0 0.40546875 0.56953125 0.10078125 0.246875
0 0.18046875 0.8078125 0.1171875 0.384375
0 0.49609375 0.57109375 0.08515625 0.2328125
0 0.87265625 0.57578125 0.0953125 0.2046875
0 0.33515625 0.79296875 0.0921875 0.40390625
0 0.58671875 0.575 0.07265625 0.2296875
0 0.3609375 0.25 0.0765625 0.28046875
0 0.8078125 0.4625 0.0921875 0.22109375
0 0.709375 0.24296875 0.08515625 0.33671875
0 0.26640625 0.7859375 0.0921875 0.375
0 0.23671875 0.57421875 0.08046875 0.20234375
0 0.4578125 0.253125 0.07421875 0.24765625
0 0.31484375 0.56640625 0.07734375 0.1796875
0 0.59296875 0.46875 0.0765625 0.22890625
0 0.29296875 0.44140625 0.08828125 0.225
0 0.73046875 0.49765625 0.0734375 0.2046875
0 0.3578125 0.434375 0.071875 0.26796875
0 0.65546875 0.42578125 0.09609375 0.22734375
0 0.76015625 0.734375 0.07421875 0.49765625
0 0.6453125 0.22421875 0.053125 0.2546875
0 0.515625 0.271875 0.06875 0.278125
0 0.7734375 0.23984375 0.05625 0.31015625
0 0.4625 0.42421875 0.0625 0.2375
0 0.7359375 0.378125 0.084375 0.1515625
0 0.51328125 0.446875 0.06171875 0.21328125
0 0.4015625 0.4640625 0.0921875 0.209375
0 0.4265625 0.2296875 0.059375 0.27578125