0 0.3234375 0.2328125 0.06015625 0.14921875
0 0.86015625 0.23515625 0.0828125 0.28671875
0 0.7234375 0.2375 0.0578125 0.21328125
0 0.590625 0.52109375 0.109375 0.8546875
0 0.1046875 0.51796875 0.1875 0.9640625
0 0.44375 0.546875 0.0703125 0.7515625
0 0.84765625 0.5515625 0.10859375 0.896875
0 0.27421875 0.55703125 0.153125 0.8859375
0 0.17890625 0.55625 0.11640625 0.8875
0 0.51484375 0.5765625 0.13984375 0.81796875
0 0.7765625 0.57734375 0.15703125 0.8453125
0 0.390625 0.5828125 0.12265625 0.834375
0 0.92109375 0.5828125 0.15703125 0.834375
0 0.65546875 0.59375 0.1296875 0.8125