0 0.1578125 0.33125 0.04921875 0.0625
0 0.359375 0.41328125 0.07734375 0.18671875
0 0.85078125 0.43359375 0.121875 0.20234375
0 0.53515625 0.44296875 0.05625 0.10078125
0 0.2390625 0.45078125 0.0609375 0.1265625
0 0.703125 0.45234375 0.05390625 0.16484375
0 0.65078125 0.46484375 0.08046875 0.20234375
0 0.78828125 0.46796875 0.04296875 0.09609375
0 0.57421875 0.4765625 0.0703125 0.19453125
0 0.17265625 0.48671875 0.09140625 0.2796875
0 0.08515625 0.4953125 0.140625 0.309375
0 0.4296875 0.528125 0.134375 0.340625
0 0.03984375 0.54140625 0.0796875 0.5078125
0 0.86640625 0.56015625 0.13046875 0.309375
0 0.3203125 0.57578125 0.1296875 0.4
0 0.503125 0.578125 0.103125 0.41875
0 0.57265625 0.59296875 0.06796875 0.42578125
0 0.74921875 0.61796875 0.12890625 0.40703125
0 0.6078125 0.70390625 0.121875 0.55078125
0 0.2640625 0.7453125 0.21875 0.509375
0 0.0890625 0.75 0.178125 0.5
0 0.67421875 0.78125 0.17734375 0.4375
0 0.46796875 0.7796875 0.22421875 0.440625
0 0.84609375 0.79140625 0.165625 0.4171875