0 0.0953125 0.6421875 0.1078125 0.571875
0 0.91640625 0.7546875 0.1109375 0.4265625
0 0.040625 0.61640625 0.08125 0.5859375
0 0.684375 0.7328125 0.09453125 0.36640625
0 0.5453125 0.60859375 0.08125 0.51171875
0 0.48515625 0.73984375 0.09296875 0.384375
0 0.746875 0.58828125 0.090625 0.52421875
0 0.3890625 0.72734375 0.096875 0.40234375
0 0.3359375 0.615625 0.0875 0.5578125
0 0.7890625 0.74609375 0.09765625 0.37265625
0 0.6671875 0.50859375 0.075 0.3046875
0 0.2703125 0.753125 0.1046875 0.3625
0 0.5953125 0.74921875 0.084375 0.35078125
0 0.16796875 0.76953125 0.0953125 0.36875
0 0.8203125 0.6109375 0.0828125 0.528125
0 0.4171875 0.61328125 0.0828125 0.52578125
0 0.60078125 0.49609375 0.07265625 0.3265625
0 0.903125 0.51171875 0.0921875 0.290625
0 0.18515625 0.5421875 0.08125 0.36640625
0 0.9484375 0.49921875 0.06953125 0.35625
0 0.265625 0.50078125 0.075 0.2890625
0 0.47734375 0.4828125 0.06171875 0.2453125
0 0.63671875 0.3828125 0.046875 0.13515625
0 0.784375 0.3796875 0.046875 0.12578125
0 0.51328125 0.3828125 0.04375 0.15546875
0 0.140625 0.40078125 0.05859375 0.14765625
0 0.22265625 0.52109375 0.0515625 0.36484375
0 0.68828125 0.3703125 0.053125 0.13515625
0 0.57109375 0.36640625 0.03515625 0.13515625
0 0.29375 0.39375 0.03515625 0.109375
0 0.44375 0.3734375 0.03828125 0.14140625
0 0.86171875 0.3890625 0.0515625 0.15703125