0 0.39921875 0.7515625 0.54375 0.496875
0 0.21015625 0.50703125 0.24296875 0.6203125
0 0.640625 0.53125 0.165625 0.565625
0 0.87265625 0.44140625 0.1578125 0.67734375
0 0.51484375 0.478125 0.1390625 0.45078125
0 0.3765625 0.421875 0.165625 0.40078125
0 0.52109375 0.16328125 0.1234375 0.20859375
0 0.30078125 0.19765625 0.1296875 0.22265625
0 0.753125 0.42421875 0.17109375 0.66953125
0 0.65390625 0.1921875 0.11484375 0.234375
0 0.41640625 0.215625 0.13515625 0.26953125
0 0.578125 0.2578125 0.09765625 0.16796875
0 0.14140625 0.4078125 0.20703125 0.67734375
0 0.14140625 0.246875 0.2078125 0.35078125