0 0.14609375 0.48984375 0.17265625 0.85234375
0 0.04453125 0.534375 0.0890625 0.81328125
0 0.28359375 0.63046875 0.140625 0.6796875
0 0.865625 0.49453125 0.15234375 0.865625
0 0.54140625 0.6171875 0.1359375 0.675
0 0.6640625 0.60546875 0.134375 0.69765625
0 0.4140625 0.609375 0.1375 0.690625
0 0.7921875 0.625 0.140625 0.67734375
0 0.28203125 0.28515625 0.12578125 0.29296875
0 0.39921875 0.253125 0.1109375 0.275
0 0.5171875 0.2625 0.134375 0.29296875
0 0.62734375 0.278125 0.09375 0.265625
0 0.74453125 0.52265625 0.1109375 0.7546875
0 0.74453125 0.27734375 0.1109375 0.26796875