0 0.65 0.49453125 0.05 0.1734375
0 0.8140625 0.52890625 0.04296875 0.10859375
0 0.55234375 0.54140625 0.07109375 0.215625
0 0.32109375 0.54296875 0.05546875 0.17109375
0 0.446875 0.54375 0.06875 0.21328125
0 0.52421875 0.54453125 0.0296875 0.07109375
0 0.6921875 0.6859375 0.1328125 0.628125
0 0.1796875 0.71484375 0.103125 0.5421875
0 0.771875 0.71640625 0.14453125 0.559375
0 0.37734375 0.7296875 0.13984375 0.53984375
0 0.88515625 0.73828125 0.13203125 0.5125
0 0.2515625 0.7390625 0.1375 0.51953125
0 0.603125 0.7390625 0.09453125 0.51484375
0 0.50078125 0.74140625 0.13046875 0.51015625
0 0.090625 0.7609375 0.165625 0.47578125