0 0.29921875 0.30078125 0.09453125 0.2921875
0 0.86328125 0.3421875 0.06796875 0.14765625
0 0.44375 0.48515625 0.08125 0.565625
0 0.63671875 0.5015625 0.08828125 0.628125
0 0.5640625 0.51640625 0.12265625 0.54375
0 0.39140625 0.521875 0.090625 0.53671875
0 0.4984375 0.52265625 0.075 0.4984375
0 0.15 0.534375 0.24453125 0.7703125
0 0.2109375 0.5421875 0.125 0.784375
0 0.29609375 0.571875 0.11015625 0.578125
0 0.92890625 0.5796875 0.14140625 0.8375
0 0.815625 0.5828125 0.15078125 0.83046875
0 0.08515625 0.59375 0.1703125 0.8046875
0 0.70625 0.6296875 0.1078125 0.740625