0 0.4515625 0.403125 0.0828125 0.1421875
0 0.60078125 0.42265625 0.07734375 0.20703125
0 0.18125 0.43671875 0.071875 0.16796875
0 0.64609375 0.46640625 0.0921875 0.203125
0 0.51796875 0.46875 0.07734375 0.203125
0 0.3109375 0.47109375 0.0859375 0.18671875
0 0.39765625 0.515625 0.07421875 0.2046875
0 0.228125 0.5515625 0.11640625 0.3578125
0 0.32734375 0.62578125 0.12734375 0.31015625
0 0.0484375 0.64921875 0.096875 0.64609375
0 0.4546875 0.65703125 0.13828125 0.46484375
0 0.83125 0.665625 0.171875 0.66875
0 0.12421875 0.69453125 0.11015625 0.55546875
0 0.709375 0.703125 0.17265625 0.59375
0 0.58046875 0.709375 0.12578125 0.58125
0 0.50078125 0.78984375 0.16171875 0.4203125
0 0.225 0.81328125 0.16328125 0.37265625
0 0.33984375 0.8171875 0.16015625 0.365625