0 0.93125 0.64140625 0.1015625 0.68671875
0 0.50859375 0.625 0.1296875 0.70546875
0 0.62578125 0.6359375 0.1078125 0.69765625
0 0.8296875 0.64453125 0.11953125 0.66640625
0 0.29453125 0.640625 0.1140625 0.6625
0 0.18515625 0.64609375 0.12109375 0.63984375
0 0.7203125 0.63359375 0.1015625 0.68125
0 0.0984375 0.5765625 0.125 0.7421875
0 0.40078125 0.63359375 0.10546875 0.67734375
0 0.24609375 0.35 0.06484375 0.23359375
0 0.7765625 0.59765625 0.08046875 0.6921875
0 0.35078125 0.60546875 0.06796875 0.6546875
0 0.625 0.3453125 0.134375 0.25390625
0 0.4484375 0.58828125 0.06953125 0.64765625
0 0.44765625 0.36171875 0.0734375 0.19375