0 0.6328125 0.7 0.2453125 0.58515625
0 0.13046875 0.56953125 0.1734375 0.80078125
0 0.8515625 0.58828125 0.13125 0.80078125
0 0.23203125 0.71015625 0.2234375 0.55703125
0 0.76328125 0.60234375 0.14140625 0.728125
0 0.621875 0.3734375 0.15625 0.34921875
0 0.4890625 0.5484375 0.13515625 0.625
0 0.3984375 0.46875 0.1046875 0.45390625
0 0.5453125 0.28828125 0.0765625 0.16328125
0 0.6890625 0.3046875 0.08984375 0.28359375
0 0.2921875 0.4796875 0.14375 0.4484375
0 0.30078125 0.29375 0.14609375 0.22734375