0 0.67109375 0.2203125 0.10625 0.25703125
0 0.5265625 0.22734375 0.1703125 0.24296875
0 0.4046875 0.26171875 0.146875 0.24453125
0 0.2453125 0.278125 0.1453125 0.28046875
0 0.7234375 0.3640625 0.12109375 0.3453125
0 0.9015625 0.484375 0.16796875 0.8796875
0 0.54765625 0.540625 0.1265625 0.80546875
0 0.7328125 0.5953125 0.1359375 0.80859375
0 0.246875 0.628125 0.1140625 0.74296875
0 0.31015625 0.6328125 0.13203125 0.734375
0 0.43671875 0.62109375 0.2140625 0.7578125
0 0.83984375 0.6234375 0.1859375 0.753125
0 0.63828125 0.62734375 0.2078125 0.74453125
0 0.14140625 0.63828125 0.1515625 0.7234375