0 0.940625 0.65390625 0.11796875 0.64921875
0 0.59296875 0.79375 0.1046875 0.4125
0 0.40625 0.78828125 0.096875 0.42265625
0 0.49609375 0.7828125 0.10546875 0.434375
0 0.2140625 0.778125 0.11171875 0.44375
0 0.80546875 0.41875 0.09921875 0.39140625
0 0.10078125 0.77734375 0.13125 0.421875
0 0.346875 0.55703125 0.08359375 0.2359375
0 0.3140625 0.7875 0.1 0.425
0 0.18359375 0.26015625 0.10625 0.37734375
0 0.7265625 0.2484375 0.075 0.3
0 0.4296875 0.2421875 0.08515625 0.35625
0 0.6078125 0.56484375 0.09921875 0.24296875
0 0.82890625 0.8046875 0.115625 0.38984375
0 0.51875 0.56640625 0.084375 0.22890625
0 0.14765625 0.57109375 0.09375 0.2015625
0 0.67734375 0.784375 0.09140625 0.39765625
0 0.42890625 0.56953125 0.07109375 0.2265625
0 0.6515625 0.25 0.075 0.2765625
0 0.21171875 0.459375 0.09140625 0.21796875
0 0.30859375 0.24296875 0.084375 0.33125
0 0.74453125 0.778125 0.09140625 0.36875
0 0.7734375 0.56875 0.07890625 0.19921875
0 0.55625 0.253125 0.0734375 0.24375
0 0.696875 0.56171875 0.0765625 0.17734375
0 0.42265625 0.465625 0.07578125 0.22578125
0 0.71875 0.43828125 0.0875 0.221875
0 0.2875 0.49375 0.07265625 0.2015625
0 0.6546875 0.43125 0.0703125 0.2640625
0 0.36171875 0.42265625 0.0953125 0.2234375
0 0.25859375 0.7265625 0.0734375 0.490625
0 0.371875 0.22421875 0.05234375 0.25078125
0 0.49921875 0.271875 0.0671875 0.2734375
0 0.2453125 0.240625 0.05546875 0.30546875
0 0.5515625 0.42109375 0.06171875 0.234375
0 0.2828125 0.3765625 0.0828125 0.14921875
0 0.5015625 0.44375 0.0609375 0.21015625
0 0.61171875 0.46015625 0.090625 0.20625
0 0.58671875 0.23046875 0.05859375 0.271875