0 0.3640625 0.55390625 0.04921875 0.1703125
0 0.0328125 0.59140625 0.06484375 0.15234375
0 0.49765625 0.546875 0.05390625 0.16875
0 0.146875 0.571875 0.04921875 0.15859375
0 0.5859375 0.55546875 0.04921875 0.15546875
0 0.4078125 0.55703125 0.0390625 0.15234375
0 0.63828125 0.55234375 0.05625 0.15546875
0 0.25390625 0.56875 0.0640625 0.14609375
0 0.75859375 0.53828125 0.0640625 0.171875
0 0.2015625 0.575 0.04921875 0.14609375
0 0.31171875 0.56015625 0.05625 0.1625
0 0.7 0.5359375 0.06640625 0.18203125
0 0.81015625 0.53359375 0.05703125 0.18046875
0 0.45078125 0.54609375 0.0515625 0.1671875
0 0.9203125 0.52890625 0.0671875 0.18984375
0 0.86796875 0.5171875 0.071875 0.1984375
0 0.540625 0.55 0.04609375 0.15390625
0 0.19375 0.45390625 0.04609375 0.1703125
0 0.2421875 0.4203125 0.05625 0.12421875
0 0.35 0.40859375 0.0515625 0.13125
0 0.3015625 0.4234375 0.046875 0.11484375
0 0.45546875 0.40078125 0.059375 0.1328125
0 0.51953125 0.440625 0.04609375 0.11640625
0 0.4015625 0.421875 0.0515625 0.12421875
0 0.64765625 0.3859375 0.06484375 0.1359375
0 0.57734375 0.4515625 0.0515625 0.15703125
0 0.77109375 0.425 0.05859375 0.14609375
0 0.63515625 0.46875 0.06640625 0.12265625
0 0.72109375 0.4328125 0.05859375 0.128125
0 0.09609375 0.5765625 0.05859375 0.159375