0 0.6265625 0.3671875 0.128125 0.37734375
0 0.859375 0.415625 0.11640625 0.32578125
0 0.334375 0.6375 0.16328125 0.35625
0 0.73359375 0.37578125 0.115625 0.340625
0 0.8609375 0.68359375 0.15 0.36171875
0 0.7609375 0.6546875 0.140625 0.32578125
0 0.51640625 0.359375 0.1046875 0.30859375
0 0.390625 0.390625 0.14140625 0.45703125
0 0.2015625 0.621875 0.2140625 0.3296875
0 0.1921875 0.40859375 0.1046875 0.37578125
0 0.446875 0.6171875 0.125 0.34609375
0 0.2796875 0.3796875 0.09921875 0.29296875
0 0.6515625 0.63359375 0.1265625 0.303125
0 0.55 0.6171875 0.13203125 0.33828125