0 0.053125 0.55703125 0.10625 0.88515625
0 0.95703125 0.53671875 0.0859375 0.92578125
0 0.78671875 0.5546875 0.09765625 0.765625
0 0.68203125 0.52265625 0.1375 0.84453125
0 0.56484375 0.57265625 0.12890625 0.76796875
0 0.47890625 0.58515625 0.121875 0.77734375
0 0.8828125 0.54296875 0.140625 0.88046875
0 0.14296875 0.584375 0.1359375 0.83125
0 0.29453125 0.5921875 0.11015625 0.815625
0 0.38359375 0.565625 0.09609375 0.86875
0 0.2171875 0.55703125 0.09921875 0.88515625
0 0.353125 0.24765625 0.04765625 0.16484375