0 0.628125 0.6015625 0.17109375 0.79609375
0 0.08828125 0.5921875 0.1765625 0.815625
0 0.9734375 0.5484375 0.053125 0.903125
0 0.9140625 0.6375 0.171875 0.725
0 0.77734375 0.61875 0.1578125 0.76171875
0 0.21796875 0.6046875 0.16875 0.790625
0 0.3625 0.62578125 0.13671875 0.7484375
0 0.4453125 0.32265625 0.07890625 0.26953125
0 0.49140625 0.61875 0.14765625 0.76171875
0 0.5671875 0.30703125 0.0625 0.26484375
0 0.1625 0.284375 0.0921875 0.32578125
0 0.8484375 0.33359375 0.0734375 0.34921875
0 0.696875 0.3078125 0.07578125 0.4046875
0 0.31328125 0.3453125 0.08828125 0.3359375