0 0.70234375 0.61015625 0.4109375 0.65234375
0 0.35 0.63984375 0.3734375 0.7203125
0 0.5640625 0.303125 0.07734375 0.14453125
0 0.6453125 0.30703125 0.0984375 0.1765625
0 0.36796875 0.29921875 0.0890625 0.1734375
0 0.3015625 0.29765625 0.09609375 0.21875
0 0.70390625 0.31328125 0.06953125 0.19765625
0 0.45859375 0.2828125 0.11796875 0.18203125
0 0.14921875 0.47578125 0.16875 0.453125
0 0.73515625 0.35390625 0.06875 0.1640625
0 0.2109375 0.29453125 0.0625 0.13046875
0 0.77421875 0.3625 0.0671875 0.18984375