0 0.64609375 0.3328125 0.0796875 0.19609375
0 0.73828125 0.39453125 0.1078125 0.25078125
0 0.496875 0.39765625 0.096875 0.27734375
0 0.578125 0.39765625 0.0921875 0.2578125
0 0.40703125 0.3984375 0.0953125 0.2921875
0 0.33046875 0.44375 0.07734375 0.290625
0 0.14609375 0.55 0.16796875 0.8296875
0 0.25546875 0.60625 0.1234375 0.69140625
0 0.8234375 0.61796875 0.14609375 0.7109375
0 0.69921875 0.68671875 0.18203125 0.60390625
0 0.46328125 0.70625 0.10546875 0.54765625
0 0.56015625 0.709375 0.13125 0.534375
0 0.36328125 0.71484375 0.1390625 0.5578125