0 0.1140625 0.740625 0.15 0.45546875
0 0.92421875 0.7328125 0.1078125 0.4109375
0 0.82421875 0.74765625 0.125 0.38515625
0 0.31015625 0.74296875 0.1140625 0.41640625
0 0.71171875 0.7375 0.13671875 0.40546875
0 0.20859375 0.7453125 0.1296875 0.40078125
0 0.5171875 0.7375 0.11484375 0.40390625
0 0.6203125 0.7484375 0.11015625 0.3890625
0 0.43125 0.7171875 0.14765625 0.4375
0 0.3703125 0.546875 0.04609375 0.065625
0 0.76953125 0.56328125 0.0546875 0.08671875
0 0.61796875 0.55859375 0.13828125 0.0984375
0 0.49609375 0.55234375 0.05234375 0.05859375