0 0.10625 0.73515625 0.15859375 0.4828125
0 0.95390625 0.7265625 0.09140625 0.4359375
0 0.859375 0.74296875 0.13203125 0.40859375
0 0.3140625 0.7375 0.12109375 0.44140625
0 0.73984375 0.73203125 0.14453125 0.4296875
0 0.20625 0.740625 0.1375 0.425
0 0.53359375 0.73203125 0.121875 0.428125
0 0.64296875 0.74375 0.11640625 0.4125
0 0.4421875 0.71015625 0.15625 0.4640625
0 0.378125 0.5296875 0.04921875 0.06953125
0 0.80078125 0.54765625 0.0578125 0.0921875
0 0.640625 0.5421875 0.146875 0.10390625
0 0.5109375 0.53515625 0.05546875 0.0625