0 0.58828125 0.2421875 0.03984375 0.11796875
0 0.7546875 0.2625 0.07109375 0.14140625
0 0.84453125 0.271875 0.06328125 0.2109375
0 0.553125 0.278125 0.03828125 0.1015625
0 0.475 0.28125 0.04921875 0.12734375
0 0.615625 0.284375 0.04921875 0.134375
0 0.40546875 0.284375 0.03828125 0.1015625
0 0.69921875 0.28828125 0.06171875 0.14140625
0 0.65234375 0.33671875 0.08828125 0.159375
0 0.80390625 0.34609375 0.09296875 0.1921875
0 0.515625 0.35625 0.07109375 0.17578125
0 0.74609375 0.3671875 0.05390625 0.15546875
0 0.3765625 0.409375 0.05859375 0.15703125
0 0.23515625 0.553125 0.08515625 0.4859375
0 0.43125 0.5703125 0.08828125 0.51171875
0 0.575 0.57890625 0.08203125 0.5234375
0 0.15625 0.584375 0.134375 0.49765625
0 0.275 0.5984375 0.0953125 0.47890625
0 0.70859375 0.6125 0.07109375 0.5390625
0 0.34453125 0.61328125 0.125 0.53203125
0 0.49609375 0.63515625 0.13125 0.5625
0 0.7859375 0.64609375 0.153125 0.625
0 0.63203125 0.65546875 0.134375 0.615625