0 0.39296875 0.6890625 0.171875 0.621875
0 0.6546875 0.69921875 0.1875 0.6015625
0 0.13828125 0.70234375 0.17421875 0.59453125
0 0.90859375 0.7171875 0.165625 0.56484375
0 0.78828125 0.6453125 0.17421875 0.709375
0 0.03203125 0.7125 0.0640625 0.571875
0 0.503125 0.65859375 0.146875 0.6828125
0 0.234375 0.68828125 0.14140625 0.6234375
0 0.85078125 0.38125 0.09765625 0.11796875
0 0.34140625 0.36875 0.0546875 0.11171875
0 0.26171875 0.3359375 0.0921875 0.115625
0 0.67265625 0.36015625 0.14765625 0.20390625
0 0.95859375 0.6921875 0.0828125 0.615625
0 0.3078125 0.66875 0.11328125 0.6625
0 0.42265625 0.38671875 0.08046875 0.140625
0 0.49609375 0.35390625 0.12265625 0.1859375
0 0.59453125 0.67421875 0.0890625 0.6515625