0 0.1234375 0.628125 0.17890625 0.7296875
0 0.88984375 0.65078125 0.17265625 0.684375
0 0.771875 0.67421875 0.11796875 0.6421875
0 0.17734375 0.70234375 0.1421875 0.5859375
0 0.71015625 0.765625 0.16015625 0.4640625
0 0.56328125 0.74296875 0.17734375 0.5
0 0.3140625 0.7578125 0.1828125 0.47109375
0 0.4390625 0.72734375 0.1921875 0.47734375
0 0.27734375 0.46171875 0.1015625 0.275
0 0.5109375 0.4765625 0.13671875 0.26796875
0 0.39140625 0.46640625 0.13671875 0.3109375
0 0.64921875 0.49296875 0.146875 0.32890625