0 0.065625 0.5609375 0.13125 0.54140625
0 0.82890625 0.5609375 0.11484375 0.4828125
0 0.9328125 0.55390625 0.134375 0.5328125
0 0.25390625 0.6640625 0.10625 0.4703125
0 0.1640625 0.54375 0.1265625 0.496875
0 0.71796875 0.65390625 0.121875 0.45859375
0 0.35546875 0.6671875 0.10625 0.47109375
0 0.61171875 0.65078125 0.10546875 0.45
0 0.44453125 0.671875 0.0875 0.428125
0 0.4 0.421875 0.065625 0.22734375
0 0.478125 0.41015625 0.1015625 0.253125
0 0.521875 0.659375 0.096875 0.43515625
0 0.340625 0.4125 0.0703125 0.2140625
0 0.26640625 0.41328125 0.08671875 0.22109375
0 0.74765625 0.5375 0.09609375 0.4734375
0 0.5546875 0.4171875 0.071875 0.234375
0 0.67109375 0.40625 0.0703125 0.23125
0 0.6125 0.40078125 0.071875 0.20703125