0 0.765625 0.1484375 0.084375 0.296875
0 0.70546875 0.171875 0.1140625 0.34375
0 0.90078125 0.1640625 0.065625 0.1953125
0 0.37578125 0.17265625 0.0890625 0.2671875
0 0.61171875 0.17265625 0.09140625 0.29765625
0 0.825 0.19765625 0.04765625 0.27578125
0 0.2578125 0.1984375 0.05078125 0.209375
0 0.5328125 0.2203125 0.0890625 0.35859375
0 0.46484375 0.22890625 0.08359375 0.3625
0 0.94921875 0.346875 0.10078125 0.5375
0 0.87421875 0.41953125 0.0953125 0.51875
0 0.790625 0.44609375 0.10390625 0.45390625
0 0.69609375 0.45390625 0.10546875 0.4796875
0 0.6125 0.4734375 0.1171875 0.4984375
0 0.40703125 0.5125 0.1140625 0.6921875
0 0.51484375 0.528125 0.10234375 0.4984375
0 0.125 0.54609375 0.1640625 0.83671875
0 0.3234375 0.5546875 0.1078125 0.74140625
0 0.2109375 0.57734375 0.19453125 0.83828125