0 0.04453125 0.5984375 0.08828125 0.60859375
0 0.94609375 0.6328125 0.10703125 0.55078125
0 0.77421875 0.6078125 0.103125 0.53671875
0 0.115625 0.59765625 0.11015625 0.56875
0 0.3359375 0.6140625 0.08828125 0.478125
0 0.8625 0.628125 0.09765625 0.5234375
0 0.19453125 0.61796875 0.096875 0.5140625
0 0.271875 0.60390625 0.09453125 0.50390625
0 0.46875 0.6046875 0.08828125 0.5328125
0 0.40546875 0.60546875 0.08046875 0.503125
0 0.6984375 0.609375 0.0734375 0.5203125
0 0.6203125 0.40859375 0.08828125 0.1609375
0 0.54453125 0.41328125 0.08359375 0.15625