0 0.1078125 0.63671875 0.13984375 0.48828125
0 0.51875 0.6765625 0.13203125 0.4640625
0 0.64921875 0.6703125 0.125 0.43125
0 0.38828125 0.65546875 0.12265625 0.48359375
0 0.76953125 0.675 0.125 0.44453125
0 0.24375 0.653125 0.12265625 0.4328125
0 0.06484375 0.528125 0.1296875 0.54609375
0 0.8890625 0.4390625 0.12890625 0.30546875
0 0.2984375 0.54609375 0.10625 0.51015625
0 0.8796875 0.6984375 0.12734375 0.39375
0 0.7609375 0.4546875 0.1203125 0.26953125
0 0.553125 0.56953125 0.0921875 0.48515625
0 0.18125 0.5375 0.10078125 0.5
0 0.42890625 0.54921875 0.103125 0.5
0 0.6546875 0.434375 0.109375 0.2421875