0 0.159375 0.65234375 0.165625 0.675
0 0.86875 0.67265625 0.159375 0.63359375
0 0.759375 0.69453125 0.109375 0.59375
0 0.209375 0.72109375 0.13125 0.54140625
0 0.70234375 0.77890625 0.1484375 0.42890625
0 0.56640625 0.75859375 0.1640625 0.4625
0 0.3359375 0.771875 0.16875 0.43515625
0 0.4515625 0.74375 0.178125 0.44140625
0 0.3015625 0.49765625 0.09375 0.25390625
0 0.51796875 0.51171875 0.1265625 0.24765625
0 0.40703125 0.50234375 0.1265625 0.2875
0 0.64609375 0.52734375 0.1359375 0.30390625
0 0.02734375 0.81171875 0.0546875 0.36875