0 0.634375 0.471875 0.0484375 0.16640625
0 0.959375 0.50859375 0.0640625 0.14921875
0 0.503125 0.465625 0.053125 0.16484375
0 0.846875 0.48984375 0.0484375 0.1546875
0 0.41640625 0.4734375 0.0484375 0.15234375
0 0.59140625 0.475 0.03828125 0.14921875
0 0.365625 0.47109375 0.0546875 0.15234375
0 0.7421875 0.48671875 0.0625 0.14296875
0 0.24765625 0.45703125 0.0625 0.16796875
0 0.79375 0.49296875 0.0484375 0.14296875
0 0.6859375 0.47890625 0.0546875 0.159375
0 0.3046875 0.4546875 0.06484375 0.178125
0 0.196875 0.45234375 0.05625 0.1765625
0 0.54921875 0.46484375 0.05078125 0.1640625
0 0.0890625 0.4484375 0.065625 0.1859375
0 0.140625 0.43671875 0.0703125 0.19453125
0 0.4609375 0.46875 0.0453125 0.15078125
0 0.8015625 0.37421875 0.0453125 0.16640625
0 0.75390625 0.34140625 0.0546875 0.12109375
0 0.6484375 0.33046875 0.05078125 0.12890625
0 0.6953125 0.34453125 0.04609375 0.1125
0 0.54453125 0.32265625 0.05859375 0.13046875
0 0.48203125 0.3609375 0.0453125 0.1140625
0 0.59765625 0.34296875 0.05078125 0.12109375
0 0.35625 0.3078125 0.0640625 0.1328125
0 0.425 0.371875 0.05078125 0.153125
0 0.23515625 0.346875 0.05703125 0.14296875
0 0.36875 0.3890625 0.06484375 0.11953125
0 0.284375 0.35390625 0.05703125 0.12578125
0 0.896875 0.49453125 0.05703125 0.15625