0 0.43046875 0.421875 0.0890625 0.3390625
0 0.77578125 0.5234375 0.103125 0.615625
0 0.3890625 0.67265625 0.13046875 0.43046875
0 0.503125 0.67890625 0.1265625 0.42109375
0 0.1859375 0.5609375 0.11875 0.51875
0 0.50546875 0.41171875 0.0703125 0.27578125
0 0.5578125 0.45078125 0.09375 0.35390625
0 0.67578125 0.690625 0.1109375 0.371875
0 0.35546875 0.4796875 0.0859375 0.25625
0 0.20390625 0.67890625 0.1125 0.39921875
0 0.709375 0.5125 0.0796875 0.53515625
0 0.65234375 0.428125 0.1 0.35546875
0 0.29453125 0.690625 0.11015625 0.39375
0 0.2796875 0.46796875 0.08359375 0.24296875
0 0.60078125 0.6984375 0.08671875 0.36328125