0 0.428125 0.421875 0.090625 0.3453125
0 0.7796875 0.525 0.1046875 0.62578125
0 0.3859375 0.6765625 0.1328125 0.4375
0 0.50234375 0.6828125 0.12890625 0.428125
0 0.1796875 0.5625 0.1203125 0.52734375
0 0.5046875 0.41171875 0.071875 0.28046875
0 0.5578125 0.45078125 0.0953125 0.36015625
0 0.678125 0.69453125 0.11328125 0.378125
0 0.3515625 0.48046875 0.0875 0.26015625
0 0.1984375 0.6828125 0.1140625 0.40625
0 0.71171875 0.5140625 0.08125 0.54453125
0 0.65390625 0.428125 0.1015625 0.36171875
0 0.290625 0.69453125 0.11171875 0.4
0 0.275 0.46875 0.08515625 0.246875
0 0.60078125 0.703125 0.08828125 0.36875