0 0.6015625 0.34453125 0.12890625 0.38125
0 0.83671875 0.39375 0.11796875 0.32890625
0 0.30625 0.61796875 0.165625 0.36015625
0 0.709375 0.353125 0.11640625 0.34453125
0 0.83828125 0.66484375 0.1515625 0.365625
0 0.7375 0.63515625 0.1421875 0.32890625
0 0.490625 0.33671875 0.10625 0.3125
0 0.3625 0.36796875 0.14296875 0.46171875
0 0.171875 0.6015625 0.21640625 0.33359375
0 0.16171875 0.3859375 0.10625 0.3796875
0 0.4203125 0.59765625 0.12578125 0.35
0 0.25078125 0.35703125 0.10078125 0.296875
0 0.6265625 0.6140625 0.128125 0.30625
0 0.52421875 0.59765625 0.13359375 0.3421875