0 0.28359375 0.6265625 0.17890625 0.7265625
0 0.42421875 0.65234375 0.13203125 0.66875
0 0.878125 0.64375 0.165625 0.69140625
0 0.0921875 0.61484375 0.15546875 0.74375
0 0.5484375 0.65234375 0.1296875 0.67890625
0 0.7484375 0.671875 0.1203125 0.63828125
0 0.65546875 0.6765625 0.11796875 0.6296875
0 0.365625 0.37734375 0.07265625 0.24921875
0 0.196875 0.603125 0.15234375 0.77890625
0 0.7984375 0.3890625 0.08125 0.2375
0 0.4984375 0.396875 0.06328125 0.22578125
0 0.61640625 0.396875 0.05703125 0.2375
0 0.71328125 0.37421875 0.075 0.2703125