0 0.9015625 0.57734375 0.12734375 0.509375
0 0.1796875 0.5765625 0.10859375 0.4546875
0 0.07578125 0.5703125 0.13828125 0.50234375
0 0.72265625 0.67421875 0.1 0.44296875
0 0.80703125 0.56015625 0.11953125 0.46796875
0 0.284375 0.6640625 0.11484375 0.43203125
0 0.6265625 0.6765625 0.1 0.44375
0 0.384375 0.6609375 0.09921875 0.4234375
0 0.5421875 0.68125 0.0828125 0.403125
0 0.584375 0.4453125 0.06171875 0.2140625
0 0.51015625 0.43515625 0.09609375 0.23828125
0 0.46953125 0.66953125 0.09140625 0.409375
0 0.63984375 0.43671875 0.06640625 0.2015625
0 0.71015625 0.43828125 0.08203125 0.2078125
0 0.25625 0.5546875 0.090625 0.44609375
0 0.4390625 0.44140625 0.0671875 0.22109375
0 0.328125 0.43125 0.06640625 0.21796875
0 0.38359375 0.4265625 0.0671875 0.1953125
0 0.98203125 0.45234375 0.02109375 0.0265625