0 0.71484375 0.621875 0.18203125 0.73828125
0 0.57265625 0.6484375 0.134375 0.6796875
0 0.11171875 0.63984375 0.16875 0.703125
0 0.91015625 0.61015625 0.1578125 0.75625
0 0.44609375 0.64765625 0.13203125 0.68984375
0 0.24296875 0.66875 0.12265625 0.6484375
0 0.3375 0.67265625 0.11953125 0.63984375
0 0.63203125 0.36875 0.07421875 0.253125
0 0.80390625 0.5984375 0.1546875 0.79140625
0 0.19140625 0.38125 0.0828125 0.24140625
0 0.496875 0.38828125 0.06484375 0.2296875
0 0.3765625 0.38828125 0.0578125 0.24140625
0 0.27890625 0.365625 0.0765625 0.275