0 0.75625 0.48515625 0.1515625 0.746875
0 0.86953125 0.52421875 0.12578125 0.71328125
0 0.6359375 0.60859375 0.1234375 0.5953125
0 0.12578125 0.4890625 0.13359375 0.75859375
0 0.409375 0.596875 0.11953125 0.59140625
0 0.30234375 0.58671875 0.11796875 0.61171875
0 0.521875 0.58984375 0.1203125 0.60546875
0 0.18984375 0.60390625 0.1234375 0.59375
0 0.6375 0.30546875 0.11015625 0.25703125
0 0.534375 0.278125 0.09765625 0.24140625
0 0.43046875 0.2859375 0.11796875 0.25703125
0 0.334375 0.3 0.08203125 0.2328125
0 0.23203125 0.5140625 0.09765625 0.66171875
0 0.23203125 0.2984375 0.09765625 0.23515625