0 0.91171875 0.63984375 0.0984375 0.659375
0 0.5046875 0.6234375 0.125 0.67734375
0 0.61796875 0.634375 0.10390625 0.6703125
0 0.8140625 0.6421875 0.115625 0.63984375
0 0.2984375 0.6390625 0.109375 0.6359375
0 0.19375 0.64453125 0.11640625 0.61484375
0 0.70859375 0.63203125 0.0984375 0.65390625
0 0.109375 0.57734375 0.1203125 0.71328125
0 0.40078125 0.63203125 0.1015625 0.65078125
0 0.2515625 0.359375 0.0625 0.22421875
0 0.7625 0.59765625 0.07734375 0.66484375
0 0.353125 0.6046875 0.065625 0.62890625
0 0.61640625 0.3546875 0.1296875 0.24375
0 0.446875 0.5890625 0.0671875 0.621875
0 0.44609375 0.37109375 0.0703125 0.18671875