0 0.1109375 0.553125 0.14296875 0.65390625
0 0.5765625 0.5578125 0.08046875 0.64296875
0 0.4125 0.5828125 0.12734375 0.696875
0 0.78671875 0.6171875 0.15546875 0.765625
0 0.503125 0.553125 0.07890625 0.64921875
0 0.1984375 0.54140625 0.0890625 0.72578125
0 0.26796875 0.63046875 0.10546875 0.71796875
0 0.88203125 0.5390625 0.08671875 0.6640625
0 0.96015625 0.59453125 0.0796875 0.7859375
0 0.65078125 0.5953125 0.10234375 0.671875
0 0.340625 0.53125 0.0765625 0.64296875
0 0.7203125 0.584375 0.0828125 0.715625