0 0.4171875 0.2546875 0.03828125 0.11328125
0 0.25703125 0.27421875 0.06796875 0.1359375
0 0.16953125 0.28359375 0.0609375 0.20234375
0 0.45 0.2890625 0.03671875 0.09765625
0 0.525 0.2921875 0.04765625 0.121875
0 0.38984375 0.2953125 0.04765625 0.12890625
0 0.59296875 0.2953125 0.03671875 0.09765625
0 0.31015625 0.29921875 0.059375 0.1359375
0 0.35546875 0.3453125 0.084375 0.153125
0 0.209375 0.3546875 0.0890625 0.184375
0 0.48671875 0.3640625 0.06796875 0.16875
0 0.26484375 0.37421875 0.0515625 0.14921875
0 0.6203125 0.415625 0.05625 0.15078125
0 0.75625 0.553125 0.08125 0.46640625
0 0.5671875 0.5703125 0.084375 0.49140625
0 0.4296875 0.578125 0.07890625 0.50234375
0 0.83125 0.58359375 0.12890625 0.478125
0 0.71796875 0.596875 0.0921875 0.46015625
0 0.3015625 0.61015625 0.06796875 0.51796875
0 0.65078125 0.6109375 0.1203125 0.5109375
0 0.50546875 0.63203125 0.12578125 0.53984375
0 0.2265625 0.6421875 0.146875 0.6
0 0.375 0.65078125 0.12890625 0.59140625