0 0.253125 0.60703125 0.20703125 0.7859375
0 0.415625 0.63828125 0.153125 0.7234375
0 0.92109375 0.6265625 0.1546875 0.746875
0 0.0609375 0.5953125 0.121875 0.809375
0 0.559375 0.63515625 0.15 0.72890625
0 0.78984375 0.65859375 0.1390625 0.68203125
0 0.68359375 0.6640625 0.13671875 0.671875
0 0.34765625 0.34609375 0.084375 0.2875
0 0.15234375 0.578125 0.1765625 0.84375
0 0.8484375 0.359375 0.09375 0.27421875
0 0.5015625 0.36796875 0.0734375 0.2609375
0 0.63828125 0.36796875 0.065625 0.27421875
0 0.74921875 0.3421875 0.08671875 0.3125