0 0.05859375 0.61328125 0.11328125 0.7125
0 0.20234375 0.7359375 0.109375 0.509375
0 0.1203125 0.5640625 0.0875 0.7125
0 0.66328125 0.709375 0.09765625 0.41328125
0 0.3703125 0.71640625 0.1078125 0.46484375
0 0.9125 0.72578125 0.10703125 0.46484375
0 0.85625 0.4203125 0.0734375 0.35078125
0 0.9375 0.5703125 0.11015625 0.63984375
0 0.75859375 0.19140625 0.13828125 0.30859375
0 0.82421875 0.70703125 0.090625 0.41328125
0 0.9203125 0.19296875 0.08203125 0.3671875
0 0.66953125 0.4578125 0.0828125 0.31796875
0 0.29140625 0.7375 0.07265625 0.44140625
0 0.18203125 0.44375 0.06640625 0.396875
0 0.79140625 0.4359375 0.0828125 0.334375
0 0.74609375 0.71015625 0.08125 0.4109375
0 0.7265625 0.43203125 0.0765625 0.33203125
0 0.23359375 0.459375 0.0875 0.3296875
0 0.54296875 0.503125 0.08203125 0.50703125
0 0.23671875 0.2359375 0.0765625 0.35078125
0 0.36328125 0.2234375 0.0671875 0.38046875
0 0.38046875 0.44609375 0.07890625 0.33671875
0 0.61015625 0.496875 0.07109375 0.51640625
0 0.46953125 0.52109375 0.07578125 0.4671875
0 0.4578125 0.71171875 0.0734375 0.43203125
0 0.31015625 0.4578125 0.07578125 0.34609375
0 0.56875 0.71640625 0.1125 0.40390625
0 0.68515625 0.2828125 0.05390625 0.17734375
0 0.42578125 0.42890625 0.06328125 0.3625
0 0.5734375 0.278125 0.04375 0.18671875
0 0.51015625 0.315625 0.04609375 0.18203125