0 0.64140625 0.19296875 0.09765625 0.2359375
0 0.509375 0.19921875 0.15625 0.2234375
0 0.396875 0.23125 0.13515625 0.225
0 0.25078125 0.24609375 0.1328125 0.2578125
0 0.68984375 0.325 0.1109375 0.3171875
0 0.853125 0.43515625 0.15390625 0.8078125
0 0.52890625 0.48671875 0.115625 0.73984375
0 0.6984375 0.53828125 0.125 0.74375
0 0.253125 0.56875 0.1046875 0.68515625
0 0.31015625 0.5890625 0.12109375 0.71015625
0 0.4265625 0.60625 0.196875 0.7875
0 0.796875 0.60859375 0.1703125 0.78046875
0 0.61171875 0.6125 0.190625 0.775
0 0.15625 0.62265625 0.1390625 0.7546875