0 0.23359375 0.625 0.1046875 0.5046875
0 0.3296875 0.6125 0.10078125 0.50625
0 0.825 0.62109375 0.11875 0.51328125
0 0.90625 0.640625 0.09296875 0.4953125
0 0.13984375 0.6171875 0.10546875 0.515625
0 0.721875 0.6203125 0.1125 0.52265625
0 0.62265625 0.35390625 0.06875 0.26640625
0 0.1015625 0.49765625 0.0859375 0.57578125
0 0.6828125 0.375 0.078125 0.303125
0 0.17890625 0.3578125 0.0734375 0.3078125
0 0.63203125 0.628125 0.10078125 0.49140625
0 0.2453125 0.35390625 0.07578125 0.28046875
0 0.4390625 0.61171875 0.096875 0.496875
0 0.3921875 0.51328125 0.078125 0.534375
0 0.52890625 0.6125 0.09375 0.45703125
0 0.3171875 0.365625 0.07265625 0.240625
0 0.48359375 0.43984375 0.0796875 0.40234375
0 0.5171875 0.275 0.05 0.146875
0 0.76484375 0.3734375 0.06953125 0.240625
0 0.5609375 0.5046875 0.0796875 0.5140625