0 0.75703125 0.59921875 0.1734375 0.49140625
0 0.52421875 0.59921875 0.13359375 0.49609375
0 0.3203125 0.59921875 0.12890625 0.49140625
0 0.628125 0.6 0.134375 0.49375
0 0.41796875 0.615625 0.1140625 0.4625
0 0.5359375 0.340625 0.10703125 0.2765625
0 0.43203125 0.3421875 0.1140625 0.31171875
0 0.11015625 0.6046875 0.12109375 0.48125
0 0.209375 0.603125 0.1140625 0.48359375
0 0.33984375 0.3359375 0.11640625 0.30390625
0 0.63125 0.33359375 0.09765625 0.25859375
0 0.2421875 0.36328125 0.09765625 0.32265625
0 0.74453125 0.37421875 0.1703125 0.3015625
0 0.1421875 0.33984375 0.11953125 0.328125