0 0.4203125 0.6109375 0.1546875 0.75390625
0 0.91171875 0.6015625 0.16640625 0.76796875
0 0.06640625 0.5625 0.1328125 0.846875
0 0.1546875 0.64375 0.1703125 0.6890625
0 0.28515625 0.628125 0.1421875 0.725
0 0.79140625 0.6125 0.15234375 0.74609375
0 0.6609375 0.63125 0.1234375 0.7078125
0 0.5859375 0.3421875 0.07109375 0.24375
0 0.54453125 0.6265625 0.13359375 0.72265625
0 0.47578125 0.328125 0.05625 0.2390625
0 0.8421875 0.30703125 0.08359375 0.29453125
0 0.2203125 0.3515625 0.06640625 0.315625
0 0.3578125 0.32890625 0.06875 0.36640625
0 0.7046875 0.3625 0.0796875 0.30390625