0 0.61796875 0.4203125 0.08828125 0.11171875
0 0.71171875 0.43359375 0.1015625 0.12890625
0 0.0515625 0.534375 0.103125 0.6453125
0 0.7828125 0.40859375 0.08984375 0.1453125
0 0.3796875 0.42265625 0.09375 0.11640625
0 0.540625 0.42890625 0.08828125 0.1
0 0.290625 0.41796875 0.08984375 0.11640625
0 0.79453125 0.3453125 0.10625 0.18125
0 0.95 0.525 0.1 0.3734375
0 0.4578125 0.43125 0.08671875 0.1140625
0 0.65703125 0.3859375 0.059375 0.14765625
0 0.2734375 0.28671875 0.0921875 0.30234375
0 0.87109375 0.41875 0.1 0.1140625
0 0.70390625 0.3453125 0.08359375 0.12890625
0 0.340625 0.390625 0.05234375 0.1234375
0 0.10703125 0.59765625 0.11328125 0.5953125
0 0.41171875 0.3109375 0.059375 0.2734375
0 0.51953125 0.32109375 0.05546875 0.290625
0 0.20390625 0.43203125 0.096875 0.09296875
0 0.56796875 0.36875 0.0609375 0.14765625
0 0.56484375 0.3046875 0.0640625 0.2765625