0 0.403125 0.21015625 0.08359375 0.22734375
0 0.8296875 0.2171875 0.09140625 0.25625
0 0.53359375 0.2515625 0.08203125 0.215625
0 0.1875 0.2875 0.07734375 0.3453125
0 0.5328125 0.46796875 0.08046875 0.65
0 0.928125 0.48515625 0.14375 0.7359375
0 0.70078125 0.5390625 0.1125 0.6453125
0 0.33984375 0.5484375 0.1234375 0.7296875
0 0.5859375 0.5484375 0.12578125 0.63125
0 0.80390625 0.5578125 0.14609375 0.678125
0 0.4515625 0.5625 0.1734375 0.70625
0 0.21328125 0.590625 0.19296875 0.77265625
0 0.0796875 0.5953125 0.159375 0.79609375
0 0.46640625 0.1265625 0.08515625 0.196875
0 0.5890625 0.16328125 0.08046875 0.20390625
0 0.2609375 0.1640625 0.09296875 0.2015625
0 0.3328125 0.1734375 0.07265625 0.2484375
0 0.73828125 0.1875 0.09453125 0.27734375
0 0.65390625 0.1984375 0.08359375 0.284375