0 0.25625 0.184375 0.0640625 0.1578125
0 0.825 0.1875 0.0875 0.3046875
0 0.6796875 0.1890625 0.06171875 0.2265625
0 0.5390625 0.49140625 0.115625 0.9078125
0 0.0625 0.5 0.125 1
0 0.38359375 0.51875 0.07421875 0.7984375
0 0.81171875 0.5234375 0.11484375 0.953125
0 0.2046875 0.52890625 0.1625 0.9421875
0 0.103125 0.528125 0.12265625 0.94375
0 0.459375 0.55 0.14765625 0.86875
0 0.7359375 0.55078125 0.16640625 0.8984375
0 0.32734375 0.55625 0.1296875 0.88671875
0 0.8921875 0.55625 0.17109375 0.88671875
0 0.6078125 0.56796875 0.1375 0.8640625