0 0.6859375 0.240625 0.0578125 0.1421875
0 0.17421875 0.24375 0.07890625 0.2734375
0 0.30546875 0.2453125 0.05546875 0.203125
0 0.43203125 0.515625 0.10390625 0.8140625
0 0.89453125 0.52265625 0.17890625 0.93671875
0 0.571875 0.540625 0.0671875 0.71640625
0 0.18671875 0.55234375 0.103125 0.8703125
0 0.73359375 0.55703125 0.14609375 0.8578125
0 0.82421875 0.5578125 0.1109375 0.86328125
0 0.50390625 0.56796875 0.1328125 0.7796875
0 0.2546875 0.578125 0.15 0.8234375
0 0.62265625 0.58125 0.1171875 0.809375
0 0.1140625 0.5828125 0.15390625 0.8125
0 0.3703125 0.59296875 0.1234375 0.78984375