0 0.078125 0.534375 0.125 0.81328125
0 0.90703125 0.49296875 0.140625 0.87421875
0 0.709375 0.66875 0.19453125 0.646875
0 0.28515625 0.6796875 0.15 0.63984375
0 0.1859375 0.51328125 0.13359375 0.821875
0 0.42265625 0.678125 0.15234375 0.6390625
0 0.78515625 0.50703125 0.1359375 0.82109375
0 0.52421875 0.29140625 0.14296875 0.4125
0 0.56015625 0.640625 0.1703125 0.68359375
0 0.30078125 0.31953125 0.1265625 0.37890625
0 0.40703125 0.334375 0.11875 0.35078125
0 0.6578125 0.30078125 0.15 0.37890625
0 0.009375 0.37578125 0.01875 0.0421875