0 0.3859375 0.5609375 0.05546875 0.19296875
0 0.203125 0.59921875 0.04765625 0.12109375
0 0.49453125 0.6125 0.07890625 0.23984375
0 0.75078125 0.6140625 0.06171875 0.18984375
0 0.6109375 0.61484375 0.07578125 0.2375
0 0.52578125 0.61640625 0.0328125 0.07890625
0 0.33828125 0.71171875 0.14765625 0.5765625
0 0.9078125 0.7515625 0.11484375 0.49609375
0 0.25078125 0.74765625 0.1609375 0.5046875
0 0.6890625 0.7609375 0.15546875 0.478125
0 0.1234375 0.77265625 0.146875 0.45390625
0 0.828125 0.771875 0.153125 0.45625
0 0.4375 0.77265625 0.1046875 0.45390625
0 0.55234375 0.775 0.1453125 0.45
0 0.9578125 0.79609375 0.084375 0.4078125