0 0.6484375 0.3328125 0.08046875 0.19765625
0 0.740625 0.3953125 0.10859375 0.25234375
0 0.49765625 0.3984375 0.09765625 0.27890625
0 0.58046875 0.3984375 0.09296875 0.259375
0 0.4078125 0.39921875 0.09609375 0.29375
0 0.33046875 0.4453125 0.078125 0.2921875
0 0.1453125 0.55234375 0.16875 0.8359375
0 0.2546875 0.60859375 0.12421875 0.69609375
0 0.8265625 0.6203125 0.146875 0.715625
0 0.7015625 0.6890625 0.1828125 0.6078125
0 0.4640625 0.709375 0.10625 0.5515625
0 0.56171875 0.7125 0.13203125 0.53828125
0 0.36328125 0.71796875 0.13984375 0.56171875