0 0.1296875 0.48046875 0.13203125 0.86484375
0 0.49296875 0.6296875 0.171875 0.590625
0 0.63359375 0.6203125 0.14453125 0.60546875
0 0.60390625 0.27421875 0.1421875 0.390625
0 0.24375 0.6359375 0.15078125 0.5953125
0 0.878125 0.4828125 0.13984375 0.82578125
0 0.771875 0.63046875 0.15546875 0.5953125
0 0.36875 0.61640625 0.128125 0.6109375
0 0.471875 0.271875 0.14140625 0.38359375
0 0.35078125 0.2625 0.1296875 0.35859375
0 0.24609375 0.296875 0.125 0.3921875
0 0.74375 0.28984375 0.14921875 0.39609375