0 0.89609375 0.62265625 0.09453125 0.634375
0 0.5046875 0.60703125 0.1203125 0.6515625
0 0.61328125 0.6171875 0.1 0.64453125
0 0.80234375 0.625 0.1109375 0.615625
0 0.30625 0.621875 0.10546875 0.61171875
0 0.2046875 0.6265625 0.1125 0.59140625
0 0.70078125 0.61484375 0.09453125 0.6296875
0 0.12421875 0.56171875 0.115625 0.6859375
0 0.4046875 0.61484375 0.09765625 0.62578125
0 0.2609375 0.35234375 0.06015625 0.215625
0 0.753125 0.58203125 0.07421875 0.63984375
0 0.35859375 0.5890625 0.06328125 0.60546875
0 0.6125 0.3484375 0.12421875 0.234375
0 0.44921875 0.5734375 0.0640625 0.5984375
0 0.4484375 0.3640625 0.06796875 0.1796875