0 0.7765625 0.63125 0.11875 0.484375
0 0.39296875 0.62421875 0.13984375 0.4984375
0 0.53046875 0.63828125 0.14765625 0.4984375
0 0.17109375 0.64375 0.134375 0.48671875
0 0.22734375 0.31796875 0.1203125 0.4484375
0 0.3796875 0.33046875 0.15078125 0.50390625
0 0.66328125 0.61953125 0.128125 0.5078125
0 0.2703125 0.65546875 0.1421875 0.46015625
0 0.615625 0.32578125 0.1203125 0.52890625
0 0.73515625 0.2875 0.16171875 0.47890625
0 0.49453125 0.31640625 0.18125 0.559375
0 0.53984375 0.378125 0.103125 0.28125