0 0.8046875 0.56015625 0.1125 0.50546875
0 0.2453125 0.565625 0.184375 0.41796875
0 0.13984375 0.6140625 0.08515625 0.41796875
0 0.38046875 0.5484375 0.0765625 0.44140625
0 0.5796875 0.54609375 0.0828125 0.41953125
0 0.8875 0.51953125 0.09921875 0.48125
0 0.51328125 0.60234375 0.0796875 0.4109375
0 0.72109375 0.57109375 0.08671875 0.4296875
0 0.6546875 0.53984375 0.08046875 0.42421875
0 0.45625 0.53359375 0.08125 0.42421875
0 0.32734375 0.5078125 0.07265625 0.4265625
0 0.76640625 0.321875 0.0546875 0.15234375
0 0.5328125 0.37890625 0.06953125 0.1828125
0 0.42109375 0.26171875 0.07578125 0.13828125
0 0.12109375 0.41484375 0.103125 0.20546875
0 0.50234375 0.29921875 0.0484375 0.1296875
0 0.28046875 0.32265625 0.04296875 0.128125
0 0.20390625 0.3453125 0.0609375 0.125
0 0.59921875 0.33984375 0.06953125 0.159375
0 0.72734375 0.35625 0.07109375 0.13515625
0 0.38125 0.32890625 0.07734375 0.1609375
0 0.25703125 0.5234375 0.10703125 0.4328125
0 0.7453125 0.27109375 0.0296875 0.07578125
0 0.15625 0.359375 0.03515625 0.06640625
0 0.6390625 0.31484375 0.04140625 0.10625
0 0.31796875 0.27734375 0.05859375 0.0921875
0 0.56484375 0.2765625 0.03671875 0.1046875
0 0.4203125 0.3390625 0.0484375 0.1578125
0 0.66171875 0.340625 0.071875 0.15234375
0 0.84765625 0.33046875 0.04765625 0.11171875
0 0.4796875 0.3421875 0.04765625 0.1265625
0 0.5453125 0.25234375 0.02890625 0.07578125
0 0.821875 0.315625 0.0328125 0.11953125
0 0.63515625 0.27421875 0.046875 0.1296875