0 0.09296875 0.5328125 0.12734375 0.828125
0 0.9328125 0.490625 0.134375 0.890625
0 0.7359375 0.66953125 0.1984375 0.65859375
0 0.30390625 0.67734375 0.15234375 0.64453125
0 0.203125 0.5109375 0.1359375 0.83671875
0 0.44375 0.6765625 0.15625 0.646875
0 0.8125 0.50546875 0.13828125 0.8359375
0 0.546875 0.2859375 0.1453125 0.41953125
0 0.58359375 0.640625 0.1734375 0.6953125
0 0.3203125 0.3140625 0.12890625 0.3859375
0 0.42734375 0.32890625 0.1203125 0.3578125
0 0.68359375 0.29453125 0.15234375 0.3859375
0 0.00546875 0.37578125 0.0109375 0.053125
0 0.02109375 0.37109375 0.02265625 0.04296875