0 0.7515625 0.621875 0.11328125 0.46484375
0 0.384375 0.615625 0.134375 0.478125
0 0.515625 0.62890625 0.14140625 0.478125
0 0.171875 0.634375 0.12890625 0.4671875
0 0.22578125 0.321875 0.115625 0.43046875
0 0.37109375 0.33359375 0.14453125 0.48359375
0 0.64296875 0.6109375 0.12265625 0.4875
0 0.2671875 0.6453125 0.1359375 0.44140625
0 0.596875 0.32890625 0.115625 0.50703125
0 0.71171875 0.2921875 0.1546875 0.459375
0 0.48125 0.31953125 0.1734375 0.53671875
0 0.525 0.3796875 0.09921875 0.2703125