0 0.115625 0.64921875 0.1046875 0.55859375
0 0.91484375 0.75859375 0.10859375 0.41640625
0 0.059375 0.62421875 0.08671875 0.571875
0 0.6890625 0.7375 0.0921875 0.3578125
0 0.55390625 0.615625 0.07890625 0.5
0 0.4953125 0.74453125 0.090625 0.37578125
0 0.75 0.59609375 0.08828125 0.51171875
0 0.4015625 0.73125 0.09375 0.39296875
0 0.35 0.62265625 0.08515625 0.54453125
0 0.79140625 0.75 0.0953125 0.3640625
0 0.67265625 0.51875 0.0734375 0.29765625
0 0.2859375 0.75703125 0.1015625 0.35390625
0 0.60234375 0.753125 0.08203125 0.3421875
0 0.18671875 0.7734375 0.09296875 0.36015625
0 0.821875 0.61796875 0.08125 0.515625
0 0.42890625 0.6203125 0.08125 0.51328125
0 0.6078125 0.50546875 0.07109375 0.31875
0 0.90234375 0.52109375 0.08984375 0.284375
0 0.203125 0.55078125 0.07890625 0.3578125
0 0.94609375 0.50859375 0.06796875 0.3484375
0 0.28203125 0.5109375 0.0734375 0.28203125
0 0.4875 0.49296875 0.06015625 0.2390625
0 0.64296875 0.3953125 0.04609375 0.13203125
0 0.78671875 0.3921875 0.04609375 0.12265625
0 0.52265625 0.3953125 0.04296875 0.1515625
0 0.159375 0.4125 0.05703125 0.14375
0 0.23984375 0.53046875 0.05 0.35625
0 0.69296875 0.38359375 0.0515625 0.13203125
0 0.5796875 0.3796875 0.03359375 0.13203125
0 0.309375 0.40546875 0.03359375 0.10703125
0 0.45546875 0.3859375 0.0375 0.13828125
0 0.8625 0.4015625 0.05 0.15390625