0 0.9328125 0.63828125 0.13359375 0.71953125
0 0.0984375 0.596875 0.159375 0.67734375
0 0.57421875 0.59609375 0.16171875 0.72109375
0 0.24296875 0.590625 0.153125 0.66171875
0 0.828125 0.6609375 0.1328125 0.67734375
0 0.7125 0.58359375 0.16015625 0.7875
0 0.34453125 0.5609375 0.11484375 0.64453125
0 0.4390625 0.5890625 0.14296875 0.67578125
0 0.6796875 0.18828125 0.11015625 0.3765625
0 0.80078125 0.2125 0.13359375 0.425
0 0.04296875 0.553125 0.0859375 0.675
0 0.36796875 0.17109375 0.13125 0.34140625
0 0.57890625 0.1765625 0.1109375 0.353125
0 0.1875 0.29609375 0.08515625 0.23359375
0 0.48359375 0.1890625 0.1 0.378125
0 0.1875 0.51953125 0.08359375 0.67265625