0 0.21171875 0.6015625 0.1140625 0.79453125
0 0.103125 0.47734375 0.0828125 0.309375
0 0.85078125 0.553125 0.16484375 0.80625
0 0.67734375 0.68359375 0.1390625 0.58671875
0 0.3828125 0.6734375 0.134375 0.571875
0 0.31484375 0.58125 0.121875 0.75078125
0 0.5703125 0.66796875 0.10859375 0.56484375
0 0.73515625 0.55859375 0.12890625 0.76875
0 0.46953125 0.68046875 0.12734375 0.5375
0 0.52421875 0.35546875 0.1078125 0.32265625
0 0.421875 0.33203125 0.11328125 0.3515625
0 0.62578125 0.3484375 0.121875 0.33671875