0 0.85390625 0.753125 0.1234375 0.49375
0 0.5703125 0.75390625 0.1078125 0.49140625
0 0.74609375 0.75078125 0.10078125 0.4984375
0 0.65546875 0.76015625 0.1109375 0.4796875
0 0.29453125 0.75390625 0.07734375 0.42890625
0 0.21484375 0.74609375 0.0984375 0.44296875
0 0.48359375 0.76328125 0.0921875 0.44453125
0 0.35859375 0.75390625 0.06640625 0.44609375
0 0.95 0.77578125 0.09921875 0.4484375
0 0.0703125 0.73984375 0.103125 0.47734375
0 0.1390625 0.7375 0.09453125 0.45859375
0 0.4203125 0.7546875 0.07421875 0.45546875