0 0.6375 0.50390625 0.0484375 0.16796875
0 0.79609375 0.5375 0.04140625 0.10546875
0 0.5421875 0.54921875 0.06875 0.20859375
0 0.31875 0.55078125 0.05390625 0.165625
0 0.440625 0.55078125 0.06640625 0.20703125
0 0.51484375 0.55234375 0.02890625 0.06875
0 0.678125 0.6890625 0.12890625 0.60859375
0 0.18203125 0.7171875 0.1 0.52578125
0 0.7546875 0.71875 0.13984375 0.5421875
0 0.37265625 0.73203125 0.1359375 0.52421875
0 0.865625 0.7390625 0.128125 0.496875
0 0.2515625 0.740625 0.1328125 0.503125
0 0.5921875 0.740625 0.09140625 0.49921875
0 0.4921875 0.74296875 0.1265625 0.49453125
0 0.0953125 0.76171875 0.1609375 0.4609375