0 0.42578125 0.5984375 0.1703125 0.80234375
0 0.9375 0.5890625 0.125 0.821875
0 0.0546875 0.54609375 0.109375 0.9078125
0 0.134375 0.634375 0.18671875 0.73125
0 0.27734375 0.615625 0.15625 0.76875
0 0.8328125 0.60078125 0.16875 0.7984375
0 0.68984375 0.621875 0.1359375 0.75625
0 0.6078125 0.315625 0.078125 0.26875
0 0.5625 0.615625 0.146875 0.76875
0 0.48671875 0.3 0.06171875 0.26328125
0 0.8890625 0.27734375 0.0921875 0.3234375
0 0.20703125 0.3265625 0.07265625 0.34765625
0 0.3578125 0.3015625 0.07578125 0.40234375
0 0.7390625 0.33828125 0.08828125 0.334375