0 0.8625 0.6109375 0.09921875 0.475
0 0.76796875 0.60390625 0.11484375 0.48125
0 0.28515625 0.58984375 0.1265625 0.403125
0 0.415625 0.6234375 0.08359375 0.37109375
0 0.16875 0.56328125 0.09375 0.41875
0 0.68203125 0.61171875 0.08828125 0.4625
0 0.4546875 0.56796875 0.0796875 0.4203125
0 0.2171875 0.58046875 0.0796875 0.3921875
0 0.55078125 0.60546875 0.08828125 0.4296875
0 0.6171875 0.60625 0.06953125 0.446875
0 0.37578125 0.59296875 0.05546875 0.39765625
0 0.71015625 0.41171875 0.0453125 0.10390625
0 0.3328125 0.57734375 0.05 0.37109375
0 0.34453125 0.41875 0.04140625 0.090625
0 0.49609375 0.4234375 0.03828125 0.10390625
0 0.64453125 0.41484375 0.03828125 0.11015625
0 0.51640625 0.590625 0.0609375 0.4125
0 0.51953125 0.49609375 0.05546875 0.215625