0 0.11484375 0.64765625 0.1046875 0.55390625
0 0.909375 0.75703125 0.1078125 0.41328125
0 0.059375 0.6234375 0.0859375 0.5671875
0 0.68515625 0.73515625 0.09140625 0.35546875
0 0.55 0.61484375 0.078125 0.49609375
0 0.4921875 0.7421875 0.08984375 0.37265625
0 0.7453125 0.5953125 0.08828125 0.5078125
0 0.39921875 0.7296875 0.09375 0.38984375
0 0.34765625 0.621875 0.08515625 0.540625
0 0.78671875 0.7484375 0.09453125 0.3609375
0 0.66796875 0.51796875 0.07265625 0.2953125
0 0.284375 0.7546875 0.10078125 0.3515625
0 0.5984375 0.75078125 0.08125 0.33984375
0 0.18515625 0.77109375 0.0921875 0.35703125
0 0.81640625 0.61640625 0.08046875 0.51171875
0 0.42578125 0.61953125 0.08046875 0.509375
0 0.60390625 0.50546875 0.0703125 0.31640625
0 0.896875 0.52109375 0.0890625 0.28203125
0 0.20234375 0.55 0.078125 0.35546875
0 0.93984375 0.50859375 0.0671875 0.3453125
0 0.2796875 0.5109375 0.07265625 0.2796875
0 0.484375 0.49296875 0.06015625 0.2375
0 0.6390625 0.39609375 0.0453125 0.13125
0 0.78125 0.39296875 0.0453125 0.121875
0 0.51875 0.39609375 0.0421875 0.15078125
0 0.15859375 0.41328125 0.05625 0.14296875
0 0.23828125 0.5296875 0.05 0.353125
0 0.68828125 0.384375 0.05078125 0.13125
0 0.57578125 0.38046875 0.03359375 0.13125
0 0.30703125 0.40625 0.03359375 0.10625
0 0.45234375 0.38671875 0.03671875 0.13671875
0 0.85625 0.40234375 0.05 0.15234375