0 0.6328125 0.72265625 0.27109375 0.55390625
0 0.08671875 0.59140625 0.1734375 0.8171875
0 0.875 0.6015625 0.1453125 0.796875
0 0.1890625 0.7359375 0.246875 0.528125
0 0.7765625 0.6296875 0.15625 0.740625
0 0.62109375 0.40859375 0.17265625 0.3859375
0 0.4734375 0.60234375 0.14921875 0.690625
0 0.37421875 0.51484375 0.11640625 0.50234375
0 0.53671875 0.3140625 0.084375 0.18046875
0 0.69453125 0.3328125 0.09921875 0.31328125
0 0.25625 0.52578125 0.15859375 0.49609375
0 0.265625 0.3203125 0.16171875 0.25078125