0 0.7640625 0.62734375 0.10625 0.5109375
0 0.6671875 0.6140625 0.10234375 0.5125
0 0.165625 0.6234375 0.1203125 0.51953125
0 0.084375 0.64296875 0.09375 0.5015625
0 0.85859375 0.61953125 0.10703125 0.521875
0 0.2703125 0.62265625 0.1140625 0.52890625
0 0.3703125 0.35234375 0.06953125 0.2703125
0 0.896875 0.49765625 0.08671875 0.5828125
0 0.309375 0.37421875 0.07890625 0.30703125
0 0.81953125 0.35703125 0.07421875 0.3109375
0 0.3609375 0.63046875 0.10234375 0.496875
0 0.75234375 0.35234375 0.0765625 0.28359375
0 0.55625 0.61328125 0.09765625 0.503125
0 0.603125 0.51484375 0.07890625 0.54140625
0 0.46484375 0.6140625 0.09453125 0.4625
0 0.6796875 0.3640625 0.0734375 0.24375
0 0.5109375 0.4390625 0.08046875 0.4078125
0 0.4765625 0.27265625 0.05 0.1484375
0 0.2265625 0.37265625 0.0703125 0.24375
0 0.4328125 0.50546875 0.08046875 0.5203125