0 0.93359375 0.58984375 0.1328125 0.5828125
0 0.83671875 0.57109375 0.103125 0.53984375
0 0.73515625 0.55390625 0.11640625 0.47734375
0 0.56171875 0.703125 0.16328125 0.41484375
0 0.103125 0.48125 0.153125 0.33671875
0 0.64140625 0.54921875 0.11015625 0.45078125
0 0.41171875 0.70390625 0.16015625 0.3546875
0 0.35 0.51875 0.10703125 0.4265625
0 0.2390625 0.50546875 0.11796875 0.3640625
0 0.2546875 0.70625 0.1203125 0.328125
0 0.1046875 0.74140625 0.16328125 0.3078125
0 0.44921875 0.4921875 0.0984375 0.31484375