0 0.78515625 0.36328125 0.0453125 0.05703125
0 0.6 0.43828125 0.07109375 0.17109375
0 0.1484375 0.45703125 0.11171875 0.18515625
0 0.43828125 0.465625 0.0515625 0.09296875
0 0.71015625 0.47265625 0.05625 0.11640625
0 0.284375 0.47421875 0.04921875 0.15078125
0 0.33203125 0.4859375 0.0734375 0.18515625
0 0.20625 0.48828125 0.03984375 0.0875
0 0.403125 0.49609375 0.0640625 0.178125
0 0.77109375 0.50625 0.084375 0.25625
0 0.8515625 0.51328125 0.12890625 0.28359375
0 0.53515625 0.54296875 0.1234375 0.3125
0 0.92265625 0.55546875 0.13203125 0.465625
0 0.134375 0.57265625 0.11953125 0.28359375
0 0.63515625 0.5875 0.11875 0.3671875
0 0.46796875 0.58984375 0.09453125 0.38359375
0 0.40390625 0.60234375 0.0625 0.390625
0 0.2421875 0.62578125 0.11796875 0.37265625
0 0.371875 0.7046875 0.11171875 0.5046875
0 0.6875 0.7546875 0.20078125 0.490625
0 0.87421875 0.75859375 0.21796875 0.48203125
0 0.3109375 0.7875 0.1625 0.425
0 0.5 0.7859375 0.20625 0.42734375
0 0.153125 0.796875 0.15234375 0.40625