0 0.58203125 0.16953125 0.0828125 0.196875
0 0.446875 0.18984375 0.0984375 0.32265625
0 0.3796875 0.2546875 0.1390625 0.28515625
0 0.746875 0.26171875 0.1 0.26796875
0 0.51796875 0.2625 0.13984375 0.25625
0 0.6328125 0.265625 0.10234375 0.26328125
0 0.23515625 0.26875 0.0734375 0.26640625
0 0.13125 0.45625 0.14375 0.68359375
0 0.90078125 0.46875 0.12734375 0.67578125
0 0.26953125 0.6109375 0.15234375 0.778125
0 0.815625 0.6171875 0.1484375 0.76171875
0 0.53828125 0.62109375 0.1375 0.7546875
0 0.409375 0.61796875 0.146875 0.7640625
0 0.67421875 0.62578125 0.15 0.7453125
0 0.72890625 0.13125 0.134375 0.26015625
0 0.27109375 0.13359375 0.13671875 0.253125