0 0.28125 0.1953125 0.0796875 0.31484375
0 0.33828125 0.22109375 0.10703125 0.35
0 0.1546875 0.22734375 0.06171875 0.18359375
0 0.6484375 0.2359375 0.08359375 0.25078125
0 0.4265625 0.2359375 0.0859375 0.2796875
0 0.22578125 0.25859375 0.04453125 0.25859375
0 0.759375 0.259375 0.04765625 0.196875
0 0.50078125 0.28046875 0.08359375 0.33671875
0 0.56484375 0.28828125 0.07890625 0.340625
0 0.10078125 0.39921875 0.1109375 0.5046875
0 0.18046875 0.4671875 0.08984375 0.4875
0 0.25859375 0.49296875 0.09765625 0.4265625
0 0.34765625 0.5 0.09921875 0.45078125
0 0.42578125 0.51875 0.11015625 0.46796875
0 0.61953125 0.55546875 0.10703125 0.65
0 0.51796875 0.56953125 0.09609375 0.46796875
0 0.884375 0.5859375 0.15390625 0.7859375
0 0.69765625 0.59453125 0.10078125 0.696875
0 0.803125 0.6109375 0.18359375 0.778125