0 0.30078125 0.25390625 0.0671875 0.13828125
0 0.39609375 0.26484375 0.0921875 0.1890625
0 0.596875 0.265625 0.11640625 0.17421875
0 0.48671875 0.27578125 0.08515625 0.19296875
0 0.08671875 0.51328125 0.17265625 0.84296875
0 0.215625 0.5296875 0.15234375 0.7546875
0 0.8109375 0.546875 0.11875 0.77578125
0 0.90234375 0.57578125 0.1375 0.79921875
0 0.2765625 0.584375 0.16328125 0.70625
0 0.7375 0.58828125 0.15859375 0.7953125
0 0.621875 0.5953125 0.134375 0.72265625
0 0.38828125 0.59609375 0.15 0.66875
0 0.509375 0.60390625 0.1296875 0.69609375