0 0.49375 0.6109375 0.078125 0.26484375
0 0.11875 0.62578125 0.0890625 0.2515625
0 0.57578125 0.60859375 0.09609375 0.27734375
0 0.0390625 0.6390625 0.078125 0.2359375
0 0.80859375 0.62890625 0.078125 0.25
0 0.88046875 0.62734375 0.0796875 0.2484375
0 0.734375 0.62421875 0.078125 0.25390625
0 0.34375 0.6140625 0.08515625 0.25859375
0 0.65625 0.6234375 0.08671875 0.25859375
0 0.421875 0.621875 0.08515625 0.240625
0 0.26640625 0.621875 0.090625 0.253125
0 0.1921875 0.6234375 0.0765625 0.246875
0 0.95 0.63046875 0.0703125 0.23359375
0 0.9890625 0.63046875 0.021875 0.24140625
0 0.69296875 0.91015625 0.1171875 0.1796875
0 0.99140625 0.85859375 0.0171875 0.2296875
0 0.69609375 0.85390625 0.10703125 0.21328125