0 0.1484375 0.66875 0.17890625 0.6625
0 0.91484375 0.69140625 0.1703125 0.6171875
0 0.79765625 0.7140625 0.11796875 0.571875
0 0.20234375 0.7421875 0.1421875 0.515625
0 0.7359375 0.80390625 0.16015625 0.3921875
0 0.5890625 0.78359375 0.17734375 0.4328125
0 0.33984375 0.7984375 0.1828125 0.403125
0 0.46484375 0.78125 0.1921875 0.43671875
0 0.30234375 0.5359375 0.1015625 0.275
0 0.5359375 0.55078125 0.13671875 0.26796875
0 0.41640625 0.540625 0.13671875 0.3109375
0 0.675 0.5671875 0.146875 0.32890625
0 0.01796875 0.8375 0.03515625 0.32421875