0 0.5875 0.2140625 0.04140625 0.121875
0 0.759375 0.2359375 0.0734375 0.14609375
0 0.85234375 0.2453125 0.065625 0.21796875
0 0.5515625 0.2515625 0.03984375 0.10546875
0 0.47109375 0.2546875 0.05078125 0.13125
0 0.61640625 0.25859375 0.05078125 0.1390625
0 0.39921875 0.25859375 0.03984375 0.10546875
0 0.70234375 0.26171875 0.0640625 0.14609375
0 0.65390625 0.3125 0.090625 0.16484375
0 0.81015625 0.321875 0.0953125 0.1984375
0 0.5125 0.3328125 0.0734375 0.18203125
0 0.75078125 0.34296875 0.05546875 0.16015625
0 0.36953125 0.3875 0.06015625 0.1625
0 0.2234375 0.5359375 0.0875 0.50234375
0 0.42578125 0.55390625 0.090625 0.52890625
0 0.57421875 0.5625 0.084375 0.540625
0 0.1421875 0.56796875 0.13828125 0.5140625
0 0.2640625 0.5828125 0.0984375 0.4953125
0 0.71171875 0.596875 0.0734375 0.55703125
0 0.33671875 0.5984375 0.12890625 0.55
0 0.49296875 0.62109375 0.13515625 0.58125
0 0.7921875 0.63125 0.1578125 0.64609375
0 0.6328125 0.64140625 0.13828125 0.63671875