0 0.10390625 0.54921875 0.19453125 0.89375
0 0.246875 0.6640625 0.128125 0.66796875
0 0.92109375 0.55859375 0.1578125 0.8765625
0 0.42734375 0.6796875 0.1171875 0.640625
0 0.784375 0.66953125 0.140625 0.6609375
0 0.53984375 0.67421875 0.15078125 0.6515625
0 0.66640625 0.6640625 0.1390625 0.67109375
0 0.81328125 0.35703125 0.11484375 0.240625
0 0.35234375 0.6625 0.10546875 0.65390625
0 0.33125 0.3515625 0.06953125 0.24765625
0 0.43828125 0.36328125 0.10625 0.26640625
0 0.53203125 0.34609375 0.2984375 0.29296875
0 0.728125 0.35234375 0.08125 0.23515625
0 0.6015625 0.38359375 0.08359375 0.2296875
0 0.73046875 0.6078125 0.0890625 0.7421875
0 0.603125 0.4984375 0.08125 0.459375
0 0.24140625 0.43125 0.1359375 0.42421875
0 0.5328125 0.3734375 0.14453125 0.2140625