0 0.1390625 0.57265625 0.1640625 0.5421875
0 0.5046875 0.5765625 0.1328125 0.534375
0 0.88515625 0.58359375 0.16640625 0.53125
0 0.63125 0.5765625 0.13515625 0.534375
0 0.74765625 0.57265625 0.12890625 0.53671875
0 0.2859375 0.55625 0.14453125 0.55859375
0 0.390625 0.58359375 0.11953125 0.509375
0 0.515625 0.26171875 0.13515625 0.34765625
0 0.40390625 0.2796875 0.12734375 0.37265625
0 0.759375 0.28515625 0.15625 0.31796875
0 0.634375 0.26328125 0.12890625 0.32890625
0 0.2765625 0.2640625 0.15859375 0.32578125