0 0.7984375 0.5734375 0.15546875 0.71328125
0 0.09296875 0.54140625 0.09765625 0.59765625
0 0.45859375 0.665625 0.15546875 0.55546875
0 0.16875 0.57578125 0.13125 0.6171875
0 0.32890625 0.68125 0.15546875 0.55859375
0 0.60546875 0.690625 0.15859375 0.56328125
0 0.7078125 0.55625 0.0984375 0.59765625
0 0.45625 0.30703125 0.0828125 0.17109375
0 0.40234375 0.2203125 0.08046875 0.2
0 0.53125 0.3890625 0.1109375 0.28046875
0 0.6421875 0.390625 0.1125 0.31953125
0 0.40078125 0.40390625 0.096875 0.25390625
0 0.340625 0.371875 0.09765625 0.29453125
0 0.49375 0.2265625 0.0671875 0.1859375
0 0.240625 0.5390625 0.1109375 0.609375
0 0.23125 0.2328125 0.09453125 0.20234375
0 0.31640625 0.23515625 0.06484375 0.196875
0 0.6390625 0.24609375 0.09140625 0.17890625
0 0.55546875 0.23828125 0.05859375 0.184375
0 0.58046875 0.31796875 0.05546875 0.1625
0 0.2828125 0.39140625 0.0484375 0.3015625