0 0.91328125 0.56953125 0.1703125 0.8609375
0 0.26015625 0.56796875 0.18515625 0.86328125
0 0.75703125 0.58671875 0.1515625 0.8265625
0 0.59453125 0.5921875 0.1734375 0.815625
0 0.434375 0.578125 0.1796875 0.84375
0 0.13515625 0.5671875 0.1390625 0.81796875
0 0.3484375 0.4171875 0.12109375 0.6125
0 0.8296875 0.23125 0.0734375 0.18515625
0 0.68359375 0.4546875 0.1171875 0.665625
0 0.5109375 0.2109375 0.11171875 0.2875
0 0.684375 0.2390625 0.11875 0.2421875
0 0.83125 0.459375 0.0734375 0.6421875
0 0.51015625 0.38671875 0.11015625 0.63828125