0 0.85390625 0.56796875 0.121875 0.84765625
0 0.9625 0.43515625 0.075 0.3296875
0 0.175 0.5171875 0.17578125 0.8609375
0 0.35859375 0.65625 0.14765625 0.6265625
0 0.67265625 0.6453125 0.14296875 0.6109375
0 0.74453125 0.54609375 0.1296875 0.8015625
0 0.47265625 0.6390625 0.115625 0.60234375
0 0.29765625 0.52265625 0.1375 0.8203125
0 0.5796875 0.65234375 0.13515625 0.5734375
0 0.521875 0.30546875 0.11484375 0.34453125
0 0.63046875 0.28046875 0.1203125 0.375
0 0.41328125 0.2984375 0.1296875 0.35859375