0 0.07734375 0.72109375 0.1546875 0.50625
0 0.95625 0.7125 0.0875 0.45625
0 0.8609375 0.7296875 0.13828125 0.428125
0 0.28984375 0.72421875 0.1265625 0.4625
0 0.7359375 0.71796875 0.1515625 0.45078125
0 0.1765625 0.72734375 0.14375 0.4453125
0 0.51953125 0.71796875 0.128125 0.4484375
0 0.634375 0.73046875 0.121875 0.4328125
0 0.42421875 0.6953125 0.1640625 0.4859375
0 0.35625 0.50546875 0.0515625 0.07265625
0 0.8 0.525 0.0609375 0.09609375
0 0.63203125 0.51875 0.15390625 0.109375
0 0.49609375 0.51171875 0.0578125 0.06484375