0 0.88203125 0.46484375 0.1390625 0.91484375
0 0.4984375 0.62265625 0.18125 0.62421875
0 0.35078125 0.6125 0.15234375 0.640625
0 0.38125 0.24609375 0.15 0.41328125
0 0.76171875 0.62890625 0.15859375 0.6296875
0 0.0921875 0.4671875 0.14765625 0.8734375
0 0.2046875 0.6234375 0.1640625 0.6296875
0 0.6296875 0.60859375 0.13515625 0.64609375
0 0.52109375 0.24453125 0.14921875 0.40625
0 0.64921875 0.234375 0.13671875 0.37890625
0 0.759375 0.27109375 0.13125 0.41484375
0 0.23359375 0.26328125 0.1578125 0.41875