0 0.45390625 0.64609375 0.07421875 0.25078125
0 0.09921875 0.66015625 0.084375 0.2375
0 0.53125 0.64453125 0.090625 0.2625
0 0.03046875 0.67265625 0.0609375 0.2234375
0 0.7515625 0.66328125 0.07421875 0.23671875
0 0.81953125 0.66171875 0.075 0.23515625
0 0.68125 0.659375 0.07421875 0.240625
0 0.31171875 0.64921875 0.08046875 0.24453125
0 0.60703125 0.65859375 0.08203125 0.24453125
0 0.3859375 0.65625 0.08046875 0.22734375
0 0.2390625 0.65703125 0.0859375 0.2390625
0 0.16875 0.65859375 0.07265625 0.23359375
0 0.88515625 0.66484375 0.06640625 0.22109375
0 0.9484375 0.66484375 0.07421875 0.22890625
0 0.9578125 0.925 0.084375 0.14921875
0 0.64140625 0.92265625 0.11171875 0.1546875
0 0.95546875 0.88125 0.08046875 0.2171875
0 0.6453125 0.87578125 0.1015625 0.2015625