0 0.8875 0.55859375 0.16640625 0.84765625
0 0.2515625 0.56328125 0.18046875 0.86328125
0 0.7359375 0.57890625 0.14765625 0.82109375
0 0.57734375 0.58359375 0.1703125 0.80859375
0 0.421875 0.57265625 0.17578125 0.84375
0 0.12890625 0.5515625 0.1359375 0.79765625
0 0.33671875 0.40546875 0.11796875 0.59765625
0 0.80703125 0.2234375 0.071875 0.18046875
0 0.66484375 0.44140625 0.1140625 0.64921875
0 0.49609375 0.20390625 0.109375 0.28046875
0 0.665625 0.23125 0.115625 0.2359375
0 0.80859375 0.44609375 0.071875 0.62578125
0 0.4953125 0.375 0.1078125 0.62265625