0 0.10625 0.71796875 0.12890625 0.56328125
0 0.228125 0.73046875 0.11484375 0.5390625
0 0.7890625 0.71015625 0.14296875 0.57890625
0 0.4484375 0.70859375 0.12421875 0.5828125
0 0.91171875 0.721875 0.1421875 0.55625
0 0.34140625 0.740625 0.1078125 0.51875
0 0.5609375 0.7125 0.109375 0.575
0 0.67578125 0.71875 0.1359375 0.5625
0 0.8921875 0.39375 0.11796875 0.31875
0 0.3703125 0.42109375 0.08984375 0.25
0 0.51015625 0.4296875 0.07890625 0.3484375
0 0.62578125 0.41953125 0.09296875 0.2484375
0 0.80703125 0.44296875 0.10390625 0.30078125
0 0.5765625 0.35625 0.0734375 0.19921875
0 0.70703125 0.4140625 0.09453125 0.31328125
0 0.45078125 0.41796875 0.0859375 0.2515625
0 0.06015625 0.54296875 0.08828125 0.43515625
0 0.31640625 0.47109375 0.075 0.37109375
0 0.16796875 0.4453125 0.10546875 0.30625
0 0.75546875 0.32890625 0.06796875 0.1796875
0 0.2421875 0.4296875 0.07890625 0.21484375
0 0.4171875 0.33984375 0.05234375 0.1515625
0 0.209375 0.3375 0.04921875 0.16015625
0 0.28203125 0.35234375 0.040625 0.1796875