0 0.06875 0.6578125 0.1375 0.6625
0 0.8453125 0.6203125 0.146875 0.62421875
0 0.40703125 0.61953125 0.1484375 0.66484375
0 0.71171875 0.61484375 0.14140625 0.61015625
0 0.1734375 0.68046875 0.121875 0.62578125
0 0.2796875 0.60859375 0.14765625 0.72578125
0 0.61796875 0.5875 0.10625 0.59375
0 0.53125 0.61328125 0.13203125 0.62265625
0 0.31015625 0.23046875 0.1015625 0.37421875
0 0.1984375 0.2328125 0.1234375 0.459375
0 0.92421875 0.58125 0.1328125 0.62265625
0 0.596875 0.2234375 0.12109375 0.32421875
0 0.40390625 0.2171875 0.103125 0.3578125
0 0.7625 0.34375 0.078125 0.21484375
0 0.490625 0.24453125 0.0921875 0.3484375
0 0.76328125 0.54921875 0.07734375 0.61953125