0 0.8890625 0.57109375 0.1359375 0.32421875
0 0.065625 0.4875 0.10234375 0.42578125
0 0.809375 0.48515625 0.09375 0.39453125
0 0.70625 0.5546875 0.11484375 0.3421875
0 0.62109375 0.465625 0.08828125 0.39453125
0 0.4234375 0.5515625 0.11875 0.32421875
0 0.2734375 0.571875 0.12734375 0.3375
0 0.15546875 0.590625 0.1171875 0.31796875
0 0.546875 0.54375 0.11015625 0.31953125
0 0.31875 0.4640625 0.09296875 0.38515625
0 0.7109375 0.371875 0.0921875 0.19453125
0 0.46953125 0.4515625 0.07734375 0.39609375
0 0.39140625 0.43359375 0.08125 0.3390625
0 0.240625 0.37421875 0.0703125 0.20234375
0 0.53828125 0.37265625 0.084375 0.1875
0 0.178125 0.4203125 0.10703125 0.3015625