0 0.88203125 0.621875 0.15078125 0.36015625
0 0.0125 0.528125 0.02421875 0.4734375
0 0.79296875 0.52578125 0.1046875 0.43828125
0 0.6796875 0.603125 0.128125 0.3796875
0 0.584375 0.50390625 0.09765625 0.43828125
0 0.36484375 0.6 0.13203125 0.36015625
0 0.1984375 0.62265625 0.14140625 0.375
0 0.0671875 0.64296875 0.1296875 0.353125
0 0.50234375 0.590625 0.121875 0.3546875
0 0.2484375 0.50234375 0.103125 0.428125
0 0.684375 0.4 0.10234375 0.21640625
0 0.41640625 0.48828125 0.0859375 0.43984375
0 0.3296875 0.46796875 0.08984375 0.3765625
0 0.1625 0.40234375 0.078125 0.225
0 0.4921875 0.40078125 0.09296875 0.20859375
0 0.09296875 0.45390625 0.11875 0.33515625