0 0.88671875 0.58359375 0.140625 0.334375
0 0.04453125 0.496875 0.0890625 0.43984375
0 0.80390625 0.49453125 0.096875 0.40703125
0 0.69765625 0.56640625 0.11875 0.353125
0 0.609375 0.47421875 0.090625 0.40703125
0 0.40546875 0.56328125 0.12265625 0.334375
0 0.25078125 0.584375 0.13125 0.3484375
0 0.12890625 0.60390625 0.12109375 0.328125
0 0.5328125 0.5546875 0.11328125 0.3296875
0 0.296875 0.47265625 0.09609375 0.39765625
0 0.70234375 0.37734375 0.0953125 0.2015625
0 0.453125 0.459375 0.0796875 0.40859375
0 0.37265625 0.44140625 0.08359375 0.35
0 0.2171875 0.3796875 0.07265625 0.20859375
0 0.5234375 0.378125 0.08671875 0.19375
0 0.15234375 0.428125 0.11015625 0.3109375