0 0.346875 0.87734375 0.0515625 0.24453125
0 0.290625 0.7890625 0.05 0.25078125
0 0.609375 0.94765625 0.0453125 0.10390625
0 0.66875 0.91484375 0.046875 0.1703125
0 0.76953125 0.91875 0.0421875 0.1625
0 0.78359375 0.65078125 0.03203125 0.21484375
0 0.78984375 0.44296875 0.0390625 0.165625
0 0.16953125 0.7203125 0.02890625 0.2
0 0.121875 0.7953125 0.03359375 0.2046875
0 0.09765625 0.84140625 0.0375 0.2046875
0 0.0296875 0.9390625 0.040625 0.121875
0 0.08828125 0.89140625 0.04140625 0.209375
0 0.18203125 0.6421875 0.02734375 0.14453125