0 0.66484375 0.8765625 0.053125 0.246875
0 0.721875 0.79140625 0.0515625 0.26015625
0 0.39453125 0.94921875 0.04609375 0.10078125
0 0.3328125 0.915625 0.0484375 0.16875
0 0.228125 0.92109375 0.04375 0.15703125
0 0.2140625 0.6484375 0.0328125 0.22265625
0 0.20703125 0.43203125 0.040625 0.171875
0 0.846875 0.72109375 0.03046875 0.2078125
0 0.89609375 0.7984375 0.034375 0.2125
0 0.92109375 0.84609375 0.0390625 0.2125
0 0.98515625 0.940625 0.02890625 0.11796875
0 0.93203125 0.89296875 0.04375 0.21328125
0 0.834375 0.6390625 0.028125 0.15