0 0.65390625 0.88046875 0.05546875 0.23828125
0 0.71328125 0.8015625 0.05390625 0.26953125
0 0.37265625 0.95625 0.04765625 0.0875
0 0.30859375 0.92109375 0.0515625 0.1578125
0 0.19921875 0.92734375 0.0453125 0.1453125
0 0.184375 0.65390625 0.034375 0.23046875
0 0.178125 0.4296875 0.0421875 0.178125
0 0.84375 0.72890625 0.03125 0.21484375
0 0.89453125 0.80859375 0.0359375 0.2203125
0 0.92109375 0.8578125 0.040625 0.2203125
0 0.9859375 0.94765625 0.028125 0.1046875
0 0.93203125 0.8984375 0.0453125 0.203125
0 0.83046875 0.64375 0.02890625 0.1546875