0 0.44296875 0.7828125 0.03984375 0.18046875
0 0.03828125 0.65546875 0.0390625 0.16015625
0 0.6453125 0.30234375 0.0265625 0.10546875
0 0.56328125 0.4109375 0.0265625 0.13359375
0 0.5234375 0.37578125 0.021875 0.13984375
0 0.6359375 0.08671875 0.02578125 0.071875
0 0.0421875 0.13046875 0.02421875 0.08203125
0 0.821875 0.21953125 0.02421875 0.134375
0 0.97734375 0.7390625 0.0328125 0.14921875
0 0.48828125 0.58203125 0.03046875 0.1515625
0 0.36875 0.14140625 0.02578125 0.08359375
0 0.9421875 0.07578125 0.02578125 0.11640625