0 0.2234375 0.67890625 0.171875 0.4546875
0 0.403125 0.71875 0.1578125 0.56171875
0 0.08515625 0.559375 0.12109375 0.35
0 0.790625 0.7515625 0.18828125 0.4203125
0 0.74765625 0.90859375 0.21484375 0.1828125
0 0.42265625 0.45 0.1046875 0.259375
0 0.26328125 0.5390625 0.09140625 0.2921875
0 0.12890625 0.53671875 0.075 0.3171875
0 0.5375 0.43828125 0.06640625 0.27578125
0 0.65625 0.2390625 0.0234375 0.0703125
0 0.6875 0.24453125 0.025 0.07421875
0 0.13203125 0.4 0.0640625 0.1109375
0 0.25703125 0.365625 0.05234375 0.16796875
0 0.33046875 0.34296875 0.04296875 0.1390625