0 0.23046875 0.659375 0.15625 0.4140625
0 0.39453125 0.7203125 0.14375 0.559375
0 0.1046875 0.55078125 0.11015625 0.31796875
0 0.746875 0.72578125 0.17109375 0.3828125
0 0.70703125 0.8921875 0.1953125 0.215625
0 0.4125 0.4515625 0.0953125 0.2359375
0 0.2671875 0.5328125 0.08359375 0.265625
0 0.14453125 0.53046875 0.06875 0.2890625
0 0.51640625 0.440625 0.06015625 0.25078125
0 0.625 0.259375 0.02109375 0.0640625
0 0.653125 0.2640625 0.02265625 0.0671875
0 0.146875 0.40546875 0.05859375 0.10078125
0 0.2609375 0.37421875 0.04765625 0.153125
0 0.328125 0.35390625 0.0390625 0.1265625