0 0.2484375 0.65390625 0.15078125 0.40078125
0 0.4078125 0.71953125 0.13984375 0.55234375
0 0.1265625 0.54921875 0.10703125 0.30859375
0 0.7484375 0.71875 0.165625 0.37109375
0 0.7109375 0.88671875 0.1890625 0.21875
0 0.42421875 0.453125 0.0921875 0.228125
0 0.28359375 0.53125 0.08125 0.2578125
0 0.16484375 0.52890625 0.06640625 0.2796875
0 0.525 0.44296875 0.05859375 0.24296875
0 0.63046875 0.2671875 0.0203125 0.06171875
0 0.6578125 0.271875 0.021875 0.065625
0 0.1671875 0.40859375 0.05625 0.09765625
0 0.278125 0.378125 0.04609375 0.1484375
0 0.34296875 0.35859375 0.0375 0.12265625