0 0.12265625 0.56328125 0.071875 0.36796875
0 0.19921875 0.5953125 0.06953125 0.39375
0 0.28515625 0.63125 0.08515625 0.47265625
0 0.31484375 0.503125 0.09296875 0.36796875
0 0.4859375 0.76796875 0.08515625 0.40546875
0 0.67421875 0.80078125 0.1078125 0.3984375
0 0.88359375 0.8140625 0.10390625 0.371875
0 0.93046875 0.62421875 0.09453125 0.484375
0 0.596875 0.63984375 0.0890625 0.396875
0 0.52421875 0.62578125 0.08046875 0.3265625
0 0.99296875 0.5609375 0.0140625 0.22421875
0 0.97265625 0.52109375 0.0296875 0.1890625