0 0.2609375 0.43671875 0.05703125 0.27578125
0 0.6171875 0.853125 0.09765625 0.29375
0 0.7484375 0.83984375 0.084375 0.3203125
0 0.3359375 0.39921875 0.0484375 0.25234375
0 0.13359375 0.175 0.03515625 0.140625
0 0.4671875 0.259375 0.04765625 0.22109375
0 0.94609375 0.93515625 0.07890625 0.1296875
0 0.10625 0.178125 0.02578125 0.1390625
0 0.078125 0.0984375 0.01953125 0.1046875
0 0.30703125 0.44375 0.03203125 0.165625
0 0.06171875 0.10703125 0.02109375 0.09140625
0 0.18984375 0.115625 0.01875 0.0375
0 0.2171875 0.084375 0.02734375 0.0609375