0 0.7265625 0.41796875 0.06015625 0.2796875
0 0.23046875 0.83828125 0.0953125 0.3234375
0 0.3484375 0.84765625 0.08203125 0.30390625
0 0.65234375 0.3796875 0.04921875 0.25546875
0 0.5203125 0.2359375 0.05 0.228125
0 0.86171875 0.146875 0.034375 0.14375
0 0.03046875 0.93515625 0.0609375 0.1296875
0 0.88828125 0.15 0.02890625 0.140625
0 0.68046875 0.42890625 0.0328125 0.16953125
0 0.9171875 0.06875 0.01953125 0.10703125
0 0.93515625 0.08046875 0.02109375 0.0875
0 0.77578125 0.05546875 0.03125 0.059375
0 0.80390625 0.08828125 0.01875 0.03828125