0 0.7609375 0.45859375 0.05703125 0.29140625
0 0.25234375 0.85234375 0.0859375 0.2953125
0 0.39921875 0.86953125 0.1109375 0.2609375
0 0.684375 0.421875 0.0484375 0.26484375
0 0.54453125 0.278125 0.0515625 0.23203125
0 0.053125 0.953125 0.0859375 0.09375
0 0.89140625 0.18828125 0.034375 0.14921875
0 0.91953125 0.19921875 0.02890625 0.15234375
0 0.7125 0.46328125 0.03203125 0.16953125
0 0.94765625 0.109375 0.01953125 0.109375
0 0.96484375 0.1171875 0.0203125 0.096875
0 0.83203125 0.1265625 0.01953125 0.0390625
0 0.803125 0.09453125 0.0296875 0.0640625