0 0.7328125 0.428125 0.05078125 0.259375
0 0.278125 0.80390625 0.07734375 0.3109375
0 0.41015625 0.83671875 0.1 0.315625
0 0.6640625 0.39609375 0.04296875 0.2359375
0 0.5390625 0.2671875 0.04609375 0.20703125
0 0.1 0.9125 0.0765625 0.16953125
0 0.8484375 0.1875 0.03046875 0.13359375
0 0.8734375 0.196875 0.02578125 0.1359375
0 0.6890625 0.4328125 0.02890625 0.1515625
0 0.89921875 0.11640625 0.0171875 0.096875
0 0.9140625 0.1234375 0.01796875 0.0859375
0 0.79609375 0.1328125 0.0171875 0.034375
0 0.7703125 0.103125 0.0265625 0.05703125