0 0.225 0.4515625 0.0546875 0.27890625
0 0.7125 0.84375 0.0828125 0.31171875
0 0.57109375 0.86015625 0.10703125 0.27890625
0 0.29921875 0.41640625 0.04609375 0.25390625
0 0.43359375 0.278125 0.04921875 0.22265625
0 0.90546875 0.93984375 0.0828125 0.1203125
0 0.1 0.1921875 0.0328125 0.14296875
0 0.0734375 0.203125 0.02734375 0.14609375
0 0.27109375 0.45625 0.03125 0.1625
0 0.04609375 0.11640625 0.01875 0.1046875
0 0.0296875 0.12421875 0.01953125 0.0921875
0 0.15703125 0.13359375 0.01875 0.0375
0 0.184375 0.10234375 0.02890625 0.0609375