0 0.2625 0.78828125 0.10625 0.3578125
0 0.7515625 0.38203125 0.06171875 0.28828125
0 0.4078125 0.81875 0.1015625 0.3625
0 0.6734375 0.334375 0.05546875 0.2546875
0 0.52734375 0.20859375 0.05625 0.225
0 0.87265625 0.11953125 0.03203125 0.15
0 0.06875 0.90234375 0.09375 0.1953125
0 0.9015625 0.13203125 0.03046875 0.153125
0 0.92890625 0.046875 0.0203125 0.09375
0 0.70390625 0.38125 0.0296875 0.15703125
0 0.946875 0.05078125 0.0203125 0.09296875
0 0.81484375 0.0578125 0.01875 0.03828125
0 0.78671875 0.0296875 0.028125 0.05859375