0 0.2984375 0.790625 0.0953125 0.321875
0 0.7390625 0.42421875 0.05546875 0.259375
0 0.4296875 0.82265625 0.09140625 0.3375
0 0.66875 0.38125 0.05 0.22890625
0 0.5375 0.26796875 0.05078125 0.203125
0 0.8484375 0.18828125 0.02890625 0.134375
0 0.125 0.90078125 0.084375 0.190625
0 0.8734375 0.19921875 0.02734375 0.1375
0 0.8984375 0.11640625 0.01796875 0.096875
0 0.69609375 0.4234375 0.0265625 0.14140625
0 0.9140625 0.1265625 0.01796875 0.08359375
0 0.79609375 0.1328125 0.0171875 0.034375
0 0.7703125 0.1046875 0.025 0.05703125