0 0.73671875 0.46875 0.0625 0.2921875
0 0.21875 0.86953125 0.10078125 0.26015625
0 0.34140625 0.87890625 0.0859375 0.2421875
0 0.659375 0.42890625 0.05078125 0.26640625
0 0.521875 0.27890625 0.05234375 0.23828125
0 0.87890625 0.18515625 0.0359375 0.15
0 0.90703125 0.18828125 0.03046875 0.146875
0 0.68828125 0.4796875 0.034375 0.17734375
0 0.93671875 0.10390625 0.0203125 0.11171875
0 0.95546875 0.115625 0.02265625 0.09140625
0 0.7890625 0.090625 0.03203125 0.0625
0 0.81796875 0.1234375 0.01953125 0.03984375