0 0.59453125 0.81953125 0.05 0.2328125
0 0.65703125 0.76875 0.04609375 0.21171875
0 0.7609375 0.7703125 0.03125 0.178125
0 0.7703125 0.540625 0.028125 0.13046875
0 0.321875 0.709375 0.04375 0.1625
0 0.2640625 0.6453125 0.03046875 0.16171875
0 0.890625 0.46328125 0.0265625 0.103125
0 0.85859375 0.45390625 0.02265625 0.1046875
0 0.83828125 0.44765625 0.02421875 0.09296875
0 0.9109375 0.396875 0.02265625 0.08984375
0 0.9453125 0.59609375 0.0265625 0.15234375
0 0.77734375 0.38984375 0.0234375 0.1
0 0.84140625 0.35703125 0.02265625 0.0640625
0 0.77265625 0.28828125 0.0125 0.07578125
0 0.7453125 0.26484375 0.015625 0.04609375
0 0.834375 0.27734375 0.01484375 0.05703125
0 0.8171875 0.26640625 0.01484375 0.05703125
0 0.7484375 0.21328125 0.015625 0.04765625
0 0.7328125 0.17109375 0.0234375 0.0375
0 0.72578125 0.1171875 0.01171875 0.03828125
0 0.7375 0.1234375 0.00859375 0.025
0 0.7890625 0.20390625 0.01953125 0.0421875
0 0.81484375 0.27109375 0.01796875 0.07578125
0 0.8328125 0.26875 0.0234375 0.06640625
0 0.01796875 0.64453125 0.0265625 0.08984375
0 0.05703125 0.703125 0.0515625 0.15859375
0 0.1 0.590625 0.01875 0.1171875
0 0.1359375 0.57578125 0.0375 0.1171875
0 0.14140625 0.52890625 0.02734375 0.05234375
0 0.0734375 0.5453125 0.02734375 0.04765625
0 0.19609375 0.3484375 0.02890625 0.09921875
0 0.1234375 0.365625 0.02421875 0.0546875
0 0.99296875 0.4015625 0.0140625 0.05703125
0 0.94453125 0.29296875 0.02734375 0.059375
0 0.8390625 0.14375 0.0203125 0.05703125
0 0.878125 0.1921875 0.0203125 0.05546875
0 0.76640625 0.15859375 0.021875 0.02890625
0 0.7859375 0.1265625 0.0234375 0.0265625
0 0.3453125 0.23125 0.01953125 0.05703125
0 0.32734375 0.22734375 0.0078125 0.040625
0 0.26484375 0.21015625 0.0171875 0.04296875
0 0.221875 0.1984375 0.009375 0.02578125
0 0.27734375 0.1890625 0.015625 0.03359375
0 0.28203125 0.16171875 0.0265625 0.0359375
0 0.19375 0.25859375 0.025 0.0453125
0 0.990625 0.54765625 0.01875 0.0953125