0 0.6015625 0.8125 0.046875 0.21875
0 0.6609375 0.76484375 0.04296875 0.19921875
0 0.75859375 0.765625 0.0296875 0.16796875
0 0.7671875 0.55 0.0265625 0.12265625
0 0.34609375 0.709375 0.04140625 0.153125
0 0.29140625 0.64921875 0.02890625 0.1515625
0 0.88046875 0.478125 0.025 0.096875
0 0.85078125 0.46875 0.021875 0.0984375
0 0.83125 0.4625 0.02265625 0.0875
0 0.9 0.41484375 0.02109375 0.084375
0 0.93203125 0.60234375 0.025 0.14296875
0 0.77421875 0.40859375 0.021875 0.09375
0 0.834375 0.37734375 0.02109375 0.06015625
0 0.76953125 0.31328125 0.01171875 0.07109375
0 0.74453125 0.290625 0.0140625 0.04296875
0 0.828125 0.30234375 0.0140625 0.053125
0 0.81171875 0.2921875 0.01328125 0.05390625
0 0.746875 0.2421875 0.01484375 0.04453125
0 0.73203125 0.203125 0.021875 0.03515625
0 0.72578125 0.1515625 0.01171875 0.0359375
0 0.7359375 0.1578125 0.00859375 0.0234375
0 0.78515625 0.23359375 0.01796875 0.03984375
0 0.809375 0.296875 0.0171875 0.07109375
0 0.82578125 0.29453125 0.021875 0.0625
0 0.0078125 0.63203125 0.015625 0.0703125
0 0.06015625 0.6484375 0.025 0.084375
0 0.096875 0.703125 0.0484375 0.14921875
0 0.1375 0.59765625 0.01796875 0.11015625
0 0.17109375 0.5828125 0.03515625 0.11015625
0 0.1765625 0.5390625 0.02578125 0.04921875
0 0.1125 0.5546875 0.02578125 0.0453125
0 0.228125 0.36953125 0.02734375 0.09375
0 0.159375 0.38515625 0.02265625 0.0515625
0 0.98125 0.42265625 0.021875 0.05625
0 0.93125 0.3171875 0.025 0.05625
0 0.83203125 0.17734375 0.01953125 0.05390625
0 0.86875 0.22265625 0.01953125 0.05234375
0 0.76328125 0.190625 0.0203125 0.02734375
0 0.7828125 0.16015625 0.021875 0.025
0 0.36796875 0.259375 0.01875 0.05390625
0 0.35078125 0.25546875 0.0078125 0.03828125
0 0.2921875 0.2390625 0.01640625 0.03984375
0 0.2515625 0.228125 0.009375 0.02421875
0 0.3046875 0.21953125 0.01484375 0.03203125
0 0.30859375 0.19375 0.025 0.03359375
0 0.225 0.284375 0.0234375 0.04296875
0 0.9828125 0.5578125 0.0265625 0.08828125