0 0.06328125 0.46796875 0.12578125 0.54453125
0 0.13828125 0.35703125 0.0890625 0.2796875
0 0.1890625 0.26796875 0.06640625 0.134375
0 0.2578125 0.57578125 0.1140625 0.8484375
0 0.5421875 0.60390625 0.1375 0.7921875
0 0.56328125 0.1890625 0.07890625 0.096875
0 0.7265625 0.5109375 0.08984375 0.74453125
0 0.984375 0.534375 0.03125 0.93125
0 0.91171875 0.36171875 0.0875 0.4828125
0 0.8296875 0.178125 0.0515625 0.1109375
0 0.79375 0.24609375 0.06953125 0.253125
0 0.46875 0.23515625 0.0609375 0.1359375
0 0.41640625 0.24296875 0.02578125 0.0984375
0 0.38984375 0.53359375 0.14375 0.69453125