0 0.17109375 0.6984375 0.0703125 0.275
0 0.25859375 0.68125 0.0546875 0.28671875
0 0.31640625 0.66484375 0.0671875 0.378125
0 0.3765625 0.64609375 0.02734375 0.16015625
0 0.57890625 0.665625 0.06171875 0.32890625
0 0.64765625 0.69609375 0.05859375 0.3203125
0 0.5 0.70390625 0.0375 0.27109375
0 0.434375 0.66796875 0.034375 0.259375
0 0.415625 0.6171875 0.0171875 0.14453125
0 0.465625 0.6828125 0.02890625 0.24765625
0 0.521875 0.55859375 0.03515625 0.06796875
0 0.840625 0.68828125 0.04609375 0.28125
0 0.76171875 0.6609375 0.04375 0.2078125
0 0.68828125 0.6265625 0.01640625 0.10390625
0 0.89453125 0.68515625 0.04765625 0.26171875