0 0.83671875 0.6359375 0.0671875 0.26171875
0 0.75390625 0.6203125 0.05234375 0.2734375
0 0.6984375 0.60390625 0.0640625 0.3609375
0 0.640625 0.5859375 0.02578125 0.153125
0 0.4484375 0.60546875 0.059375 0.31328125
0 0.3828125 0.63359375 0.05625 0.3046875
0 0.5234375 0.64140625 0.0359375 0.25859375
0 0.5859375 0.60703125 0.0328125 0.246875
0 0.60390625 0.55859375 0.01640625 0.1375
0 0.55625 0.62109375 0.02734375 0.2359375
0 0.503125 0.503125 0.03359375 0.06484375
0 0.1984375 0.6265625 0.04453125 0.26796875
0 0.27421875 0.6 0.04140625 0.1984375
0 0.34375 0.56796875 0.015625 0.0984375
0 0.146875 0.6234375 0.0453125 0.24921875