0 0.1359375 0.3875 0.13046875 0.48359375
0 0.0296875 0.3984375 0.05859375 0.41796875
0 0.30078125 0.40078125 0.08671875 0.4015625
0 0.3484375 0.38046875 0.04609375 0.23515625
0 0.48203125 0.34765625 0.0703125 0.315625
0 0.54375 0.4 0.06796875 0.3578125
0 0.6515625 0.6203125 0.14296875 0.759375
0 0.64765625 0.2296875 0.0375 0.06015625
0 0.66640625 0.228125 0.0375 0.075
0 0.73671875 0.2265625 0.07109375 0.10078125
0 0.734375 0.4796875 0.09375 0.41640625
0 0.86953125 0.42734375 0.07265625 0.384375
0 0.9640625 0.1859375 0.059375 0.09453125
0 0.934375 0.31953125 0.05234375 0.240625
0 0.97890625 0.31953125 0.0421875 0.19609375
0 0.97421875 0.67421875 0.0515625 0.6515625
0 0.68046875 0.14453125 0.02421875 0.09609375
0 0.82734375 0.1578125 0.02734375 0.103125
0 0.79375 0.14609375 0.021875 0.1078125
0 0.740625 0.1421875 0.028125 0.0671875
0 0.76875 0.14453125 0.015625 0.07734375