0 0.1296875 0.425 0.12265625 0.4859375
0 0.2046875 0.32421875 0.0796875 0.24921875
0 0.25 0.24453125 0.059375 0.1203125
0 0.31015625 0.5453125 0.10234375 0.80546875
0 0.5640625 0.58203125 0.1234375 0.76953125
0 0.584375 0.17421875 0.0703125 0.0859375
0 0.73046875 0.46171875 0.08046875 0.66484375
0 0.97265625 0.50859375 0.0546875 0.878125
0 0.89609375 0.32890625 0.078125 0.43046875
0 0.82265625 0.16484375 0.04609375 0.09921875
0 0.790625 0.22578125 0.06171875 0.22578125
0 0.5 0.215625 0.0546875 0.12109375
0 0.453125 0.22265625 0.0234375 0.08828125
0 0.4296875 0.48203125 0.12890625 0.6203125
0 0.04609375 0.215625 0.0234375 0.09140625