0 0.8703125 0.425 0.12265625 0.4859375
0 0.7953125 0.32421875 0.0796875 0.24921875
0 0.75 0.24453125 0.059375 0.1203125
0 0.68984375 0.5453125 0.10234375 0.80546875
0 0.4359375 0.58203125 0.1234375 0.76953125
0 0.415625 0.17421875 0.0703125 0.0859375
0 0.26953125 0.46171875 0.08046875 0.66484375
0 0.02734375 0.50859375 0.0546875 0.878125
0 0.10390625 0.32890625 0.078125 0.43046875
0 0.17734375 0.16484375 0.04609375 0.09921875
0 0.209375 0.22578125 0.06171875 0.22578125
0 0.5 0.215625 0.0546875 0.12109375
0 0.546875 0.22265625 0.0234375 0.08828125
0 0.5703125 0.48203125 0.12890625 0.6203125
0 0.95390625 0.215625 0.0234375 0.09140625