0 0.78984375 0.62421875 0.0625 0.24296875
0 0.7125 0.60859375 0.04921875 0.25390625
0 0.6609375 0.59453125 0.06015625 0.33515625
0 0.6078125 0.57734375 0.02421875 0.1421875
0 0.428125 0.5953125 0.0546875 0.29140625
0 0.3671875 0.621875 0.05234375 0.28359375
0 0.4984375 0.62890625 0.0328125 0.240625
0 0.55625 0.596875 0.03046875 0.2296875
0 0.5734375 0.55234375 0.01484375 0.128125
0 0.52890625 0.61015625 0.02578125 0.21953125
0 0.47890625 0.5 0.03125 0.06015625
0 0.19609375 0.61484375 0.04140625 0.2484375
0 0.26640625 0.590625 0.0390625 0.184375
0 0.33125 0.56015625 0.01484375 0.09140625
0 0.14765625 0.61171875 0.0421875 0.23125