0 0.14453125 0.38984375 0.1140625 0.42421875
0 0.03828125 0.39921875 0.0765625 0.3671875
0 0.2890625 0.4015625 0.07578125 0.35234375
0 0.33046875 0.384375 0.03984375 0.20625
0 0.44765625 0.35546875 0.0609375 0.2765625
0 0.5015625 0.40078125 0.059375 0.3140625
0 0.59765625 0.63046875 0.12421875 0.73203125
0 0.59296875 0.2515625 0.0328125 0.053125
0 0.60859375 0.25 0.0328125 0.065625
0 0.6703125 0.24921875 0.06171875 0.08828125
0 0.66875 0.47109375 0.08203125 0.365625
0 0.78671875 0.42578125 0.06328125 0.3375
0 0.86875 0.21328125 0.0515625 0.08359375
0 0.84296875 0.33046875 0.04609375 0.2109375
0 0.903125 0.33359375 0.07578125 0.171875
0 0.928125 0.65 0.14375 0.5890625
0 0.62109375 0.1765625 0.02109375 0.084375
0 0.74921875 0.18828125 0.02421875 0.090625
0 0.7203125 0.178125 0.01953125 0.09453125
0 0.6734375 0.17421875 0.025 0.05859375
0 0.6984375 0.1765625 0.0140625 0.06796875