0 0.578125 0.828125 0.053125 0.2484375
0 0.64453125 0.7734375 0.04921875 0.22578125
0 0.75625 0.775 0.03359375 0.190625
0 0.765625 0.5296875 0.03046875 0.1390625
0 0.2875 0.71015625 0.046875 0.1734375
0 0.22578125 0.6421875 0.0328125 0.171875
0 0.89453125 0.44765625 0.02890625 0.109375
0 0.86015625 0.4375 0.02421875 0.11171875
0 0.83828125 0.43046875 0.02578125 0.09921875
0 0.91640625 0.37578125 0.02421875 0.09609375
0 0.953125 0.5890625 0.028125 0.1625
0 0.77421875 0.36953125 0.025 0.10625
0 0.8421875 0.334375 0.02421875 0.06875
0 0.76796875 0.2609375 0.01328125 0.08046875
0 0.73984375 0.2359375 0.01640625 0.04921875
0 0.83515625 0.2484375 0.01640625 0.0609375
0 0.81640625 0.23671875 0.015625 0.0609375
0 0.7421875 0.18046875 0.0171875 0.05078125
0 0.72578125 0.1359375 0.025 0.03984375
0 0.71796875 0.07734375 0.0125 0.040625
0 0.73046875 0.084375 0.009375 0.0265625
0 0.78671875 0.1703125 0.02109375 0.04453125
0 0.8140625 0.2421875 0.01953125 0.08046875
0 0.8328125 0.23984375 0.025 0.07109375
0 0.01484375 0.6984375 0.0296875 0.16875
0 0.05 0.58359375 0.0203125 0.125
0 0.08828125 0.5671875 0.03984375 0.125
0 0.09453125 0.5171875 0.02890625 0.05625
0 0.02109375 0.53515625 0.02890625 0.05078125
0 0.153125 0.325 0.03125 0.10625
0 0.075 0.34296875 0.02578125 0.05859375
0 0.95234375 0.265625 0.02890625 0.06328125
0 0.8390625 0.10625 0.021875 0.0609375
0 0.88125 0.1578125 0.021875 0.059375
0 0.76171875 0.121875 0.0234375 0.03125
0 0.7828125 0.0875 0.025 0.028125
0 0.31171875 0.2 0.02109375 0.0609375
0 0.29296875 0.1953125 0.00859375 0.04375
0 0.22578125 0.1765625 0.01875 0.0453125
0 0.18046875 0.1640625 0.01015625 0.02734375
0 0.23984375 0.1546875 0.01640625 0.0359375
0 0.24453125 0.12578125 0.028125 0.03828125
0 0.15 0.228125 0.02734375 0.0484375
0 0.99609375 0.5375 0.0078125 0.1015625