0 0.14296875 0.3890625 0.1125 0.4171875
0 0.03828125 0.39921875 0.0765625 0.3609375
0 0.2859375 0.40078125 0.075 0.346875
0 0.3265625 0.38359375 0.03984375 0.203125
0 0.44296875 0.35546875 0.0609375 0.271875
0 0.49609375 0.4 0.059375 0.309375
0 0.590625 0.62578125 0.12265625 0.7203125
0 0.5859375 0.253125 0.03203125 0.05234375
0 0.60234375 0.2515625 0.03203125 0.06484375
0 0.66328125 0.25 0.06171875 0.08671875
0 0.6609375 0.46875 0.08125 0.359375
0 0.778125 0.42421875 0.06328125 0.33203125
0 0.859375 0.215625 0.05078125 0.08203125
0 0.83359375 0.33046875 0.0453125 0.2078125
0 0.89296875 0.33359375 0.075 0.16875
0 0.9203125 0.64609375 0.14453125 0.578125
0 0.6140625 0.1796875 0.02109375 0.0828125
0 0.74140625 0.190625 0.0234375 0.0890625
0 0.71171875 0.18046875 0.01875 0.09296875
0 0.66640625 0.17734375 0.02421875 0.0578125
0 0.69140625 0.1796875 0.0140625 0.06640625