0 0.93828125 0.35703125 0.01796875 0.021875
0 0.95078125 0.3578125 0.01875 0.0203125
0 0.9125 0.36171875 0.0328125 0.01875
0 0.85078125 0.36171875 0.0375 0.02578125
0 0.75 0.3625 0.0203125 0.01484375
0 0.83828125 0.36328125 0.02421875 0.028125
0 0.46171875 0.37109375 0.03203125 0.05390625
0 0.703125 0.37421875 0.02734375 0.04453125
0 0.72265625 0.37734375 0.03125 0.0359375
0 0.3375 0.3765625 0.0421875 0.10546875
0 0.7796875 0.37734375 0.02109375 0.01953125
0 0.42421875 0.38125 0.0390625 0.09296875
0 0.74140625 0.3859375 0.0296875 0.04140625
0 0.7609375 0.38984375 0.01796875 0.03828125
0 0.7765625 0.39921875 0.0296875 0.0328125