0 0.89375 0.36875 0.0171875 0.02109375
0 0.9046875 0.36953125 0.0171875 0.01875
0 0.86953125 0.37265625 0.03125 0.01796875
0 0.81015625 0.3734375 0.03515625 0.02421875
0 0.71484375 0.37421875 0.01875 0.0140625
0 0.7984375 0.37421875 0.02265625 0.0265625
0 0.44140625 0.38203125 0.03046875 0.05078125
0 0.6703125 0.38515625 0.02578125 0.0421875
0 0.6890625 0.38828125 0.0296875 0.034375
0 0.3234375 0.3875 0.03984375 0.1
0 0.74296875 0.38828125 0.0203125 0.01796875
0 0.40546875 0.39140625 0.0375 0.08828125
0 0.70625 0.39609375 0.028125 0.0390625
0 0.725 0.4 0.0171875 0.0359375
0 0.73984375 0.40859375 0.028125 0.03125