0 0.9 0.38515625 0.01796875 0.02265625
0 0.9125 0.3859375 0.01875 0.0203125
0 0.87421875 0.3890625 0.0328125 0.01875
0 0.8109375 0.38984375 0.0375 0.02578125
0 0.709375 0.390625 0.0203125 0.015625
0 0.7984375 0.39140625 0.02421875 0.02890625
0 0.4171875 0.39921875 0.0328125 0.0546875
0 0.66171875 0.40234375 0.02734375 0.04453125
0 0.68203125 0.40546875 0.03203125 0.03671875
0 0.2921875 0.4046875 0.0421875 0.10703125
0 0.73984375 0.40625 0.02109375 0.01953125
0 0.3796875 0.409375 0.03984375 0.09453125
0 0.70078125 0.4140625 0.0296875 0.0421875
0 0.72109375 0.41875 0.01875 0.03828125
0 0.73671875 0.42734375 0.03046875 0.0328125